,datetime,open,high,low,close,volume
0,2023-04-19,16.72000,16.72000,16.49000,16.59000,90500
1,2023-04-18,16.79000,16.86000,16.46000,16.59000,93800
2,2023-04-17,16.73000,16.80000,16.62000,16.74000,79500
3,2023-04-14,16.75000,17.06000,16.51000,16.74000,115600
4,2023-04-13,16.69000,16.93000,16.50000,16.81000,107200
5,2023-04-12,16.66000,16.74000,16.41000,16.59000,115900
6,2023-04-11,16.40000,16.63000,16.01000,16.48000,198600
7,2023-04-10,16.20000,16.56000,16.10000,16.41000,267800
8,2023-04-06,16.20000,16.31000,15.94000,16.23000,116300
9,2023-04-05,16.02000,16.23000,15.91000,16.12000,131800
10,2023-04-04,16.57000,16.57000,15.98000,16.07000,156800
11,2023-04-03,16.53000,16.77000,16.44000,16.52000,157900
12,2023-03-31,16.41000,16.66000,16.26000,16.59000,183500
13,2023-03-30,16.34000,16.41000,16.04000,16.24000,106300
14,2023-03-29,16.27000,16.37000,16.06000,16.19000,129800
15,2023-03-28,15.89000,16.23000,15.89000,16.17000,122800
16,2023-03-27,15.83000,16.19000,15.76000,15.96000,128200
17,2023-03-24,15.64000,15.90000,15.29000,15.68000,132900
18,2023-03-23,15.69000,16.14000,15.43000,15.50000,153100
19,2023-03-22,16.00000,16.19000,15.62000,15.64000,205900
20,2023-03-21,16.19000,16.42000,15.87000,16.03000,218400
21,2023-03-20,15.59000,16.12000,15.50000,15.80000,208700
22,2023-03-17,15.82000,15.82000,15.36000,15.41000,572000
23,2023-03-16,15.39000,16.15000,15.23000,15.75000,219700
24,2023-03-15,15.70000,15.88000,15.28000,15.55000,267800
25,2023-03-14,15.95000,17.08000,15.71000,15.82000,187600
26,2023-03-13,16.12000,16.12000,15.56000,15.61000,187000
27,2023-03-10,16.58000,16.81000,16.35000,16.40000,141500
28,2023-03-09,17.04000,17.17000,16.70000,16.72000,150700
29,2023-03-08,16.89000,17.07000,16.83000,16.98000,174500
30,2023-03-07,16.86000,16.99000,16.71000,16.84000,124600
31,2023-03-06,17.09000,17.51000,16.69000,16.86000,326400
32,2023-03-03,17.03000,17.19000,16.79000,17.09000,176700
33,2023-03-02,17.17000,17.17000,16.62000,16.82000,140200
34,2023-03-01,16.76000,17.23000,16.56000,17.02000,202000
35,2023-02-28,16.50000,16.87000,16.13000,16.73000,237400
36,2023-02-27,16.58000,16.90000,16.29000,16.54000,111100
37,2023-02-24,16.55000,16.64000,16.13000,16.27000,156500
38,2023-02-23,16.78000,17.14000,16.68000,16.89000,140300
39,2023-02-22,16.95000,17.17000,16.63000,16.70000,241000
40,2023-02-21,16.62000,17.65000,16.62000,17.11000,220800
41,2023-02-17,16.33000,17.09000,16.07000,16.91000,385000
42,2023-02-16,17.29000,17.48000,15.32000,16.27000,401500
43,2023-02-15,17.86000,18.42000,17.67000,18.37000,192000
44,2023-02-14,18.09000,18.23000,17.88000,17.93000,97500
45,2023-02-13,17.99000,18.10000,17.92000,18.10000,145400
46,2023-02-10,17.81000,18.10000,17.81000,17.96000,150700
47,2023-02-09,18.38000,18.64000,17.87000,17.96000,89200
48,2023-02-08,18.48000,18.63000,18.17000,18.30000,83800
49,2023-02-07,18.55000,18.68000,18.29000,18.58000,102500
50,2023-02-06,18.66000,18.77000,18.49000,18.55000,90400
51,2023-02-03,18.71000,19.01000,18.67000,18.73000,161300
52,2023-02-02,18.43000,18.89000,18.43000,18.84000,134200
53,2023-02-01,17.97000,18.42000,17.97000,18.36000,141500
54,2023-01-31,17.60000,18.17000,17.60000,18.10000,161900
55,2023-01-30,17.51000,17.81000,17.50000,17.52000,86700
56,2023-01-27,17.37000,17.78000,17.37000,17.60000,75200
57,2023-01-26,17.59000,17.66000,17.42000,17.53000,120300
58,2023-01-25,17.46000,17.85000,17.32000,17.57000,141600
59,2023-01-24,17.50000,17.75000,17.39000,17.57000,95400
60,2023-01-23,17.22000,17.68000,17.07000,17.62000,91900
61,2023-01-20,17.12000,17.30000,16.78000,17.22000,142400
62,2023-01-19,16.78000,17.10000,16.60000,17.02000,127100
63,2023-01-18,17.16000,17.46000,16.54000,16.90000,114800
64,2023-01-17,17.50000,17.60000,17.23000,17.26000,100200
65,2023-01-13,17.35000,17.56000,16.93000,17.42000,115200
66,2023-01-12,17.41000,17.54000,17.35000,17.40000,146100
67,2023-01-11,17.38000,17.55000,17.25000,17.30000,157600
68,2023-01-10,17.03000,17.36000,15.77000,17.29000,168200
69,2023-01-09,17.58000,17.60000,17.10000,17.11000,117000
70,2023-01-06,17.22000,17.52000,16.41000,17.44000,143400
71,2023-01-05,17.15000,17.35000,16.81000,17.12000,113100
72,2023-01-04,17.14000,17.33000,16.97000,17.15000,159600
73,2023-01-03,16.74000,17.27000,16.74000,16.94000,165700
74,2022-12-30,17.01000,17.23000,16.81000,16.90000,122900
75,2022-12-29,16.71000,17.21000,16.71000,17.09000,114400
76,2022-12-28,16.83000,17.05000,16.72000,16.73000,136900
77,2022-12-27,16.67000,17.03000,16.67000,16.85000,123500
78,2022-12-23,16.56000,16.90000,16.37000,16.83000,106200
79,2022-12-22,16.73000,16.73000,16.43000,16.58000,126500
80,2022-12-21,16.57000,17.07000,16.57000,16.86000,179000
81,2022-12-20,16.13000,16.66000,15.92000,16.50000,221000
82,2022-12-19,16.27000,16.69000,15.92000,16.03000,268900
83,2022-12-16,16.02000,16.76000,15.86000,16.45000,1415800
84,2022-12-15,16.53000,16.65000,16.08000,16.09000,383700
85,2022-12-14,16.48000,16.97000,16.44000,16.76000,249800
86,2022-12-13,16.30000,16.94000,16.30000,16.52000,494800
87,2022-12-12,15.83000,16.28000,15.67000,16.07000,271200
88,2022-12-09,15.37000,16.02000,15.31000,15.65000,184200
89,2022-12-08,15.10000,15.99000,15.07000,15.52000,205300
90,2022-12-07,16.28000,16.51000,15.23000,15.29000,273900
91,2022-12-06,17.08000,17.33000,16.92000,17.10000,223700
92,2022-12-05,16.93000,17.21000,16.93000,17.18000,103600
93,2022-12-02,16.99000,17.26000,16.77000,17.11000,96600
94,2022-12-01,17.01000,17.31000,16.85000,17.19000,101900
95,2022-11-30,16.76000,17.08000,16.23000,16.99000,177700
96,2022-11-29,16.71000,17.04000,16.69000,16.74000,104500
97,2022-11-28,16.95000,17.20000,16.68000,16.76000,156400
98,2022-11-25,16.61000,17.38000,16.56000,16.95000,81700
99,2022-11-23,17.14000,17.20000,16.63000,16.72000,77000
100,2022-11-22,16.92000,17.24000,16.80000,17.18000,101200
101,2022-11-21,16.75000,17.22000,16.49000,17.08000,118200
102,2022-11-18,17.36000,17.36000,16.66000,16.84000,125700
103,2022-11-17,16.66000,17.05000,16.62000,17.04000,110400
104,2022-11-16,16.91000,17.03000,16.54000,16.89000,112100
105,2022-11-15,16.91000,17.47000,16.75000,16.89000,229300
106,2022-11-14,17.32000,17.50000,16.18000,16.71000,285300
107,2022-11-11,18.43000,18.74000,17.61000,17.77000,339400
108,2022-11-10,16.50000,18.78000,16.50000,18.35000,287500
109,2022-11-09,15.98000,16.13000,15.72000,15.80000,131700
110,2022-11-08,16.07000,16.41000,15.89000,16.02000,201400
111,2022-11-07,16.01000,16.45000,15.87000,16.04000,143500
112,2022-11-04,15.88000,15.89000,15.49000,15.88000,112500
113,2022-11-03,15.80000,16.07000,15.53000,15.54000,115800
114,2022-11-02,16.36000,16.52000,15.79000,15.89000,117000
115,2022-11-01,16.47000,16.52000,16.23000,16.36000,186900
116,2022-10-31,15.95000,16.45000,15.93000,16.34000,147700
117,2022-10-28,15.64000,16.15000,15.50000,16.09000,164000
118,2022-10-27,15.59000,15.82000,15.39000,15.49000,153400
119,2022-10-26,15.57000,15.82000,15.31000,15.40000,125900
120,2022-10-25,15.25000,15.44000,15.12000,15.41000,121200
121,2022-10-24,15.48000,15.58000,15.18000,15.18000,95600
122,2022-10-21,15.25000,15.47000,15.06000,15.42000,145200
123,2022-10-20,14.90000,15.21000,14.79000,15.15000,151200
124,2022-10-19,14.79000,15.04000,14.49000,14.95000,173200
125,2022-10-18,14.84000,15.13000,14.80000,14.92000,102100
126,2022-10-17,14.77000,14.92000,14.61000,14.67000,137000
127,2022-10-14,14.86000,14.89000,14.41000,14.53000,133100
128,2022-10-13,14.03000,14.97000,13.94000,14.81000,160600
129,2022-10-12,14.22000,14.36000,14.05000,14.28000,134600
130,2022-10-11,14.20000,14.31000,14.05000,14.26000,152000
131,2022-10-10,13.90000,14.25000,13.90000,14.12000,96200
132,2022-10-07,13.92000,14.01000,13.64000,13.91000,158900
133,2022-10-06,14.17000,14.24000,13.85000,14.04000,107500
134,2022-10-05,14.19000,14.31000,14.11000,14.28000,81400
135,2022-10-04,14.18000,14.56000,14.18000,14.42000,131600
136,2022-10-03,13.80000,14.13000,13.76000,13.97000,87000
137,2022-09-30,13.72000,13.84000,13.56000,13.59000,170900
138,2022-09-29,13.64000,13.84000,13.41000,13.70000,141800
139,2022-09-28,13.65000,13.95000,13.59000,13.86000,218100
140,2022-09-27,13.79000,14.02000,13.53000,13.64000,153700
141,2022-09-26,13.71000,13.93000,13.56000,13.73000,176600
142,2022-09-23,13.63000,13.80000,13.48000,13.72000,156800
143,2022-09-22,14.26000,14.29000,13.78000,13.81000,109200
144,2022-09-21,14.50000,14.67000,14.29000,14.35000,128300
145,2022-09-20,14.62000,14.63000,14.35000,14.47000,142800
146,2022-09-19,14.60000,14.90000,14.43000,14.83000,121400
147,2022-09-16,14.61000,14.62000,14.33000,14.58000,367000
148,2022-09-15,14.71000,15.01000,14.53000,14.60000,157000
149,2022-09-14,14.87000,14.96000,14.63000,14.81000,172900
150,2022-09-13,15.43000,15.43000,14.81000,14.88000,162000
151,2022-09-12,15.54000,15.61000,15.33000,15.57000,141000
152,2022-09-09,15.49000,15.55000,15.24000,15.32000,117200
153,2022-09-08,15.31000,15.39000,15.03000,15.22000,140300
154,2022-09-07,15.60000,15.69000,15.43000,15.53000,138000
155,2022-09-06,16.10000,16.15000,15.21000,15.50000,298500
156,2022-09-02,16.24000,16.27000,15.80000,15.96000,229500
157,2022-09-01,16.00000,16.08000,15.74000,16.01000,192500
158,2022-08-31,16.49000,16.55000,16.09000,16.11000,234900
159,2022-08-30,17.05000,17.26000,16.53000,16.58000,166300
160,2022-08-29,16.82000,17.41000,16.70000,17.08000,249200
161,2022-08-26,17.94000,17.94000,17.02000,17.04000,142300
162,2022-08-25,16.88000,17.97000,16.78000,17.92000,235900
163,2022-08-24,17.02000,17.02000,16.61000,16.87000,156700
164,2022-08-23,17.30000,17.85000,17.08000,17.08000,154900
165,2022-08-22,17.99000,18.07000,17.74000,17.83000,190000
166,2022-08-19,18.10000,18.15000,17.76000,18.12000,233900
167,2022-08-18,18.12000,18.40000,18.09000,18.31000,135000
168,2022-08-17,18.10000,18.30000,17.64000,18.26000,250300
169,2022-08-16,17.90000,18.63000,17.74000,18.33000,272500
170,2022-08-15,18.00000,18.43000,17.20000,18.19000,381900
171,2022-08-12,20.30000,20.50000,17.18000,18.41000,464600
172,2022-08-11,22.34000,22.34000,19.87000,20.04000,197500
173,2022-08-10,22.24000,22.56000,22.02000,22.34000,141400
174,2022-08-09,21.81000,22.00000,21.47000,21.97000,211700
175,2022-08-08,21.69000,21.98000,21.57000,21.86000,100900
176,2022-08-05,21.37000,21.58000,21.29000,21.54000,86900
177,2022-08-04,21.67000,21.96000,21.11000,21.50000,214000
178,2022-08-03,21.86000,21.96000,21.61000,21.87000,119100
179,2022-08-02,22.10000,22.11000,21.63000,21.76000,104600
180,2022-08-01,21.59000,22.13000,21.30000,22.05000,152000
181,2022-07-29,21.59000,22.03000,21.52000,21.68000,163500
182,2022-07-28,21.30000,21.58000,20.98000,21.50000,164000
183,2022-07-27,21.10000,21.55000,21.08000,21.36000,146000
184,2022-07-26,21.20000,21.43000,20.91000,21.08000,197500
185,2022-07-25,20.91000,21.24000,20.88000,21.20000,178800
186,2022-07-22,21.15000,21.41000,20.67000,20.84000,134900
187,2022-07-21,21.30000,21.31000,20.94000,21.27000,122900
188,2022-07-20,21.13000,21.61000,20.95000,21.51000,140400
189,2022-07-19,20.26000,21.37000,20.26000,21.13000,149100
190,2022-07-18,19.91000,20.60000,19.91000,20.04000,133100
191,2022-07-15,19.86000,19.93000,19.41000,19.82000,93800
192,2022-07-14,19.47000,19.58000,19.11000,19.48000,86100
193,2022-07-13,19.12000,19.67000,18.92000,19.58000,103400
194,2022-07-12,19.22000,19.59000,19.20000,19.35000,88900
195,2022-07-11,19.66000,19.66000,19.18000,19.27000,62900
196,2022-07-08,19.52000,20.00000,19.50000,19.66000,87400
197,2022-07-07,19.34000,19.84000,19.34000,19.69000,82900
198,2022-07-06,19.19000,19.54000,18.87000,19.33000,109900
199,2022-07-05,19.17000,19.86000,18.82000,19.27000,171800
200,2022-07-01,19.69000,19.90000,19.18000,19.54000,163100
201,2022-06-30,18.93000,19.84000,18.84000,19.83000,183800
202,2022-06-29,19.30000,19.51000,18.78000,19.31000,123000
203,2022-06-28,19.94000,20.16000,19.31000,19.36000,117600
204,2022-06-27,19.56000,19.83000,19.31000,19.76000,209400
205,2022-06-24,18.78000,19.51000,18.35000,19.43000,421400
206,2022-06-23,18.73000,18.79000,18.02000,18.50000,150900
207,2022-06-22,18.30000,18.91000,18.30000,18.75000,181300
208,2022-06-21,17.55000,18.60000,17.50000,18.45000,231800
209,2022-06-17,17.24000,17.59000,16.73000,17.41000,942100
210,2022-06-16,17.89000,17.92000,16.86000,17.13000,300100
211,2022-06-15,18.55000,18.64000,18.05000,18.23000,169200
212,2022-06-14,17.99000,18.27000,17.89000,18.14000,164800
213,2022-06-13,18.57000,18.69000,17.85000,17.99000,163700
214,2022-06-10,19.51000,19.70000,19.00000,19.00000,180800
215,2022-06-09,19.83000,19.89000,19.59000,19.77000,120400
216,2022-06-08,19.96000,20.05000,19.61000,19.84000,118100
217,2022-06-07,19.90000,20.20000,19.58000,20.16000,175900
218,2022-06-06,19.78000,20.13000,19.53000,20.07000,157700
219,2022-06-03,19.79000,19.96000,19.53000,19.59000,97100
220,2022-06-02,19.60000,20.03000,19.49000,19.98000,110200
221,2022-06-01,20.06000,20.24000,19.48000,19.50000,217000
222,2022-05-31,19.52000,19.99000,19.41000,19.96000,207800
223,2022-05-27,19.52000,19.87000,19.40000,19.73000,129400
224,2022-05-26,19.41000,19.98000,19.18000,19.54000,125100
225,2022-05-25,19.17000,19.63000,19.17000,19.44000,98000
226,2022-05-24,19.07000,19.47000,18.72000,19.39000,92500
227,2022-05-23,18.81000,19.31000,18.78000,19.04000,156500
228,2022-05-20,19.64000,19.88000,18.39000,18.66000,142200
229,2022-05-19,19.03000,19.71000,18.62000,19.55000,233700
230,2022-05-18,19.16000,19.74000,18.99000,19.13000,225600
231,2022-05-17,18.55000,19.12000,18.55000,19.10000,139700
232,2022-05-16,17.75000,18.16000,17.57000,18.16000,292800
233,2022-05-13,17.62000,18.34000,17.32000,17.86000,219200
234,2022-05-12,19.15000,19.15000,17.18000,17.49000,195300
235,2022-05-11,18.52000,18.90000,18.25000,18.28000,134000
236,2022-05-10,19.19000,19.30000,18.37000,18.56000,140200
237,2022-05-09,18.90000,19.35000,18.87000,19.07000,120200
238,2022-05-06,19.07000,19.47000,18.82000,19.05000,79600
239,2022-05-05,19.83000,19.83000,18.93000,19.18000,99100
240,2022-05-04,19.64000,20.13000,19.41000,20.07000,81400
241,2022-05-03,19.40000,19.75000,19.23000,19.54000,121500
242,2022-05-02,19.49000,19.76000,19.01000,19.29000,144700
243,2022-04-29,20.02000,20.29000,19.23000,19.29000,167300
244,2022-04-28,19.49000,20.27000,19.34000,20.23000,285300
245,2022-04-27,20.75000,21.02000,19.33000,19.40000,166400
246,2022-04-26,20.92000,21.25000,20.63000,20.63000,238700
247,2022-04-25,21.16000,21.26000,20.46000,21.16000,245600
248,2022-04-22,21.35000,21.54000,21.14000,21.23000,169200
249,2022-04-21,21.09000,21.42000,20.90000,21.39000,140300
250,2022-04-20,21.03000,21.38000,20.87000,21.05000,164300
251,2022-04-19,20.74000,21.17000,20.74000,20.88000,142600
252,2022-04-18,20.83000,21.03000,20.44000,20.60000,171700
253,2022-04-14,21.19000,21.34000,20.80000,20.86000,184000
254,2022-04-13,21.22000,21.50000,21.05000,21.21000,234500
255,2022-04-12,21.23000,21.58000,21.11000,21.17000,203000
256,2022-04-11,20.79000,21.32000,20.79000,21.00000,164400
257,2022-04-08,21.19000,21.48000,20.92000,20.95000,140400
258,2022-04-07,20.90000,21.28000,20.82000,21.21000,114100
259,2022-04-06,20.91000,21.32000,20.79000,20.85000,114800
260,2022-04-05,21.39000,21.56000,21.05000,21.07000,123100
261,2022-04-04,21.48000,21.69000,21.21000,21.44000,115100
262,2022-04-01,21.92000,22.21000,21.38000,21.54000,145500
263,2022-03-31,21.88000,22.22000,21.62000,21.69000,212500
264,2022-03-30,22.24000,22.46000,21.84000,21.90000,113800
265,2022-03-29,21.95000,23.00000,21.95000,22.54000,225100
266,2022-03-28,22.00000,22.06000,21.45000,21.65000,109200
267,2022-03-25,21.95000,22.24000,21.57000,21.75000,137400
268,2022-03-24,21.26000,21.85000,20.96000,21.80000,138500
269,2022-03-23,22.12000,22.12000,21.17000,21.21000,124700
270,2022-03-22,21.82000,22.50000,21.79000,22.16000,179900
271,2022-03-21,22.34000,22.79000,21.85000,22.03000,236000
272,2022-03-18,21.90000,22.55000,21.66000,22.49000,1954200
273,2022-03-17,21.38000,21.83000,21.16000,21.78000,184100
274,2022-03-16,21.52000,21.70000,21.15000,21.38000,185000
275,2022-03-15,21.20000,21.63000,20.85000,21.33000,233800
276,2022-03-14,19.94000,21.17000,19.85000,21.04000,201800
277,2022-03-11,19.58000,19.98000,19.21000,19.73000,143800
278,2022-03-10,19.58000,19.66000,18.99000,19.40000,125200
279,2022-03-09,19.74000,20.05000,19.55000,19.93000,121200
280,2022-03-08,19.55000,19.75000,19.21000,19.25000,154700
281,2022-03-07,20.66000,20.66000,19.49000,19.49000,151100
282,2022-03-04,20.24000,20.99000,20.24000,20.76000,164700
283,2022-03-03,21.01000,21.10000,20.42000,20.82000,264200
284,2022-03-02,20.07000,21.20000,19.96000,20.94000,203700
285,2022-03-01,21.34000,21.59000,19.92000,20.12000,172900
286,2022-02-28,21.61000,21.76000,20.96000,21.22000,161400
287,2022-02-25,21.60000,21.92000,21.48000,21.77000,138200
288,2022-02-24,20.81000,21.64000,20.64000,21.53000,147100
289,2022-02-23,21.70000,22.00000,21.22000,21.27000,216500
290,2022-02-22,21.55000,22.04000,21.39000,21.66000,290100
291,2022-02-18,21.85000,21.96000,21.61000,21.73000,171200
292,2022-02-17,21.96000,22.28000,21.35000,21.78000,198900
293,2022-02-16,21.82000,22.31000,21.53000,22.13000,218200
294,2022-02-15,20.97000,21.98000,20.88000,21.77000,410900
295,2022-02-14,19.21000,21.06000,19.21000,20.86000,1039400
296,2022-02-11,17.32000,17.53000,17.08000,17.25000,116700
297,2022-02-10,17.16000,17.60000,17.16000,17.21000,238100
298,2022-02-09,17.59000,17.76000,17.29000,17.39000,85000
299,2022-02-08,17.01000,17.49000,17.01000,17.42000,88700
300,2022-02-07,16.95000,17.22000,16.85000,17.00000,66800
301,2022-02-04,16.92000,17.22000,16.70000,16.99000,163400
302,2022-02-03,16.90000,17.14000,16.85000,16.93000,84300
303,2022-02-02,17.14000,17.20000,16.79000,17.04000,97500
304,2022-02-01,17.11000,17.24000,16.87000,17.23000,87600
305,2022-01-31,16.55000,17.11000,16.49000,17.08000,117900
306,2022-01-28,16.62000,17.11000,16.22000,16.75000,111900
307,2022-01-27,16.92000,17.17000,16.50000,16.60000,153800
308,2022-01-26,17.39000,17.70000,16.55000,16.72000,122500
309,2022-01-25,17.23000,17.52000,16.70000,17.17000,125600
310,2022-01-24,16.59000,17.63000,16.50000,17.52000,146400
311,2022-01-21,17.21000,17.58000,16.84000,16.87000,142800
312,2022-01-20,17.43000,17.79000,17.00000,17.06000,142900
313,2022-01-19,17.71000,17.80000,17.21000,17.42000,114300
314,2022-01-18,18.34000,18.34000,17.65000,17.69000,88200
315,2022-01-14,18.02000,18.43000,17.97000,18.39000,100600
316,2022-01-13,18.12000,18.68000,18.12000,18.32000,122100
317,2022-01-12,18.08000,18.18000,17.69000,17.96000,145700
318,2022-01-11,17.90000,18.15000,17.69000,18.08000,94500
319,2022-01-10,18.01000,18.03000,17.63000,17.83000,127600
320,2022-01-07,18.21000,18.21000,17.94000,17.94000,91000
321,2022-01-06,18.25000,18.44000,18.16000,18.22000,129700
322,2022-01-05,18.31000,18.79000,18.15000,18.25000,131000
323,2022-01-04,18.00000,18.47000,17.76000,18.29000,150700
324,2022-01-03,16.79000,17.90000,16.79000,17.82000,249200
325,2021-12-31,17.16000,17.42000,16.70000,16.77000,104400
326,2021-12-30,17.10000,17.34000,17.00000,17.12000,150200
327,2021-12-29,17.38000,17.44000,17.11000,17.16000,104000
328,2021-12-28,17.45000,17.60000,17.36000,17.42000,98700
329,2021-12-27,17.20000,17.63000,17.16000,17.42000,110700
330,2021-12-23,17.15000,17.33000,16.96000,17.17000,188100
331,2021-12-22,17.07000,17.18000,16.30000,16.99000,108000
332,2021-12-21,17.18000,17.55000,17.00000,17.07000,133700
333,2021-12-20,16.82000,16.97000,16.15000,16.88000,167300
334,2021-12-17,17.60000,17.87000,17.01000,17.14000,752000
335,2021-12-16,17.97000,18.06000,17.38000,17.48000,170200
336,2021-12-15,17.40000,17.96000,17.01000,17.84000,216100
337,2021-12-14,17.18000,17.68000,17.18000,17.30000,169300
338,2021-12-13,16.98000,17.45000,16.82000,17.22000,272700
339,2021-12-10,17.15000,17.41000,16.87000,17.05000,80600
340,2021-12-09,17.12000,17.32000,16.84000,16.98000,109500
341,2021-12-08,17.60000,17.60000,17.27000,17.34000,103100
342,2021-12-07,17.23000,17.89000,16.79000,17.55000,116400
343,2021-12-06,16.87000,17.43000,16.86000,17.22000,173800
344,2021-12-03,15.89000,17.22000,15.89000,16.60000,120600
345,2021-12-02,16.42000,16.81000,16.08000,16.71000,153100
346,2021-12-01,17.35000,17.35000,15.99000,16.13000,223300
347,2021-11-30,17.06000,17.39000,16.77000,16.86000,331200
348,2021-11-29,17.56000,17.80000,17.16000,17.33000,134000
349,2021-11-26,17.76000,17.82000,17.16000,17.45000,106000
350,2021-11-24,18.20000,18.61000,17.76000,18.18000,125200
351,2021-11-23,18.00000,18.44000,17.90000,18.33000,165700
352,2021-11-22,17.71000,18.34000,17.50000,18.07000,146600
353,2021-11-19,17.39000,17.68000,17.26000,17.52000,123100
354,2021-11-18,17.78000,17.81000,17.29000,17.64000,222700
355,2021-11-17,17.93000,17.93000,17.58000,17.83000,124800
356,2021-11-16,18.00000,18.44000,17.88000,18.11000,139600
357,2021-11-15,18.77000,18.82000,18.03000,18.29000,137300
358,2021-11-12,18.84000,18.90000,18.55000,18.56000,229100
359,2021-11-11,18.98000,19.24000,18.66000,18.86000,229700
360,2021-11-10,19.00000,19.82000,17.87000,18.98000,206700
361,2021-11-09,20.53000,20.83000,20.40000,20.60000,126800
362,2021-11-08,20.82000,20.87000,20.43000,20.69000,93700
363,2021-11-05,19.34000,20.63000,19.34000,20.57000,173600
364,2021-11-04,19.51000,19.73000,19.11000,19.20000,161600
365,2021-11-03,18.59000,19.91000,18.43000,19.50000,498200
366,2021-11-02,18.85000,19.08000,18.53000,18.59000,125200
367,2021-11-01,18.17000,19.06000,18.17000,18.85000,98400
368,2021-10-29,18.10000,18.38000,17.91000,18.03000,112400
369,2021-10-28,18.33000,18.48000,18.16000,18.21000,70300
370,2021-10-27,18.53000,18.55000,18.15000,18.20000,78900
371,2021-10-26,19.17000,19.17000,18.60000,18.63000,94500
372,2021-10-25,19.19000,19.20000,18.94000,19.15000,123200
373,2021-10-22,19.43000,19.59000,19.16000,19.17000,51400
374,2021-10-21,19.17000,19.43000,19.05000,19.36000,77800
375,2021-10-20,18.97000,19.26000,18.92000,19.17000,57800
376,2021-10-19,19.40000,19.40000,18.83000,19.01000,106400
377,2021-10-18,19.60000,19.60000,19.19000,19.41000,85000
378,2021-10-15,20.06000,20.06000,19.66000,19.68000,103200
379,2021-10-14,19.67000,19.85000,19.52000,19.75000,72600
380,2021-10-13,19.81000,20.09000,19.29000,19.48000,83300
381,2021-10-12,20.00000,20.43000,19.73000,19.88000,97400
382,2021-10-11,19.73000,19.97000,19.53000,19.60000,75200
383,2021-10-08,19.60000,19.85000,19.60000,19.71000,54800
384,2021-10-07,19.29000,19.61000,19.01000,19.57000,85500
385,2021-10-06,19.26000,19.26000,18.85000,19.03000,85500
386,2021-10-05,19.37000,19.54000,19.16000,19.42000,88400
387,2021-10-04,19.29000,19.46000,19.16000,19.31000,79000
388,2021-10-01,19.08000,19.56000,19.02000,19.32000,192500
389,2021-09-30,19.58000,19.60000,18.81000,18.88000,130400
390,2021-09-29,19.64000,19.70000,19.43000,19.50000,86300
391,2021-09-28,19.78000,19.85000,19.29000,19.53000,147400
392,2021-09-27,19.52000,20.13000,19.38000,19.80000,124400
393,2021-09-24,18.96000,19.41000,18.80000,19.32000,92900
394,2021-09-23,18.80000,19.34000,18.61000,19.21000,104000
395,2021-09-22,18.97000,19.01000,18.66000,18.74000,129900
396,2021-09-21,19.26000,19.26000,18.68000,18.74000,99000
397,2021-09-20,19.13000,19.55000,18.80000,19.11000,159600
398,2021-09-17,19.85000,19.99000,19.51000,19.64000,630200
399,2021-09-16,20.52000,20.70000,20.03000,20.03000,149600
400,2021-09-15,20.02000,20.50000,19.97000,20.37000,162200
401,2021-09-14,19.66000,20.21000,19.65000,19.92000,178700
402,2021-09-13,19.23000,19.78000,19.10000,19.66000,145100
403,2021-09-10,19.46000,19.46000,19.07000,19.07000,108800
404,2021-09-09,18.66000,19.54000,18.61000,19.33000,238500
405,2021-09-08,19.01000,19.18000,18.58000,18.69000,275200
406,2021-09-07,19.74000,19.74000,18.92000,18.96000,131700
407,2021-09-03,19.89000,21.07000,19.51000,19.68000,98100
408,2021-09-02,20.03000,20.07000,19.70000,19.89000,118600
409,2021-09-01,19.52000,20.00000,19.11000,19.91000,116400
410,2021-08-31,19.85000,20.04000,19.40000,19.44000,171000
411,2021-08-30,20.27000,20.98000,19.81000,19.87000,126400
412,2021-08-27,19.57000,20.13000,19.46000,20.02000,385100
413,2021-08-26,20.21000,20.31000,19.47000,19.56000,164600
414,2021-08-25,20.27000,20.37000,20.10000,20.15000,93700
415,2021-08-24,20.58000,20.59000,20.19000,20.24000,89100
416,2021-08-23,20.65000,20.67000,20.27000,20.53000,106500
417,2021-08-20,20.04000,20.55000,19.93000,20.29000,190000
418,2021-08-19,20.33000,21.22000,19.93000,20.17000,103300
419,2021-08-18,20.43000,21.08000,20.43000,20.63000,102900
420,2021-08-17,21.03000,21.09000,20.36000,20.54000,138000
421,2021-08-16,22.06000,22.21000,21.34000,21.34000,166700
422,2021-08-13,23.13000,23.55000,22.25000,22.33000,120000
423,2021-08-12,25.00000,25.00000,23.12000,23.31000,130600
424,2021-08-11,23.56000,24.06000,23.35000,23.91000,122400
425,2021-08-10,23.09000,23.49000,22.61000,23.47000,229800
426,2021-08-09,22.65000,22.83000,22.20000,22.36000,71400
427,2021-08-06,22.84000,22.97000,22.45000,22.67000,138200
428,2021-08-05,21.68000,22.79000,21.68000,22.56000,229200
429,2021-08-04,21.85000,22.18000,21.48000,21.54000,109000
430,2021-08-03,22.00000,22.21000,21.66000,22.15000,129700
431,2021-08-02,22.05000,22.48000,21.91000,21.96000,110100
432,2021-07-30,22.21000,22.35000,21.85000,21.92000,76500
433,2021-07-29,22.46000,22.53000,22.19000,22.23000,70900
434,2021-07-28,21.92000,22.19000,21.54000,22.03000,84000
435,2021-07-27,21.67000,21.86000,21.13000,21.85000,100800
436,2021-07-26,21.53000,21.96000,21.44000,21.67000,95100
437,2021-07-23,21.24000,21.57000,20.92000,21.48000,78300
438,2021-07-22,21.64000,21.64000,20.97000,21.02000,103200
439,2021-07-21,21.49000,22.16000,21.49000,21.75000,125400
440,2021-07-20,20.92000,21.80000,20.75000,21.28000,144600
441,2021-07-19,21.03000,21.29000,20.53000,20.75000,114800
442,2021-07-16,22.05000,23.18000,21.56000,21.58000,98400
443,2021-07-15,22.10000,22.15000,21.67000,21.97000,66400
444,2021-07-14,22.23000,22.41000,22.00000,22.28000,105000
445,2021-07-13,22.55000,22.87000,22.05000,22.13000,75600
446,2021-07-12,22.43000,22.58000,22.18000,22.55000,87200
447,2021-07-09,22.25000,22.74000,22.22000,22.55000,90300
448,2021-07-08,22.20000,22.48000,21.77000,21.93000,138300
449,2021-07-07,22.77000,23.13000,22.32000,22.41000,127000
450,2021-07-06,23.63000,23.69000,22.34000,22.77000,197200
451,2021-07-02,24.18000,24.59000,23.29000,23.31000,115100
452,2021-07-01,24.25000,24.45000,24.08000,24.25000,159200
453,2021-06-30,24.11000,24.23000,23.83000,23.97000,77000
454,2021-06-29,24.33000,24.57000,24.04000,24.12000,102300
455,2021-06-28,25.18000,25.18000,24.16000,24.31000,102400
456,2021-06-25,25.07000,25.60000,24.61000,25.22000,355200
457,2021-06-24,24.67000,24.96000,23.91000,24.93000,75600
458,2021-06-23,24.68000,24.82000,24.04000,24.49000,121600
459,2021-06-22,24.74000,24.81000,24.05000,24.57000,102000
460,2021-06-21,23.78000,24.78000,23.78000,24.69000,158400
461,2021-06-18,24.22000,24.22000,23.35000,23.53000,657900
462,2021-06-17,25.17000,25.33000,24.41000,24.66000,138500
463,2021-06-16,25.22000,25.26000,24.94000,25.17000,107500
464,2021-06-15,25.01000,25.32000,24.68000,25.32000,84700
465,2021-06-14,25.16000,25.22000,24.89000,24.97000,88900
466,2021-06-11,25.27000,25.48000,25.01000,25.17000,77800
467,2021-06-10,25.40000,25.53000,25.24000,25.27000,104900
468,2021-06-09,25.44000,25.50000,24.97000,25.13000,118600
469,2021-06-08,25.26000,25.77000,25.25000,25.50000,109000
470,2021-06-07,25.39000,25.48000,25.14000,25.34000,142000
471,2021-06-04,25.61000,25.61000,25.02000,25.24000,103400
472,2021-06-03,25.41000,25.50000,25.19000,25.44000,161400
473,2021-06-02,25.89000,26.10000,25.02000,25.38000,153700
474,2021-06-01,25.89000,26.26000,25.59000,25.79000,134100
475,2021-05-28,26.18000,26.35000,25.34000,25.67000,97900
476,2021-05-27,25.51000,26.16000,24.93000,26.15000,197700
477,2021-05-26,24.85000,25.42000,24.85000,25.30000,97900
478,2021-05-25,25.14000,25.34000,24.85000,24.85000,128400
479,2021-05-24,25.00000,25.64000,24.94000,25.30000,150500
480,2021-05-21,24.99000,25.43000,24.82000,24.95000,130700
481,2021-05-20,24.80000,25.46000,24.59000,24.76000,101900
482,2021-05-19,25.15000,25.17000,24.29000,24.79000,118000
483,2021-05-18,25.40000,25.98000,25.36000,25.42000,134000
484,2021-05-17,25.63000,26.26000,25.45000,25.46000,180800
485,2021-05-14,25.50000,25.71000,25.25000,25.63000,116200
486,2021-05-13,24.41000,25.40000,23.54000,25.09000,155800
487,2021-05-12,25.45000,25.76000,24.73000,25.02000,189200
488,2021-05-11,25.85000,26.20000,25.36000,25.39000,107900
489,2021-05-10,26.63000,26.81000,26.28000,26.28000,152000
490,2021-05-07,26.81000,26.98000,26.21000,26.51000,126600
491,2021-05-06,26.03000,26.58000,25.88000,26.51000,168200
492,2021-05-05,26.18000,26.56000,25.86000,26.00000,177500
493,2021-05-04,25.55000,26.28000,25.26000,26.16000,196100
494,2021-05-03,25.26000,25.80000,24.81000,25.67000,247500
495,2021-04-30,24.74000,25.18000,24.50000,25.05000,253700
496,2021-04-29,24.64000,24.85000,24.12000,24.74000,315000
497,2021-04-28,24.50000,24.94000,24.40000,24.64000,107300
498,2021-04-27,23.56000,24.56000,23.50000,24.50000,187500
499,2021-04-26,23.73000,24.08000,23.47000,23.47000,126000
500,2021-04-23,23.36000,23.88000,23.27000,23.72000,111800
501,2021-04-22,23.46000,23.66000,23.19000,23.33000,112500
502,2021-04-21,23.00000,23.38000,22.72000,23.32000,73800
503,2021-04-20,23.61000,23.79000,22.87000,23.11000,99100
504,2021-04-19,23.85000,23.85000,23.09000,23.61000,129800
505,2021-04-16,23.92000,24.09000,23.46000,23.82000,128500
506,2021-04-15,23.92000,23.92000,23.18000,23.74000,92600
507,2021-04-14,23.34000,23.81000,23.34000,23.70000,193200
508,2021-04-13,23.08000,23.39000,22.88000,23.34000,95800
509,2021-04-12,23.15000,23.17000,22.72000,23.04000,114800
510,2021-04-09,22.80000,23.11000,22.59000,22.94000,150300
511,2021-04-08,22.76000,24.10000,22.52000,22.80000,161400
512,2021-04-07,23.46000,23.46000,22.51000,22.69000,185300
513,2021-04-06,23.75000,23.93000,23.33000,23.34000,122500
514,2021-04-05,23.99000,24.05000,23.22000,23.63000,189200
515,2021-04-01,22.35000,23.90000,22.04000,23.84000,266700
516,2021-03-31,22.09000,22.85000,22.09000,22.27000,396000
517,2021-03-30,22.14000,22.45000,22.01000,22.16000,202300
518,2021-03-29,22.11000,22.70000,21.74000,22.00000,383100
519,2021-03-26,21.97000,22.37000,21.50000,22.33000,183500
520,2021-03-25,21.57000,21.78000,20.73000,21.72000,156700
521,2021-03-24,20.60000,21.70000,20.60000,20.87000,229700
522,2021-03-23,20.58000,20.87000,20.10000,20.46000,237100
523,2021-03-22,21.84000,22.02000,20.61000,20.87000,385200
524,2021-03-19,22.15000,22.15000,21.51000,21.82000,1470900
525,2021-03-18,22.00000,22.60000,21.72000,22.32000,373400
526,2021-03-17,21.88000,22.14000,21.69000,22.00000,258500
527,2021-03-16,22.13000,22.23000,21.64000,21.85000,342600
528,2021-03-15,22.47000,22.47000,21.50000,22.24000,289200
529,2021-03-12,21.75000,22.57000,21.22000,22.53000,272600
530,2021-03-11,21.70000,21.71000,21.13000,21.62000,228000
531,2021-03-10,21.48000,21.77000,21.25000,21.60000,220400
532,2021-03-09,22.55000,22.84000,21.33000,21.47000,231600
533,2021-03-08,22.26000,22.85000,22.10000,22.55000,406900
534,2021-03-05,22.00000,22.35000,21.77000,22.00000,352100
535,2021-03-04,21.73000,22.28000,21.26000,21.80000,212000
536,2021-03-03,21.23000,22.20000,21.18000,21.83000,156700
537,2021-03-02,21.11000,21.90000,20.82000,21.03000,219300
538,2021-03-01,21.39000,21.64000,21.00000,21.10000,247100
539,2021-02-26,21.31000,21.50000,20.65000,20.82000,231100
540,2021-02-25,21.92000,22.22000,21.00000,21.29000,229100
541,2021-02-24,22.22000,22.44000,21.71000,21.90000,206500
542,2021-02-23,20.70000,21.95000,20.68000,21.70000,453500
543,2021-02-22,20.83000,21.10000,20.49000,20.70000,714100
544,2021-02-19,20.40000,20.52000,20.16000,20.37000,99100
545,2021-02-18,21.12000,21.76000,20.41000,20.43000,118200
546,2021-02-17,20.90000,21.06000,20.49000,20.76000,74600
547,2021-02-16,21.32000,22.49000,20.96000,21.02000,81200
548,2021-02-12,21.40000,21.51000,20.84000,21.09000,83200
549,2021-02-11,21.77000,22.16000,21.55000,21.75000,147100
550,2021-02-10,21.70000,21.92000,21.52000,21.65000,226400
551,2021-02-09,21.44000,21.77000,21.04000,21.71000,90800
552,2021-02-08,20.63000,21.51000,20.52000,21.41000,109800
553,2021-02-05,20.88000,20.88000,20.22000,20.43000,70000
554,2021-02-04,19.85000,20.67000,19.51000,20.60000,71500
555,2021-02-03,19.82000,20.05000,19.20000,19.99000,119900
556,2021-02-02,20.48000,20.48000,19.40000,19.52000,103000
557,2021-02-01,19.78000,20.22000,19.36000,20.13000,123700
558,2021-01-29,19.13000,20.34000,19.13000,19.52000,179100
559,2021-01-28,20.00000,20.12000,19.62000,19.75000,183500
560,2021-01-27,20.12000,20.27000,19.41000,19.74000,196400
561,2021-01-26,21.49000,21.49000,20.71000,20.75000,48500
562,2021-01-25,21.35000,21.48000,20.51000,21.30000,180300
563,2021-01-22,20.77000,21.40000,20.70000,21.34000,127800
564,2021-01-21,21.33000,21.45000,20.76000,21.03000,133300
565,2021-01-20,21.20000,21.59000,21.01000,21.33000,95900
566,2021-01-19,21.53000,22.23000,21.08000,21.18000,110400
567,2021-01-15,21.46000,22.03000,21.19000,21.26000,97000
568,2021-01-14,21.54000,22.09000,21.54000,21.83000,111400
569,2021-01-13,21.49000,21.73000,21.07000,21.26000,138800
570,2021-01-12,21.00000,21.63000,20.72000,21.59000,98000
571,2021-01-11,20.71000,21.22000,20.10000,20.91000,105300
572,2021-01-08,22.13000,22.13000,20.80000,21.11000,115600
573,2021-01-07,22.21000,22.21000,21.51000,21.90000,141200
574,2021-01-06,20.95000,22.28000,20.61000,22.14000,270200
575,2021-01-05,20.05000,20.96000,20.05000,20.59000,137700
576,2021-01-04,20.60000,20.60000,19.55000,20.06000,140300
577,2020-12-31,20.57000,20.92000,20.44000,20.57000,83500
578,2020-12-30,20.64000,21.11000,20.55000,20.62000,36600
579,2020-12-29,20.75000,21.19000,20.40000,20.65000,59100
580,2020-12-28,20.91000,21.27000,20.76000,20.92000,103000
581,2020-12-24,20.58000,20.91000,20.34000,20.83000,35500
582,2020-12-23,19.90000,20.59000,19.90000,20.50000,92800
583,2020-12-22,19.85000,20.07000,19.61000,19.90000,106500
584,2020-12-21,20.09000,20.45000,19.43000,19.95000,242400
585,2020-12-18,21.22000,21.31000,20.27000,20.47000,513400
586,2020-12-17,21.49000,21.67000,20.42000,21.10000,115700
587,2020-12-16,21.57000,22.10000,21.10000,21.52000,163400
588,2020-12-15,21.26000,21.58000,20.78000,21.41000,150300
589,2020-12-14,22.49000,22.87000,21.05000,21.09000,196800
590,2020-12-11,21.92000,22.50000,21.73000,22.17000,87600
591,2020-12-10,22.36000,22.53000,21.52000,22.10000,105800
592,2020-12-09,22.88000,23.00000,22.34000,22.68000,104900
593,2020-12-08,22.49000,22.97000,22.39000,22.90000,169300
594,2020-12-07,22.30000,22.98000,22.09000,22.59000,101900
595,2020-12-04,22.04000,23.00000,22.00000,22.93000,134900
596,2020-12-03,21.47000,22.02000,21.15000,21.81000,152100
597,2020-12-02,21.11000,21.42000,20.93000,21.26000,127600
598,2020-12-01,20.86000,21.46000,20.60000,21.32000,213700
599,2020-11-30,21.36000,21.53000,20.27000,20.46000,236900
600,2020-11-27,21.61000,21.93000,21.09000,21.60000,85900
601,2020-11-25,21.78000,21.90000,21.30000,21.61000,96400
602,2020-11-24,21.54000,22.26000,20.47000,22.02000,135100
603,2020-11-23,20.88000,21.29000,20.65000,21.17000,107700
604,2020-11-20,20.57000,20.85000,20.28000,20.54000,141000
605,2020-11-19,21.22000,21.22000,20.29000,20.83000,124200
606,2020-11-18,21.44000,21.78000,21.27000,21.39000,137300
607,2020-11-17,21.05000,21.43000,20.55000,21.24000,137100
608,2020-11-16,21.30000,21.65000,20.93000,21.35000,154300
609,2020-11-13,20.37000,20.82000,20.06000,20.66000,162600
610,2020-11-12,20.40000,20.66000,19.92000,20.16000,192100
611,2020-11-11,21.40000,21.61000,20.18000,20.71000,120300
612,2020-11-10,21.08000,21.58000,20.74000,21.20000,258200
613,2020-11-09,19.23000,21.08000,19.23000,20.72000,451800
614,2020-11-06,19.12000,19.12000,17.84000,18.13000,134700
615,2020-11-05,18.61000,19.35000,18.53000,18.90000,97200
616,2020-11-04,18.88000,19.23000,18.23000,18.31000,86100
617,2020-11-03,19.17000,19.63000,18.91000,19.39000,105000
618,2020-11-02,17.15000,18.96000,17.15000,18.78000,207200
619,2020-10-30,17.75000,17.90000,17.18000,17.38000,129700
620,2020-10-29,16.88000,17.99000,16.63000,17.91000,156200
621,2020-10-28,17.81000,18.04000,17.00000,17.02000,134100
622,2020-10-27,18.70000,18.75000,18.22000,18.33000,155100
623,2020-10-26,19.17000,19.47000,18.47000,18.76000,201000
624,2020-10-23,19.75000,19.75000,19.33000,19.51000,113400
625,2020-10-22,19.28000,19.60000,19.19000,19.54000,129800
626,2020-10-21,19.46000,19.60000,19.09000,19.16000,96900
627,2020-10-20,19.42000,19.55000,19.18000,19.37000,110500
628,2020-10-19,19.09000,19.58000,18.92000,19.16000,103300
629,2020-10-16,18.44000,19.23000,18.27000,19.10000,133300
630,2020-10-15,17.94000,18.51000,17.85000,18.50000,134700
631,2020-10-14,18.40000,18.71000,18.14000,18.29000,101500
632,2020-10-13,18.49000,18.97000,18.18000,18.38000,104200
633,2020-10-12,18.57000,19.06000,18.37000,18.98000,114800
634,2020-10-09,18.92000,18.94000,18.45000,18.55000,89900
635,2020-10-08,18.52000,18.73000,18.26000,18.69000,116200
636,2020-10-07,18.09000,18.39000,17.72000,18.32000,187300
637,2020-10-06,17.86000,18.23000,17.61000,17.91000,203300
638,2020-10-05,17.18000,17.63000,17.18000,17.60000,96200
639,2020-10-02,16.42000,17.09000,15.56000,17.04000,117400
640,2020-10-01,17.05000,17.21000,16.77000,16.87000,75000
641,2020-09-30,17.04000,17.55000,16.95000,17.04000,256000
642,2020-09-29,16.83000,16.96000,16.67000,16.89000,98800
643,2020-09-28,16.50000,16.98000,16.50000,16.89000,103300
644,2020-09-25,16.09000,16.37000,16.01000,16.31000,109800
645,2020-09-24,16.08000,16.47000,15.69000,16.24000,143400
646,2020-09-23,16.46000,16.69000,15.96000,16.04000,112700
647,2020-09-22,16.74000,16.86000,16.20000,16.33000,125800
648,2020-09-21,17.14000,17.26000,15.87000,16.59000,142800
649,2020-09-18,17.38000,17.77000,17.00000,17.56000,553400
650,2020-09-17,16.80000,17.41000,16.64000,17.22000,168400
651,2020-09-16,16.88000,17.26000,16.49000,16.97000,131900
652,2020-09-15,17.21000,17.27000,16.80000,16.87000,70600
653,2020-09-14,17.00000,17.34000,16.94000,17.03000,103900
654,2020-09-11,17.16000,17.25000,16.81000,16.88000,102400
655,2020-09-10,17.29000,17.40000,17.06000,17.07000,127000
656,2020-09-09,17.55000,17.60000,16.94000,17.22000,146800
657,2020-09-08,18.05000,18.05000,17.11000,17.36000,181600
658,2020-09-04,18.76000,18.96000,18.16000,18.36000,107100
659,2020-09-03,19.21000,19.45000,18.32000,18.39000,102000
660,2020-09-02,19.10000,19.33000,18.93000,19.20000,111800
661,2020-09-01,18.79000,19.39000,18.76000,19.28000,103800
662,2020-08-31,19.30000,19.30000,18.91000,18.99000,224200
663,2020-08-28,19.43000,19.43000,19.12000,19.31000,165100
664,2020-08-27,19.41000,19.47000,18.51000,19.26000,128000
665,2020-08-26,19.67000,19.89000,19.07000,19.20000,192000
666,2020-08-25,19.49000,19.81000,19.13000,19.46000,154400
667,2020-08-24,18.76000,19.46000,18.57000,19.44000,140700
668,2020-08-21,18.36000,18.77000,18.36000,18.62000,173500
669,2020-08-20,17.96000,18.59000,17.96000,18.53000,157200
670,2020-08-19,18.15000,18.55000,18.06000,18.27000,86400
671,2020-08-18,18.27000,18.30000,18.03000,18.18000,107000
672,2020-08-17,18.03000,18.49000,17.91000,18.36000,111600
673,2020-08-14,17.65000,18.29000,17.25000,18.08000,117400
674,2020-08-13,18.47000,18.52000,17.76000,17.91000,123300
675,2020-08-12,19.18000,19.37000,18.41000,18.63000,139100
676,2020-08-11,18.32000,19.20000,18.10000,19.18000,414800
677,2020-08-10,17.10000,17.91000,17.10000,17.90000,127500
678,2020-08-07,16.71000,17.06000,16.55000,16.96000,117800
679,2020-08-06,16.77000,16.99000,15.90000,16.72000,176000
680,2020-08-05,15.40000,16.00000,15.22000,15.87000,189200
681,2020-08-04,15.02000,15.39000,14.77000,15.13000,101200
682,2020-08-03,14.88000,15.20000,14.75000,15.04000,99600
683,2020-07-31,15.08000,15.18000,14.50000,14.81000,126200
684,2020-07-30,15.05000,15.24000,14.87000,15.22000,88100
685,2020-07-29,14.96000,15.51000,14.96000,15.40000,140200
686,2020-07-28,14.74000,15.25000,14.68000,14.86000,100800
687,2020-07-27,15.08000,15.39000,14.84000,14.89000,86800
688,2020-07-24,15.58000,15.58000,15.15000,15.15000,77600
689,2020-07-23,15.26000,15.80000,15.24000,15.58000,170100
690,2020-07-22,15.58000,15.83000,15.09000,15.33000,205200
691,2020-07-21,15.32000,15.91000,15.02000,15.58000,104500
692,2020-07-20,15.40000,15.63000,14.98000,15.12000,124800
693,2020-07-17,15.47000,15.59000,15.28000,15.54000,113800
694,2020-07-16,15.45000,15.74000,15.14000,15.45000,182600
695,2020-07-15,14.81000,15.69000,14.81000,15.59000,213400
696,2020-07-14,14.23000,14.53000,13.69000,14.33000,102600
697,2020-07-13,14.30000,14.55000,13.78000,14.29000,123600
698,2020-07-10,13.73000,14.28000,13.64000,14.09000,90400
699,2020-07-09,14.09000,14.09000,13.55000,13.76000,132900
700,2020-07-08,14.90000,15.07000,13.98000,14.27000,192300
701,2020-07-07,15.13000,15.13000,14.63000,15.00000,230300
702,2020-07-06,15.43000,15.54000,15.04000,15.34000,145400
703,2020-07-02,15.16000,15.66000,14.90000,15.05000,150200
704,2020-07-01,15.88000,16.25000,14.50000,14.77000,209900
705,2020-06-30,15.26000,15.98000,15.17000,15.82000,182700
706,2020-06-29,14.84000,15.66000,14.72000,15.38000,142700
707,2020-06-26,15.16000,15.33000,14.42000,14.88000,336700
708,2020-06-25,14.50000,15.22000,14.25000,15.21000,218500
709,2020-06-24,14.63000,14.64000,13.75000,14.20000,372900
710,2020-06-23,15.28000,15.40000,14.60000,14.93000,177600
711,2020-06-22,14.69000,15.06000,14.58000,15.02000,188200
712,2020-06-19,15.09000,15.30000,14.73000,15.00000,361500
713,2020-06-18,14.62000,15.30000,14.55000,15.03000,180700
714,2020-06-17,15.44000,15.44000,14.80000,15.03000,151700
715,2020-06-16,16.00000,16.19000,15.26000,15.48000,157600
716,2020-06-15,14.64000,15.45000,14.10000,15.22000,166000
717,2020-06-12,14.84000,15.00000,14.02000,14.50000,183000
718,2020-06-11,14.46000,14.74000,13.99000,14.12000,174700
719,2020-06-10,17.07000,17.12000,15.23000,15.23000,229100
720,2020-06-09,17.50000,17.79000,16.93000,17.26000,127000
721,2020-06-08,17.80000,18.18000,17.58000,17.99000,237100
722,2020-06-05,16.87000,18.00000,16.87000,17.56000,267200
723,2020-06-04,15.69000,16.32000,15.59000,16.12000,204200
724,2020-06-03,15.41000,16.14000,15.14000,15.87000,144700
725,2020-06-02,15.01000,15.35000,14.83000,15.02000,146100
726,2020-06-01,15.07000,15.45000,14.79000,14.82000,203900
727,2020-05-29,15.44000,15.44000,14.73000,14.99000,239800
728,2020-05-28,16.02000,17.00000,15.55000,15.76000,407600
729,2020-05-27,15.38000,15.83000,14.79000,15.75000,191000
730,2020-05-26,14.27000,15.07000,14.27000,14.86000,245900
731,2020-05-22,14.32000,14.32000,13.56000,13.70000,99200
732,2020-05-21,14.20000,14.74000,14.11000,14.21000,160200
733,2020-05-20,14.09000,14.49000,14.07000,14.22000,182000
734,2020-05-19,14.06000,14.46000,13.74000,13.76000,232200
735,2020-05-18,12.45000,14.17000,12.44000,14.11000,421400
736,2020-05-15,11.53000,11.88000,11.44000,11.84000,189300
737,2020-05-14,11.60000,11.73000,11.01000,11.58000,270800
738,2020-05-13,12.04000,12.82000,11.64000,11.89000,271100
739,2020-05-12,12.95000,13.28000,12.13000,12.16000,274100
740,2020-05-11,13.79000,13.79000,12.62000,13.00000,246800
741,2020-05-08,12.65000,14.04000,12.55000,13.84000,325400
742,2020-05-07,12.81000,12.81000,12.40000,12.65000,218800
743,2020-05-06,13.85000,13.88000,12.74000,12.81000,331600
744,2020-05-05,13.80000,14.53000,13.77000,13.84000,260800
745,2020-05-04,13.29000,14.74000,13.29000,13.65000,270300
746,2020-05-01,15.08000,15.61000,14.75000,15.27000,253200
747,2020-04-30,15.39000,15.56000,14.85000,15.45000,337600
748,2020-04-29,15.67000,16.03000,15.31000,15.77000,257400
749,2020-04-28,15.16000,15.55000,15.11000,15.21000,138300
750,2020-04-27,13.83000,14.85000,13.83000,14.69000,187600
751,2020-04-24,13.93000,14.09000,13.46000,13.73000,137900
752,2020-04-23,13.53000,13.98000,13.40000,13.81000,326600
753,2020-04-22,13.62000,14.02000,13.32000,13.36000,267900
754,2020-04-21,13.37000,13.61000,13.05000,13.33000,221000
755,2020-04-20,13.48000,14.00000,13.27000,13.77000,177300
756,2020-04-17,13.13000,14.05000,13.11000,13.71000,191100
757,2020-04-16,12.79000,13.53000,12.15000,12.58000,264000
758,2020-04-15,13.60000,13.83000,12.99000,13.46000,181300
759,2020-04-14,14.60000,14.60000,13.79000,14.16000,259200
760,2020-04-13,14.32000,14.64000,14.27000,14.58000,201800
761,2020-04-09,14.00000,14.56000,13.71000,14.40000,214600
762,2020-04-08,13.24000,13.65000,12.63000,13.60000,181000
763,2020-04-07,13.00000,13.67000,12.65000,12.93000,421500
764,2020-04-06,12.11000,12.66000,11.75000,12.61000,217400
765,2020-04-03,12.32000,12.43000,11.10000,11.71000,295400
766,2020-04-02,12.02000,12.81000,12.02000,12.29000,156600
767,2020-04-01,12.18000,12.49000,11.71000,12.03000,227400
768,2020-03-31,12.52000,13.11000,12.42000,12.69000,431100
769,2020-03-30,11.98000,12.66000,11.56000,12.56000,215000
770,2020-03-27,12.01000,12.42000,11.61000,11.86000,285100
771,2020-03-26,11.30000,12.60000,11.02000,12.44000,338300
772,2020-03-25,11.00000,11.90000,10.64000,11.25000,475700
773,2020-03-24,10.92000,11.41000,10.28000,10.92000,247000
774,2020-03-23,12.46000,12.48000,10.13000,10.45000,312100
775,2020-03-20,13.00000,13.27000,12.05000,12.47000,501100
776,2020-03-19,11.83000,13.28000,11.25000,13.23000,580000
777,2020-03-18,11.61000,12.55000,11.56000,11.83000,357500
778,2020-03-17,11.86000,12.31000,10.92000,12.24000,581800
779,2020-03-16,12.57000,12.59000,11.24000,11.56000,314100
780,2020-03-13,12.40000,12.93000,11.56000,12.93000,349100
781,2020-03-12,13.13000,13.71000,11.28000,11.73000,519900
782,2020-03-11,14.70000,14.83000,13.95000,14.11000,160500
783,2020-03-10,15.03000,15.19000,14.18000,15.07000,279500
784,2020-03-09,14.77000,15.29000,14.20000,14.62000,257100
785,2020-03-06,15.05000,15.72000,15.03000,15.67000,187000
786,2020-03-05,15.94000,16.14000,15.22000,15.53000,316700
787,2020-03-04,16.03000,16.43000,15.85000,16.40000,232400
788,2020-03-03,16.44000,16.52000,15.46000,15.82000,186000
789,2020-03-02,16.64000,16.80000,16.15000,16.45000,186300
790,2020-02-28,16.69000,17.47000,16.23000,16.61000,328800
791,2020-02-27,16.55000,17.77000,16.23000,17.24000,387900
792,2020-02-26,17.74000,17.74000,16.85000,16.93000,178300
793,2020-02-25,18.36000,18.46000,17.43000,17.60000,433200
794,2020-02-24,18.74000,18.79000,18.36000,18.37000,234900
795,2020-02-21,19.24000,19.54000,18.42000,19.42000,1224500
796,2020-02-20,18.87000,19.88000,18.82000,19.37000,280700
797,2020-02-19,19.15000,19.35000,18.00000,18.87000,459000
798,2020-02-18,20.19000,20.19000,19.16000,19.18000,256600
799,2020-02-14,20.97000,21.46000,20.05000,20.19000,264500
800,2020-02-13,19.00000,21.41000,18.68000,20.63000,545000
801,2020-02-12,17.92000,18.55000,17.84000,18.18000,224800
802,2020-02-11,17.18000,17.93000,17.18000,17.82000,191600
803,2020-02-10,17.22000,17.28000,16.97000,17.14000,172500
804,2020-02-07,17.46000,17.62000,17.17000,17.28000,155500
805,2020-02-06,18.24000,18.28000,17.59000,17.61000,149200
806,2020-02-05,17.37000,18.29000,17.29000,18.14000,222200
807,2020-02-04,17.60000,17.69000,17.10000,17.14000,230600
808,2020-02-03,17.94000,17.94000,17.06000,17.35000,307600
809,2020-01-31,18.90000,18.90000,17.76000,17.76000,222500
810,2020-01-30,18.60000,18.91000,18.22000,18.90000,151500
811,2020-01-29,19.64000,19.70000,18.73000,18.75000,160000
812,2020-01-28,19.72000,19.74000,19.42000,19.64000,170400
813,2020-01-27,19.78000,19.92000,19.44000,19.63000,167800
814,2020-01-24,20.74000,20.74000,19.96000,20.05000,162000
815,2020-01-23,20.78000,20.78000,20.11000,20.68000,389100
816,2020-01-22,21.39000,21.67000,20.84000,20.88000,130200
817,2020-01-21,21.89000,21.89000,21.30000,21.40000,203500
818,2020-01-17,22.45000,22.45000,21.92000,21.99000,110200
819,2020-01-16,22.20000,22.57000,22.19000,22.30000,74400
820,2020-01-15,22.05000,22.27000,21.86000,22.00000,105800
821,2020-01-14,22.13000,22.25000,22.01000,22.08000,114800
822,2020-01-13,21.85000,22.27000,21.83000,22.21000,139300
823,2020-01-10,21.89000,21.96000,21.49000,21.85000,125500
824,2020-01-09,22.15000,22.23000,21.89000,21.92000,110800
825,2020-01-08,22.02000,22.09000,21.89000,22.05000,136700
826,2020-01-07,22.01000,22.08000,21.83000,22.00000,88100
827,2020-01-06,22.30000,22.37000,22.03000,22.09000,156500
828,2020-01-03,22.18000,22.46000,22.15000,22.38000,125800
829,2020-01-02,22.73000,22.77000,22.26000,22.45000,123400
830,2019-12-31,22.25000,22.62000,22.18000,22.58000,142700
831,2019-12-30,22.16000,22.42000,22.03000,22.30000,110000
832,2019-12-27,22.34000,22.34000,22.10000,22.21000,65400
833,2019-12-26,22.67000,22.88000,22.21000,22.28000,60500
834,2019-12-24,22.75000,22.84000,22.58000,22.73000,45700
835,2019-12-23,22.91000,22.97000,22.57000,22.79000,101300
836,2019-12-20,22.73000,22.95000,22.61000,22.90000,564500
837,2019-12-19,22.59000,22.76000,22.41000,22.65000,171300
838,2019-12-18,22.68000,22.69000,22.41000,22.57000,120100
839,2019-12-17,22.29000,22.61000,22.26000,22.58000,182700
840,2019-12-16,22.24000,22.86000,22.21000,22.23000,206000
841,2019-12-13,21.92000,22.27000,21.76000,22.18000,166600
842,2019-12-12,21.57000,22.00000,21.48000,21.89000,177100
843,2019-12-11,21.66000,21.73000,21.44000,21.65000,102100
844,2019-12-10,22.14000,22.14000,21.60000,21.74000,114100
845,2019-12-09,21.93000,22.18000,21.86000,22.17000,218100
846,2019-12-06,21.52000,22.04000,21.50000,21.95000,152600
847,2019-12-05,21.52000,21.66000,21.32000,21.44000,122100
848,2019-12-04,21.46000,21.67000,21.18000,21.43000,126700
849,2019-12-03,21.44000,21.56000,21.31000,21.37000,119300
850,2019-12-02,21.90000,22.02000,21.56000,21.61000,116400
851,2019-11-29,21.87000,21.91000,21.80000,21.91000,39800
852,2019-11-27,21.74000,22.04000,21.62000,21.99000,79100
853,2019-11-26,22.13000,22.21000,21.51000,21.62000,180500
854,2019-11-25,21.47000,22.19000,21.43000,22.11000,138500
855,2019-11-22,21.05000,21.45000,20.93000,21.37000,136200
856,2019-11-21,20.82000,21.04000,20.74000,20.90000,168700
857,2019-11-20,21.00000,21.27000,20.80000,20.92000,158100
858,2019-11-19,21.28000,21.37000,21.00000,21.10000,119000
859,2019-11-18,21.20000,21.34000,21.09000,21.25000,95100
860,2019-11-15,21.26000,21.29000,21.04000,21.18000,310900
861,2019-11-14,21.01000,21.24000,20.86000,21.09000,130100
862,2019-11-13,21.43000,21.50000,20.80000,20.99000,161200
863,2019-11-12,21.83000,21.90000,21.38000,21.58000,135000
864,2019-11-11,21.81000,22.12000,21.66000,21.87000,122200
865,2019-11-08,22.09000,22.20000,21.65000,21.97000,194000
866,2019-11-07,22.34000,22.73000,21.94000,22.03000,135900
867,2019-11-06,23.00000,23.71000,21.85000,22.35000,257800
868,2019-11-05,24.36000,25.09000,24.36000,24.72000,217800
869,2019-11-04,24.32000,24.41000,24.06000,24.25000,178300
870,2019-11-01,24.20000,24.39000,23.99000,24.23000,86900
871,2019-10-31,24.24000,24.34000,23.81000,24.01000,77100
872,2019-10-30,24.23000,24.32000,23.87000,24.25000,84400
873,2019-10-29,24.33000,24.66000,24.11000,24.20000,160700
874,2019-10-28,24.13000,24.42000,24.09000,24.30000,116000
875,2019-10-25,23.75000,24.27000,23.58000,24.06000,116400
876,2019-10-24,23.92000,23.98000,23.53000,23.73000,110300
877,2019-10-23,23.52000,23.91000,23.42000,23.91000,88300
878,2019-10-22,23.35000,23.68000,23.29000,23.56000,78600
879,2019-10-21,23.25000,23.66000,23.25000,23.34000,98300
880,2019-10-18,23.12000,23.43000,23.11000,23.17000,85000
881,2019-10-17,23.14000,23.31000,23.14000,23.25000,81700
882,2019-10-16,22.83000,23.36000,22.83000,23.06000,118800
883,2019-10-15,22.97000,23.07000,22.77000,22.80000,211800
884,2019-10-14,22.56000,23.04000,22.56000,22.90000,107400
885,2019-10-11,22.78000,23.08000,22.60000,22.76000,153100
886,2019-10-10,22.50000,22.80000,22.41000,22.48000,120700
887,2019-10-09,23.00000,23.07000,22.39000,22.43000,114300
888,2019-10-08,23.06000,23.19000,22.77000,22.95000,145200
889,2019-10-07,23.57000,23.57000,22.91000,23.11000,395100
890,2019-10-04,23.28000,23.70000,23.27000,23.65000,100400
891,2019-10-03,23.36000,23.59000,23.14000,23.26000,111000
892,2019-10-02,23.41000,23.55000,23.17000,23.52000,130200
893,2019-10-01,24.30000,24.46000,23.48000,23.54000,125500
894,2019-09-30,24.20000,24.34000,24.11000,24.22000,118300
895,2019-09-27,24.55000,24.72000,24.06000,24.13000,80200
896,2019-09-26,24.25000,24.61000,24.04000,24.50000,158600
897,2019-09-25,24.08000,24.30000,23.90000,24.20000,189400
898,2019-09-24,24.23000,24.61000,23.93000,24.04000,211700
899,2019-09-23,24.30000,24.42000,23.84000,24.16000,108200
900,2019-09-20,24.33000,24.60000,24.22000,24.41000,426300
901,2019-09-19,24.70000,24.99000,24.30000,24.36000,116600
902,2019-09-18,24.79000,24.90000,24.33000,24.61000,128200
903,2019-09-17,24.62000,24.85000,24.48000,24.76000,111600
904,2019-09-16,24.57000,24.90000,24.57000,24.70000,0
905,2019-09-13,24.71000,24.95000,24.60000,24.62000,0
906,2019-09-12,24.34000,24.78000,24.34000,24.68000,0
907,2019-09-11,24.42000,24.59000,24.24000,24.59000,0
908,2019-09-10,24.23000,24.56000,24.20000,24.44000,0
909,2019-09-09,24.26000,24.71000,24.25000,24.46000,0
910,2019-09-06,24.37000,24.39000,24.04000,24.07000,0
911,2019-09-05,24.16000,24.88000,24.16000,24.49000,0
912,2019-09-04,24.09000,24.09000,23.80000,23.82000,0
913,2019-09-03,23.95000,23.95000,23.51000,23.76000,0
914,2019-08-30,24.71000,24.71000,24.08000,24.19000,0
915,2019-08-29,24.57000,24.59000,24.29000,24.37000,0
916,2019-08-28,23.96000,24.83000,23.96000,24.59000,0
917,2019-08-27,25.46000,25.48000,25.02000,25.17000,0
918,2019-08-26,25.58000,25.61000,25.24000,25.49000,0
919,2019-08-23,25.99000,26.04000,25.25000,25.32000,0
920,2019-08-22,26.95000,26.95000,26.14000,26.14000,0
921,2019-08-21,26.44000,26.77000,26.34000,26.73000,0
922,2019-08-20,26.98000,26.98000,26.23000,26.23000,0
923,2019-08-19,27.74000,27.74000,26.96000,27.01000,0
924,2019-08-16,27.58000,27.86000,27.47000,27.54000,0
925,2019-08-15,27.29000,27.47000,26.92000,27.14000,0
926,2019-08-14,27.38000,27.49000,27.06000,27.18000,0
927,2019-08-13,28.27000,28.91000,27.90000,27.99000,0
928,2019-08-12,27.98000,28.61000,27.98000,28.50000,0
929,2019-08-09,28.19000,28.44000,28.01000,28.29000,0
930,2019-08-08,27.95000,28.67000,27.95000,28.44000,0
931,2019-08-07,26.72000,27.63000,26.69000,27.62000,0
932,2019-08-06,26.88000,27.28000,26.76000,27.28000,0
933,2019-08-05,27.06000,27.15000,26.67000,26.82000,0
934,2019-08-02,27.53000,27.79000,27.36000,27.60000,0
935,2019-08-01,28.20000,28.58000,27.53000,27.67000,0
936,2019-07-31,28.00000,28.42000,27.79000,27.85000,0
937,2019-07-30,27.99000,28.15000,27.58000,28.00000,0
938,2019-07-29,27.92000,28.01000,27.73000,27.97000,0
939,2019-07-26,27.57000,27.94000,27.57000,27.89000,0
940,2019-07-25,27.68000,27.76000,27.58000,27.63000,0
941,2019-07-24,27.00000,27.97000,26.98000,27.92000,0
942,2019-07-23,26.66000,26.91000,26.63000,26.67000,0
943,2019-07-22,26.43000,26.64000,26.29000,26.39000,0
944,2019-07-19,26.63000,26.89000,26.48000,26.51000,0
945,2019-07-18,26.24000,26.58000,26.24000,26.39000,0
946,2019-07-17,26.35000,26.35000,26.16000,26.30000,0
947,2019-07-16,26.18000,26.37000,26.14000,26.24000,0
948,2019-07-15,26.15000,26.15000,25.68000,26.01000,0
949,2019-07-12,26.05000,26.22000,26.00000,26.11000,0
950,2019-07-11,26.11000,26.11000,25.88000,25.99000,0
951,2019-07-10,26.58000,26.59000,26.17000,26.21000,0
952,2019-07-09,25.92000,26.34000,25.87000,26.33000,0
953,2019-07-08,26.31000,26.31000,25.90000,25.97000,0
954,2019-07-05,25.93000,26.22000,25.93000,26.18000,0
955,2019-07-03,26.06000,26.29000,25.98000,26.29000,0
956,2019-07-02,26.23000,26.23000,25.84000,26.03000,0
957,2019-07-01,26.65000,26.65000,26.08000,26.34000,0
958,2019-06-28,25.77000,26.36000,25.77000,26.12000,0
959,2019-06-27,25.21000,25.67000,25.09000,25.67000,0
960,2019-06-26,24.81000,25.10000,24.79000,24.91000,0
961,2019-06-25,24.83000,24.93000,24.67000,24.71000,0
962,2019-06-24,24.86000,24.90000,24.71000,24.84000,0
963,2019-06-21,25.39000,25.43000,24.33000,24.71000,0
964,2019-06-20,25.50000,25.63000,25.36000,25.55000,0
965,2019-06-19,25.34000,25.51000,25.28000,25.51000,0
966,2019-06-18,25.46000,25.47000,25.26000,25.29000,0
967,2019-06-17,25.14000,25.15000,24.92000,24.97000,0
968,2019-06-14,25.64000,25.78000,25.26000,25.27000,0
969,2019-06-13,24.67000,25.47000,24.67000,25.38000,0
970,2019-06-12,24.53000,24.64000,24.53000,24.59000,0
971,2013-06-12,17.68000,17.68000,17.52000,17.59000,0
972,2013-06-11,17.45000,17.73000,17.41000,17.43000,0
973,2013-06-10,17.67000,17.89000,17.60000,17.84000,0
974,2013-06-07,17.47000,17.78000,17.47000,17.65000,0
975,2013-06-06,17.38000,17.40000,17.20000,17.40000,0
976,2013-06-05,17.67000,17.68000,17.12000,17.22000,0
977,2013-06-04,18.10000,18.10000,17.58000,17.67000,0
978,2013-06-03,17.75000,17.95000,17.42000,17.95000,0
979,2013-05-31,17.75000,18.06000,17.70000,17.72000,0
980,2013-05-30,17.83000,17.83000,17.65000,17.75000,0
981,2013-05-29,17.70000,17.78000,17.51000,17.62000,0
982,2013-05-28,17.68000,18.30000,17.68000,17.85500,0
983,2013-05-24,17.29000,17.52000,17.21000,17.51000,0
984,2013-05-23,17.35000,17.52000,17.18000,17.45000,0
985,2013-05-22,17.51000,17.88000,17.15000,17.32000,0
986,2013-05-21,17.87000,17.94000,17.63000,17.65000,0
987,2013-05-20,17.51000,17.99000,17.47000,17.93000,0
988,2013-05-17,17.09000,17.50000,16.96000,17.50000,0
989,2013-05-16,17.11000,17.13000,16.78000,16.95000,0
990,2013-05-15,16.74000,17.05000,16.74000,17.04000,0
991,2013-05-14,16.76000,17.00000,16.76000,16.94000,0
992,2013-05-13,17.03000,17.03000,16.65000,16.72000,0
993,2013-05-10,16.80000,17.09000,16.75000,17.05000,0
994,2013-05-09,17.09000,17.14000,16.81000,16.82000,0
995,2013-05-08,16.94000,17.25000,16.60000,17.17500,0
996,2013-05-07,16.78000,17.59000,16.56000,17.59000,0
997,2013-05-06,16.59000,16.77000,16.58000,16.77000,0
998,2013-05-03,16.72000,16.91000,16.66000,16.71000,0
999,2013-05-02,16.41000,16.58000,16.35000,16.45000,0
1000,2013-05-01,16.76000,16.76000,16.32000,16.34000,0
1001,2013-04-30,17.06000,17.08000,16.90000,17.01000,0
1002,2013-04-29,16.65000,17.08000,16.65000,16.97000,0
1003,2013-04-25,17.17000,17.33000,17.14000,17.20000,0
1004,2013-04-24,17.37000,17.37000,16.88000,16.99000,0
1005,2013-04-23,17.19000,17.40000,17.19000,17.36000,0
1006,2013-04-22,17.31000,17.31000,16.89000,17.19500,0
1007,2013-04-19,17.31500,17.33000,17.19000,17.31000,0
1008,2013-04-18,17.86000,17.86000,17.16000,17.30000,0
1009,2013-04-17,18.17000,18.17000,17.67000,17.73000,0
1010,2013-04-16,18.10500,18.27000,18.10000,18.19000,0
1011,2013-04-15,18.41000,18.41000,17.86000,17.96000,0
1012,2013-04-12,18.68000,18.76000,18.50000,18.51000,0
1013,2013-04-11,18.76000,18.86000,18.69000,18.70000,0
1014,2013-04-10,18.55000,18.93000,18.50000,18.89000,0
1015,2013-04-09,18.60000,18.60000,18.31000,18.46000,0
1016,2013-04-08,18.25000,18.50000,18.11500,18.49000,0
1017,2013-04-05,18.22000,18.37000,17.91000,18.18000,0
1018,2013-04-04,18.14000,18.48000,18.14000,18.48000,0
1019,2013-04-03,18.55000,18.68000,18.26000,18.28000,0
1020,2013-04-02,18.92000,18.92000,18.49000,18.52000,0
1021,2013-04-01,18.56000,18.72000,18.49000,18.66000,0
1022,2013-03-28,18.71000,18.84000,18.63000,18.69500,0
1023,2013-03-27,18.80000,18.84500,18.56000,18.66000,0
1024,2013-03-26,18.76000,18.85000,18.76000,18.83000,0
1025,2013-03-25,18.76000,18.84000,18.64000,18.74000,0
1026,2013-03-22,18.76000,18.83000,18.65000,18.72000,0
1027,2013-03-21,18.85000,18.86000,18.56000,18.66000,0
1028,2013-03-20,18.67000,18.85000,18.67000,18.84000,0
1029,2013-03-19,18.71000,18.74000,18.47000,18.65000,0
1030,2013-03-18,18.42000,18.68500,18.33000,18.48000,0
1031,2013-03-15,18.73000,18.73000,18.41000,18.51000,0
1032,2013-03-14,18.45000,18.58000,18.31000,18.58000,0
1033,2013-03-13,18.16000,18.47000,18.16000,18.41000,0
1034,2013-03-12,18.27000,18.41000,18.16000,18.28000,0
1035,2013-03-11,18.00000,18.28000,18.00000,18.23000,0
1036,2013-03-08,18.22000,18.25000,18.06000,18.19000,0
1037,2013-03-07,17.96000,18.15000,17.96000,18.06000,0
1038,2013-03-06,17.91000,18.04000,17.91000,18.01000,0
1039,2013-03-05,17.67000,17.99000,17.67000,17.97000,0
1040,2013-03-04,17.55000,17.77000,17.53500,17.64000,0
1041,2013-03-01,17.47000,17.83000,17.41000,17.73000,0
1042,2013-02-28,17.72000,17.96000,17.64000,17.64000,0
1043,2013-02-27,17.54000,17.67000,17.41000,17.60000,0
1044,2013-02-26,17.11000,17.63000,17.11000,17.50000,0
1045,2013-02-25,17.61500,17.71000,17.50500,17.53000,0
1046,2013-02-22,17.53000,17.60000,17.44500,17.60000,0
1047,2013-02-21,17.60000,17.62000,17.34000,17.41000,0
1048,2013-02-20,17.75000,17.75000,17.61000,17.61000,0
1049,2013-02-19,17.49000,17.81000,17.49000,17.81000,0
1050,2013-02-15,17.31000,17.44000,17.30000,17.36000,0
1051,2013-02-14,17.06000,17.34000,17.06000,17.13000,0
1052,2013-02-13,17.17000,17.26000,17.00000,17.16000,0
1053,2013-02-12,16.96000,17.20000,16.94000,17.08000,0
1054,2013-02-11,16.97000,17.08000,16.82000,17.01000,0
1055,2013-02-08,16.79000,16.99000,16.74000,16.82000,0
1056,2013-02-07,16.80000,16.81000,16.60000,16.73000,0
1057,2013-02-06,16.62000,16.76000,16.51000,16.72000,0
1058,2013-02-05,16.43000,16.82000,16.43000,16.65000,0
1059,2013-02-04,16.63000,16.66000,16.24000,16.30000,0
1060,2013-02-01,16.04000,16.58000,16.02000,16.55000,0
1061,2013-01-31,16.56000,16.56000,15.28000,15.95000,0
1062,2013-01-30,16.68000,17.41000,16.61000,17.26000,0
1063,2013-01-29,16.87000,16.87000,16.61000,16.70000,0
1064,2013-01-28,16.69000,16.99000,16.69000,16.84000,0
1065,2013-01-25,16.67000,16.67000,16.48000,16.61000,0
1066,2013-01-24,16.52000,16.70000,16.52000,16.68000,0
1067,2013-01-23,16.56000,16.61000,16.45000,16.51000,0
1068,2013-01-22,16.39000,16.54000,16.33000,16.51000,0
1069,2013-01-18,16.27000,16.36000,16.17000,16.35000,0
1070,2013-01-17,16.25000,16.41000,16.12000,16.17000,0
1071,2013-01-16,16.08000,16.26000,15.96000,16.09000,0
1072,2013-01-15,15.92000,16.02000,15.75000,15.98000,0
1073,2013-01-14,15.92000,16.02000,15.75000,15.98000,0
1074,2013-01-11,15.94000,16.07000,15.76000,15.99000,107600
1075,2013-01-10,16.13000,16.13000,15.71000,15.91000,132400
1076,2013-01-09,16.00000,16.28000,15.96000,16.01000,135400
1077,2013-01-08,16.14000,16.29000,15.73000,15.90000,220900
1078,2013-01-07,15.90000,16.13000,15.65000,16.11000,238300
1079,2013-01-04,16.06000,16.35000,15.85000,15.93000,239000
1080,2013-01-03,16.20000,16.42000,15.94000,16.06000,220100
1081,2013-01-02,16.02000,16.62000,15.77000,16.13000,329500
1082,2012-12-31,15.52000,15.82000,15.04000,15.74000,193900
1083,2012-12-28,15.48000,15.74000,15.48000,15.55000,136000
1084,2012-12-27,15.77000,15.77000,15.33000,15.58000,156600
1085,2012-12-26,15.83000,15.90000,15.49000,15.70000,151200
1086,2012-12-24,15.61000,15.86000,15.22000,15.76000,100400
1087,2012-12-21,15.50000,15.63000,14.75000,15.62000,484400
1088,2012-12-20,15.36000,15.70000,15.14000,15.67000,161500
1089,2012-12-19,15.25000,15.50000,15.19000,15.38000,235400
1090,2012-12-18,15.10000,15.32000,14.90000,15.30000,130900
1091,2012-12-17,14.99000,15.15000,14.88000,15.10000,188100
1092,2012-12-14,14.87000,15.00000,14.70000,14.95000,204100
1093,2012-12-13,14.87000,14.99000,14.76000,14.88000,121900
1094,2012-12-12,14.75000,14.88000,14.68000,14.81000,285200
1095,2012-12-11,14.73000,14.94000,14.62000,14.70000,374400
1096,2012-12-10,14.30000,14.67000,14.25000,14.59000,245400
1097,2012-12-07,14.00000,14.45000,14.00000,14.31000,184600
1098,2012-12-06,13.82000,13.94000,13.56000,13.88000,83500
1099,2012-12-05,13.95000,13.97000,13.69000,13.71000,96600
1100,2012-12-04,13.73000,13.97000,13.68000,13.85000,123300
1101,2012-12-03,13.76000,13.82000,13.51000,13.67000,160900
1102,2012-11-30,13.76000,13.86000,13.62000,13.66000,142100
1103,2012-11-29,13.80000,13.91000,13.64000,13.69000,115700
1104,2012-11-28,13.52000,13.81000,13.41000,13.69000,157000
1105,2012-11-27,13.64000,13.82000,13.55000,13.58000,208800
1106,2012-11-26,13.41000,13.73000,13.41000,13.70000,79200
1107,2012-11-23,13.30000,13.50000,13.29000,13.49000,38800
1108,2012-11-21,13.03000,13.23000,13.00000,13.20000,84400
1109,2012-11-20,13.12000,13.12000,12.93000,13.04000,52300
1110,2012-11-19,13.19000,13.29000,12.96000,13.12000,150600
1111,2012-11-16,12.96000,13.11000,12.87000,12.99000,144900
1112,2012-11-15,12.94000,13.17000,12.90000,13.01000,170400
1113,2012-11-14,13.33000,13.42000,12.97000,13.02000,102500
1114,2012-11-13,13.24000,13.52000,12.93000,13.29000,75200
1115,2012-11-12,13.51000,13.51000,13.16000,13.30000,79700
1116,2012-11-09,13.37000,13.61000,13.35000,13.47000,122200
1117,2012-11-08,13.87000,13.91000,13.43000,13.48000,214000
1118,2012-11-07,14.16000,14.16000,12.95000,13.80000,538800
1119,2012-11-06,13.82000,14.40000,13.75000,14.31000,382700
1120,2012-11-05,13.67000,14.00000,13.58000,13.85000,217000
1121,2012-11-02,13.66000,13.79000,13.55000,13.70000,113500
1122,2012-11-01,13.36000,13.68000,13.22000,13.58000,117100
1123,2012-10-31,13.26000,13.30000,13.09000,13.29000,161700
1124,2012-10-26,13.42000,13.42000,13.10000,13.13000,98600
1125,2012-10-25,13.51000,13.72000,13.29000,13.38000,67200
1126,2012-10-24,13.52000,13.52000,13.30000,13.35000,74800
1127,2012-10-23,13.49000,13.54000,13.28000,13.39000,121800
1128,2012-10-22,13.48000,13.71000,13.44000,13.63000,157000
1129,2012-10-19,13.66000,13.69000,13.31000,13.49000,203600
1130,2012-10-18,13.22000,13.56000,13.14000,13.53000,205500
1131,2012-10-17,13.00000,13.25000,12.95000,13.20000,149300
1132,2012-10-16,13.05000,13.12000,12.95000,13.00000,169400
1133,2012-10-15,13.00000,13.07000,12.82000,12.99000,173500
1134,2012-10-12,13.06000,13.16000,12.90000,12.90000,140200
1135,2012-10-11,13.04000,13.18000,12.99000,13.00000,125000
1136,2012-10-10,12.94000,13.20000,12.90000,12.96000,170600
1137,2012-10-09,13.22000,13.40000,12.94000,12.95000,123400
1138,2012-10-08,12.98000,13.34000,12.98000,13.12000,266800
1139,2012-10-05,12.86000,13.10000,12.77000,12.95000,104500
1140,2012-10-04,12.49000,12.83000,12.40000,12.73000,138800
1141,2012-10-03,12.96000,12.99000,12.41000,12.45000,192800
1142,2012-10-02,12.92000,13.01000,12.70000,12.96000,150300
1143,2012-10-01,12.73000,13.16000,12.64000,12.77000,190100
1144,2012-09-28,12.76000,12.83000,12.60000,12.60000,69800
1145,2012-09-27,12.81000,12.92000,12.71000,12.86000,139500
1146,2012-09-26,12.68000,12.89000,12.60000,12.74000,98000
1147,2012-09-25,12.91000,13.04000,12.60000,12.64000,154300
1148,2012-09-24,12.63000,13.01000,12.63000,12.77000,166800
1149,2012-09-21,13.07000,13.07000,12.56000,12.70000,391400
1150,2012-09-20,12.93000,12.99000,12.67000,12.87000,128400
1151,2012-09-19,12.98000,13.15000,12.92000,13.02000,128600
1152,2012-09-18,13.52000,13.52000,12.92000,12.94000,207100
1153,2012-09-17,13.77000,13.77000,13.31000,13.58000,153100
1154,2012-09-14,13.38000,13.84000,13.28000,13.80000,168000
1155,2012-09-13,13.01000,13.32000,12.95000,13.29000,404500
1156,2012-09-12,13.02000,13.19000,12.88000,13.00000,76200
1157,2012-09-11,13.04000,13.08000,12.85000,13.01000,104700
1158,2012-09-10,13.15000,13.19000,12.94000,12.99000,225700
1159,2012-09-07,12.94000,13.12000,12.91000,13.08000,121300
1160,2012-09-06,12.34000,12.99000,12.34000,12.94000,247800
1161,2012-09-05,12.42000,12.42000,12.16000,12.24000,184200
1162,2012-09-04,12.38000,12.50000,11.87000,12.35000,161000
1163,2012-08-31,12.38000,12.43000,12.15000,12.34000,106000
1164,2012-08-30,12.26000,12.33000,12.20000,12.21000,69500
1165,2012-08-29,12.31000,12.42000,12.16000,12.33000,82000
1166,2012-08-28,12.29000,12.43000,12.18000,12.31000,64400
1167,2012-08-27,12.41000,12.53000,12.18000,12.33000,120700
1168,2012-08-24,12.36000,12.61000,12.26000,12.37000,163200
1169,2012-08-23,12.63000,12.67000,12.31000,12.41000,100100
1170,2012-08-22,12.83000,12.91000,12.58000,12.61000,97700
1171,2012-08-21,13.01000,13.26000,12.87000,12.90000,93800
1172,2012-08-20,12.92000,13.03000,12.82000,13.00000,78900
1173,2012-08-17,12.81000,13.00000,12.76000,12.99000,85900
1174,2012-08-16,12.90000,13.06000,12.75000,12.84000,105000
1175,2012-08-15,12.77000,12.97000,12.65000,12.89000,111600
1176,2012-08-14,13.06000,13.15000,12.69000,12.75000,188600
1177,2012-08-13,13.19000,13.19000,12.78000,12.92000,149200
1178,2012-08-10,13.61000,13.61000,13.19000,13.27000,183700
1179,2012-08-09,14.20000,14.30000,13.60000,13.65000,244000
1180,2012-08-08,12.75000,14.30000,12.39000,14.22000,601500
1181,2012-08-07,12.27000,12.46000,12.19000,12.20000,250800
1182,2012-08-06,12.10000,12.40000,12.08000,12.17000,166100
1183,2012-08-03,11.87000,12.25000,11.87000,12.09000,139600
1184,2012-08-02,11.52000,11.75000,11.50000,11.65000,205200
1185,2012-08-01,11.97000,11.97000,11.63000,11.63000,131900
1186,2012-07-31,11.79000,11.94000,11.79000,11.86000,135500
1187,2012-07-30,11.84000,12.02000,11.78000,11.83000,169200
1188,2012-07-27,11.78000,11.91000,11.67000,11.80000,185900
1189,2012-07-26,11.78000,11.78000,11.60000,11.64000,150400
1190,2012-07-25,11.73000,11.73000,11.50000,11.51000,105000
1191,2012-07-24,11.60000,11.76000,11.45000,11.62000,119700
1192,2012-07-23,11.51000,11.67000,11.26000,11.61000,207000
1193,2012-07-20,11.93000,12.03000,11.60000,11.77000,165400
1194,2012-07-19,12.27000,12.30000,12.08000,12.10000,143500
1195,2012-07-18,12.21000,12.27000,12.02000,12.20000,157200
1196,2012-07-17,12.11000,12.21000,11.90000,12.18000,83100
1197,2012-07-16,12.17000,12.25000,12.00000,12.03000,94800
1198,2012-07-13,12.28000,12.47000,12.20000,12.23000,149200
1199,2012-07-12,12.20000,12.31000,12.12000,12.17000,281200
1200,2012-07-11,12.30000,12.35000,12.12000,12.26000,169700
1201,2012-07-10,12.38000,12.49000,12.22000,12.25000,117000
1202,2012-07-09,12.51000,12.51000,12.25000,12.34000,158200
1203,2012-07-06,12.64000,12.71000,12.41000,12.50000,102800
1204,2012-07-05,12.86000,13.08000,12.81000,12.84000,62800
1205,2012-07-03,12.93000,12.94000,12.85000,12.94000,126900
1206,2012-07-02,13.01000,13.01000,12.71000,12.89000,183900
1207,2012-06-29,12.76000,12.96000,12.52000,12.91000,200600
1208,2012-06-28,12.43000,12.65000,12.18000,12.42000,144700
1209,2012-06-27,12.40000,12.66000,12.38000,12.60000,147900
1210,2012-06-26,12.37000,12.47000,12.25000,12.40000,103700
1211,2012-06-25,12.56000,12.62000,12.26000,12.37000,105400
1212,2012-06-22,12.90000,12.96000,12.77000,12.86000,160200
1213,2012-06-21,13.33000,13.33000,12.65000,12.74000,110000
1214,2012-06-20,13.09000,13.41000,13.02000,13.29000,148000
1215,2012-06-19,12.75000,13.20000,12.70000,13.12000,242500
1216,2012-06-18,12.50000,12.73000,12.49000,12.70000,138500
1217,2012-06-15,12.09000,12.69000,12.05000,12.65000,268000
1218,2012-06-14,12.01000,12.15000,11.92000,12.11000,135100
1219,2012-06-13,12.16000,12.22000,11.89000,12.01000,138400
1220,2012-06-12,11.87000,12.23000,11.72000,12.20000,245400
1221,2012-06-11,12.69000,12.69000,11.76000,11.76000,136600
1222,2012-06-08,12.14000,12.57000,12.12000,12.47000,94000
1223,2012-06-07,12.62000,12.70000,12.21000,12.23000,158900
1224,2012-06-06,12.05000,12.51000,11.95000,12.38000,189900
1225,2012-06-05,11.63000,12.05000,11.61000,11.90000,157400
1226,2012-06-04,11.65000,11.94000,11.56000,11.69000,298000
1227,2012-06-01,11.34000,11.67000,11.30000,11.61000,268200
1228,2012-05-31,12.00000,12.20000,11.61000,11.69000,414300
1229,2012-05-30,12.30000,12.35000,11.98000,11.98000,129400
1230,2012-05-29,12.40000,12.52000,12.17000,12.38000,124700
1231,2012-05-25,12.31000,12.41000,12.11000,12.20000,151600
1232,2012-05-24,12.45000,12.49000,12.08000,12.31000,156200
1233,2012-05-23,12.45000,12.55000,12.11000,12.47000,167000
1234,2012-05-22,12.89000,12.92000,12.45000,12.55000,182000
1235,2012-05-21,12.77000,13.09000,12.72000,12.90000,124200
1236,2012-05-18,12.75000,12.98000,12.66000,12.73000,124000
1237,2012-05-17,13.02000,13.20000,12.75000,12.75000,145100
1238,2012-05-16,13.35000,13.44000,13.03000,13.08000,92200
1239,2012-05-15,13.37000,13.47000,13.11000,13.26000,132000
1240,2012-05-14,13.45000,14.03000,13.25000,13.32000,119500
1241,2012-05-11,13.65000,13.73000,13.41000,13.72000,152500
1242,2012-05-10,13.84000,14.33000,13.70000,13.75000,264000
1243,2012-05-09,13.47000,13.85000,12.69000,13.67000,336300
1244,2012-05-08,13.09000,13.22000,12.90000,13.07000,165200
1245,2012-05-07,13.32000,13.45000,13.04000,13.26000,107000
1246,2012-05-04,13.63000,13.63000,13.18000,13.33000,165600
1247,2012-05-03,14.05000,14.24000,13.60000,13.71000,111100
1248,2012-05-02,13.73000,14.16000,13.60000,14.06000,223300
1249,2012-05-01,14.09000,14.38000,13.82000,13.83000,154000
1250,2012-04-30,14.47000,14.64000,13.98000,13.99000,169000
1251,2012-04-27,14.24000,14.59000,14.04000,14.55000,137100
1252,2012-04-26,14.11000,14.34000,14.02000,14.17000,92000
1253,2012-04-25,14.07000,14.27000,13.83000,14.13000,162200
1254,2012-04-24,13.61000,13.89000,13.59000,13.80000,146900
1255,2012-04-23,13.90000,13.90000,13.50000,13.59000,234200
1256,2012-04-20,14.31000,14.34000,14.07000,14.08000,157300
1257,2012-04-19,14.21000,14.35000,13.98000,14.01000,178300
1258,2012-04-18,14.61000,14.61000,14.11000,14.18000,118700
1259,2012-04-17,14.39000,14.90000,14.39000,14.67000,100600
1260,2012-04-16,14.47000,14.49000,14.10000,14.19000,136500
1261,2012-04-13,15.00000,15.00000,14.25000,14.32000,160100
1262,2012-04-12,14.51000,15.13000,14.39000,15.02000,229600
1263,2012-04-11,14.30000,14.50000,14.15000,14.43000,162500
1264,2012-04-10,14.61000,14.83000,14.00000,14.13000,222700
1265,2012-04-09,14.88000,15.04000,14.51000,14.71000,227000
1266,2012-04-05,15.11000,15.23000,15.10000,15.19000,113800
1267,2012-04-04,15.41000,15.41000,15.03000,15.24000,248700
1268,2012-04-03,16.01000,16.25000,15.47000,15.57000,166700
1269,2012-04-02,15.96000,16.16000,15.88000,16.01000,198200
1270,2012-03-30,15.61000,16.35000,15.61000,15.99000,373300
1271,2012-03-29,15.26000,15.47000,15.24000,15.42000,106000
1272,2012-03-28,15.54000,15.58000,15.22000,15.46000,117200
1273,2012-03-27,15.66000,15.79000,15.52000,15.54000,149800
1274,2012-03-26,15.39000,15.72000,15.35000,15.68000,177800
1275,2012-03-23,15.09000,15.22000,14.80000,15.15000,162500
1276,2012-03-22,15.31000,15.38000,14.91000,14.99000,244700
1277,2012-03-21,15.40000,15.64000,15.33000,15.47000,196800
1278,2012-03-20,15.30000,15.53000,15.21000,15.31000,145900
1279,2012-03-19,15.30000,15.65000,15.28000,15.48000,164800
1280,2012-03-16,15.31000,15.38000,15.14000,15.30000,191500
1281,2012-03-15,15.18000,15.46000,15.13000,15.21000,146300
1282,2012-03-14,15.29000,15.40000,15.02000,15.15000,113300
1283,2012-03-13,14.90000,15.30000,14.78000,15.29000,173300
1284,2012-03-12,14.81000,15.19000,14.63000,14.73000,107200
1285,2012-03-09,15.06000,15.37000,14.70000,14.83000,199000
1286,2012-03-08,14.36000,15.09000,14.24000,15.01000,261900
1287,2012-03-07,14.23000,14.35000,14.00000,14.21000,241200
1288,2012-03-06,14.44000,14.58000,14.04000,14.13000,212700
1289,2012-03-05,14.61000,14.71000,14.31000,14.63000,235800
1290,2012-03-02,15.16000,15.32000,14.68000,14.70000,256000
1291,2012-03-01,15.18000,15.63000,15.18000,15.19000,194500
1292,2012-02-29,15.26000,15.48000,14.99000,15.00000,277700
1293,2012-02-28,15.32000,15.42000,14.95000,15.15000,236600
1294,2012-02-27,15.30000,15.43000,14.95000,15.25000,208400
1295,2012-02-24,15.81000,15.95000,15.41000,15.54000,158800
1296,2012-02-23,15.76000,16.00000,15.50000,15.82000,219200
1297,2012-02-22,16.02000,16.12000,15.70000,15.71000,172000
1298,2012-02-21,16.17000,16.42000,15.97000,16.13000,212500
1299,2012-02-17,15.75000,16.17000,15.65000,16.15000,247700
1300,2012-02-16,15.54000,15.77000,15.04000,15.72000,170600
1301,2012-02-15,15.71000,15.90000,15.20000,15.50000,243600
1302,2012-02-14,15.99000,16.03000,15.38000,15.65000,276500
1303,2012-02-13,16.60000,16.78000,16.02000,16.12000,313400
1304,2012-02-10,16.21000,16.50000,16.15000,16.37000,226200
1305,2012-02-09,16.99000,17.00000,16.27000,16.51000,341000
1306,2012-02-08,16.01000,17.08000,16.00000,17.00000,727000
1307,2012-02-07,15.92000,16.08000,15.72000,16.05000,242100
1308,2012-02-06,15.47000,16.07000,15.15000,15.93000,530400
1309,2012-02-03,14.80000,15.77000,14.75000,15.01000,777800
1310,2012-02-02,18.05000,18.09000,13.81000,14.07000,1328200
1311,2012-02-01,16.41000,17.23000,16.17000,17.11000,295800
1312,2012-01-31,16.45000,16.45000,16.09000,16.16000,193100
1313,2012-01-30,16.56000,16.56000,16.24000,16.26000,187100
1314,2012-01-27,16.85000,17.12000,16.57000,16.71000,213700
1315,2012-01-26,17.47000,17.67000,16.75000,16.90000,221600
1316,2012-01-25,17.33000,17.49000,17.18000,17.45000,131600
1317,2012-01-24,17.05000,17.46000,17.01000,17.35000,162200
1318,2012-01-23,17.26000,17.50000,16.90000,17.15000,436400
1319,2012-01-20,16.78000,17.29000,16.58000,17.20000,209700
1320,2012-01-19,16.50000,16.98000,16.40000,16.77000,129600
1321,2012-01-18,16.00000,16.50000,15.99000,16.48000,148300
1322,2012-01-17,16.38000,16.41000,15.89000,16.00000,165500
1323,2012-01-13,16.41000,16.69000,16.03000,16.14000,149100
1324,2012-01-12,16.26000,16.85000,16.24000,16.62000,144600
1325,2012-01-11,16.21000,16.45000,16.01000,16.28000,192200
1326,2012-01-10,15.68000,16.48000,15.44000,16.27000,332100
1327,2012-01-09,15.31000,15.50000,15.10000,15.35000,229900
1328,2012-01-06,14.81000,15.43000,14.44000,15.15000,556900
1329,2012-01-05,14.10000,14.85000,13.75000,14.72000,246100
1330,2012-01-04,14.07000,14.43000,13.97000,14.18000,157800
1331,2012-01-03,14.23000,14.54000,14.13000,14.18000,196900
1332,2011-12-30,13.76000,14.10000,13.67000,13.68000,142300
1333,2011-12-29,13.46000,13.90000,13.46000,13.78000,139900
1334,2011-12-28,13.82000,13.93000,13.33000,13.38000,150300
1335,2011-12-27,13.67000,13.91000,13.49000,13.81000,84000
1336,2011-12-23,13.90000,13.94000,13.65000,13.74000,90700
1337,2011-12-22,13.57000,14.00000,13.57000,13.87000,110000
1338,2011-12-21,12.99000,13.48000,12.62000,13.48000,239900
1339,2011-12-20,13.01000,13.22000,12.90000,13.10000,209100
1340,2011-12-19,13.13000,13.28000,12.56000,12.61000,195100
1341,2011-12-16,13.07000,13.35000,12.80000,13.03000,412000
1342,2011-12-15,13.31000,13.31000,12.89000,13.00000,282300
1343,2011-12-14,13.10000,13.28000,12.93000,12.99000,164500
1344,2011-12-13,13.67000,13.89000,13.19000,13.28000,230600
1345,2011-12-12,13.55000,13.88000,13.39000,13.64000,152900
1346,2011-12-09,13.47000,13.89000,13.43000,13.74000,220800
1347,2011-12-08,13.68000,13.89000,13.38000,13.39000,196000
1348,2011-12-07,13.97000,13.97000,13.64000,13.89000,157100
1349,2011-12-06,14.33000,14.33000,13.83000,14.10000,226200
1350,2011-12-05,14.64000,14.67000,14.29000,14.32000,228500
1351,2011-12-02,14.56000,14.83000,14.16000,14.23000,192200
1352,2011-12-01,14.49000,14.72000,13.94000,14.23000,147600
1353,2011-11-30,13.34000,14.56000,13.28000,14.48000,301800
1354,2011-11-29,13.22000,13.26000,12.90000,13.09000,365400
1355,2011-11-28,13.22000,13.54000,12.99000,13.16000,192500
1356,2011-11-25,12.81000,13.14000,12.52000,12.58000,72400
1357,2011-11-23,13.43000,13.60000,12.88000,12.93000,120600
1358,2011-11-22,14.19000,14.19000,13.49000,13.62000,120000
1359,2011-11-21,13.96000,14.31000,13.77000,14.20000,198000
1360,2011-11-18,14.48000,14.65000,14.24000,14.40000,117400
1361,2011-11-17,14.54000,14.70000,14.37000,14.45000,193400
1362,2011-11-16,15.27000,15.72000,14.45000,14.54000,328400
1363,2011-11-15,15.21000,15.85000,15.02000,15.50000,197800
1364,2011-11-14,15.56000,15.99000,15.19000,15.40000,206800
1365,2011-11-11,15.68000,15.88000,15.45000,15.48000,155200
1366,2011-11-10,15.50000,15.74000,15.26000,15.43000,213900
1367,2011-11-09,16.55000,16.66000,15.08000,15.11000,201400
1368,2011-11-08,16.24000,16.71000,15.77000,16.58000,175000
1369,2011-11-07,16.17000,16.24000,15.58000,16.04000,167900
1370,2011-11-04,15.98000,16.16000,15.73000,16.04000,108500
1371,2011-11-03,16.05000,16.20000,15.35000,16.16000,144300
1372,2011-11-02,15.78000,15.93000,15.40000,15.78000,106600
1373,2011-11-01,15.57000,15.81000,14.85000,15.32000,198200
1374,2011-10-31,16.47000,16.79000,16.27000,16.35000,186100
1375,2011-10-28,16.61000,17.00000,16.56000,16.79000,149800
1376,2011-10-27,16.29000,16.99000,16.00000,16.82000,303700
1377,2011-10-26,15.89000,16.00000,15.41000,15.86000,168600
1378,2011-10-25,15.93000,15.93000,15.39000,15.57000,199500
1379,2011-10-24,15.35000,16.17000,15.18000,15.99000,317300
1380,2011-10-21,15.22000,15.34000,14.89000,15.23000,203000
1381,2011-10-20,14.88000,15.06000,14.41000,14.88000,168800
1382,2011-10-19,15.27000,15.45000,14.65000,14.79000,262500
1383,2011-10-18,14.61000,15.40000,14.21000,15.23000,182700
1384,2011-10-17,15.07000,15.18000,14.45000,14.56000,235600
1385,2011-10-14,14.60000,15.34000,14.28000,15.27000,177000
1386,2011-10-13,14.34000,14.45000,13.93000,14.33000,118700
1387,2011-10-12,13.99000,14.58000,13.90000,14.45000,155100
1388,2011-10-11,13.68000,14.20000,13.51000,13.85000,221200
1389,2011-10-10,13.21000,13.81000,13.09000,13.78000,209900
1390,2011-10-07,12.94000,13.35000,12.73000,12.85000,200900
1391,2011-10-06,12.56000,12.87000,12.22000,12.80000,157900
1392,2011-10-05,12.60000,12.80000,12.25000,12.57000,134900
1393,2011-10-04,10.80000,12.57000,10.77000,12.53000,316200
1394,2011-10-03,11.24000,11.69000,10.89000,10.90000,256300
1395,2011-09-30,11.62000,12.39000,11.37000,11.40000,177600
1396,2011-09-29,11.59000,11.91000,11.46000,11.85000,141800
1397,2011-09-28,11.90000,11.97000,11.23000,11.23000,150000
1398,2011-09-27,12.00000,12.64000,11.56000,11.93000,301500
1399,2011-09-26,11.43000,11.74000,11.19000,11.73000,260500
1400,2011-09-23,11.27000,11.75000,11.12000,11.36000,263500
1401,2011-09-22,11.32000,11.76000,10.95000,11.29000,331900
1402,2011-09-21,12.80000,13.00000,11.68000,11.78000,217600
1403,2011-09-20,13.24000,13.60000,12.75000,12.78000,150500
1404,2011-09-19,13.48000,13.48000,12.81000,13.15000,253800
1405,2011-09-16,14.08000,14.08000,13.53000,13.90000,201100
1406,2011-09-15,13.99000,14.06000,13.46000,14.01000,187200
1407,2011-09-14,13.47000,14.02000,13.23000,13.77000,176100
1408,2011-09-13,13.08000,13.47000,13.01000,13.30000,173400
1409,2011-09-12,12.84000,13.27000,12.50000,12.98000,141400
1410,2011-09-09,13.66000,13.67000,12.74000,13.16000,279100
1411,2011-09-08,14.32000,14.38000,13.74000,13.87000,197000
1412,2011-09-07,13.86000,14.51000,13.86000,14.42000,207300
1413,2011-09-06,13.43000,14.00000,13.15000,13.49000,137800
1414,2011-09-02,14.06000,14.26000,13.62000,13.96000,171100
1415,2011-09-01,15.31000,15.48000,14.19000,14.46000,200300
1416,2011-08-31,15.62000,15.66000,14.87000,15.20000,190100
1417,2011-08-30,15.24000,15.60000,14.87000,15.48000,192800
1418,2011-08-29,14.59000,15.45000,14.27000,15.42000,123200
1419,2011-08-26,13.91000,14.56000,13.72000,14.49000,75100
1420,2011-08-25,15.21000,15.21000,14.04000,14.10000,130300
1421,2011-08-24,14.87000,15.30000,14.58000,15.01000,202100
1422,2011-08-23,13.90000,14.98000,13.62000,14.97000,160100
1423,2011-08-22,14.14000,14.21000,13.54000,13.81000,110200
1424,2011-08-19,13.67000,14.39000,13.56000,13.65000,161800
1425,2011-08-18,14.72000,14.73000,13.95000,14.06000,220600
1426,2011-08-17,15.80000,15.85000,15.11000,15.29000,224300
1427,2011-08-16,15.72000,15.87000,15.26000,15.64000,188400
1428,2011-08-15,15.23000,16.49000,15.23000,15.83000,243100
1429,2011-08-12,15.56000,16.01000,14.66000,14.99000,209400
1430,2011-08-11,13.83000,15.78000,13.83000,15.40000,438000
1431,2011-08-10,14.50000,15.06000,13.61000,13.67000,536600
1432,2011-08-09,12.85000,13.57000,12.05000,13.53000,341300
1433,2011-08-08,13.52000,13.93000,12.53000,12.55000,267300
1434,2011-08-05,14.24000,14.62000,13.66000,14.01000,276500
1435,2011-08-04,14.40000,14.70000,13.87000,13.95000,215200
1436,2011-08-03,14.48000,14.85000,13.92000,14.62000,214800
1437,2011-08-02,15.21000,15.47000,14.43000,14.44000,145100
1438,2011-08-01,15.85000,15.85000,15.19000,15.29000,124500
1439,2011-07-29,15.58000,15.86000,15.20000,15.65000,120900
1440,2011-07-28,15.29000,15.90000,15.22000,15.72000,147300
1441,2011-07-27,16.01000,16.05000,15.30000,15.34000,144700
1442,2011-07-26,16.41000,16.42000,16.06000,16.16000,69200
1443,2011-07-25,16.47000,16.65000,16.36000,16.41000,112900
1444,2011-07-22,16.87000,16.99000,16.40000,16.65000,135900
1445,2011-07-21,15.76000,16.92000,15.76000,16.86000,181600
1446,2011-07-20,15.79000,15.79000,15.52000,15.64000,53300
1447,2011-07-19,15.53000,15.77000,15.42000,15.74000,75500
1448,2011-07-18,15.61000,15.64000,15.22000,15.34000,74900
1449,2011-07-15,15.63000,15.85000,15.57000,15.71000,97800
1450,2011-07-14,16.19000,16.27000,15.54000,15.58000,135100
1451,2011-07-13,16.18000,16.43000,15.97000,16.17000,144400
1452,2011-07-12,16.16000,16.37000,16.02000,16.12000,123000
1453,2011-07-11,16.62000,16.77000,16.08000,16.21000,174900
1454,2011-07-08,17.19000,17.29000,16.64000,16.90000,141000
1455,2011-07-07,17.20000,17.58000,17.11000,17.50000,106300
1456,2011-07-06,16.56000,17.07000,16.51000,17.07000,199400
1457,2011-07-05,16.80000,16.80000,16.49000,16.56000,167300
1458,2011-07-01,16.46000,16.83000,16.29000,16.79000,125400
1459,2011-06-30,16.36000,16.68000,16.36000,16.50000,201000
1460,2011-06-29,16.48000,16.48000,16.11000,16.33000,105900
1461,2011-06-28,16.37000,16.45000,16.17000,16.45000,193800
1462,2011-06-27,15.80000,16.58000,15.74000,16.35000,227500
1463,2011-06-24,15.89000,16.18000,15.54000,15.70000,363800
1464,2011-06-23,15.48000,15.94000,15.36000,15.85000,265000
1465,2011-06-22,14.89000,15.89000,14.86000,15.67000,295400
1466,2011-06-21,14.86000,15.10000,14.63000,14.94000,331000
1467,2011-06-20,14.85000,15.00000,14.61000,14.68000,168000
1468,2011-06-17,15.18000,15.26000,14.68000,14.86000,199900
1469,2011-06-16,15.13000,15.37000,14.90000,15.02000,139100
1470,2011-06-15,15.30000,15.34000,14.92000,15.13000,228600
1471,2011-06-14,15.51000,15.66000,15.31000,15.51000,214700
1472,2011-06-13,15.56000,15.69000,15.25000,15.25000,193200
1473,2011-06-10,15.56000,15.61000,15.09000,15.41000,192900
1474,2011-06-09,15.91000,15.95000,15.55000,15.66000,167800
1475,2011-06-08,15.92000,16.02000,15.73000,15.80000,161500
1476,2011-06-07,16.26000,16.31000,16.01000,16.02000,126600
1477,2011-06-06,16.20000,16.35000,16.00000,16.08000,116500
1478,2011-06-03,16.30000,16.49000,15.90000,16.25000,162000
1479,2011-06-02,16.82000,17.09000,16.56000,16.65000,150600
1480,2011-06-01,17.61000,17.80000,16.78000,16.80000,239000
1481,2011-05-31,17.78000,17.93000,17.57000,17.63000,294700
1482,2011-05-27,17.59000,17.79000,17.25000,17.49000,594500
1483,2011-05-26,17.36000,17.60000,17.20000,17.48000,157400
1484,2011-05-25,17.04000,17.65000,16.94000,17.45000,234700
1485,2011-05-24,17.34000,17.51000,16.86000,17.16000,271000
1486,2011-05-23,17.54000,17.56000,17.01000,17.22000,205600
1487,2011-05-20,17.82000,18.00000,17.52000,17.97000,284100
1488,2011-05-19,18.81000,18.81000,17.91000,17.94000,385300
1489,2011-05-18,18.96000,18.96000,18.57000,18.63000,158100
1490,2011-05-17,19.18000,19.31000,18.80000,18.92000,172300
1491,2011-05-16,19.33000,19.57000,19.26000,19.40000,742200
1492,2011-05-13,19.80000,19.97000,19.14000,19.49000,142000
1493,2011-05-12,19.07000,19.74000,19.02000,19.70000,131600
1494,2011-05-11,19.58000,19.85000,18.98000,19.24000,194300
1495,2011-05-10,19.22000,19.65000,19.21000,19.59000,112600
1496,2011-05-09,19.13000,19.51000,18.93000,19.18000,78000
1497,2011-05-06,19.36000,19.46000,19.15000,19.19000,177000
1498,2011-05-05,18.95000,19.37000,18.76000,19.02000,159300
1499,2011-05-04,19.16000,19.25000,18.94000,19.01000,196600
1500,2011-05-03,19.03000,19.24000,18.95000,19.13000,160000
1501,2011-05-02,19.00000,19.40000,19.00000,19.13000,103000
1502,2011-04-29,19.51000,19.51000,19.10000,19.11000,72000
1503,2011-04-28,19.25000,19.49000,19.20000,19.40000,138000
1504,2011-04-27,19.49000,19.53000,19.25000,19.25000,232000
1505,2011-04-26,19.09000,19.62000,18.91000,19.48000,109100
1506,2011-04-25,19.11000,19.16000,18.73000,19.10000,106700
1507,2011-04-21,19.32000,19.32000,18.83000,19.11000,50700
1508,2011-04-20,19.07000,19.10000,18.81000,19.09000,70900
1509,2011-04-19,18.90000,19.03000,18.76000,18.81000,102500
1510,2011-04-18,19.15000,19.26000,18.60000,18.72000,126500
1511,2011-04-15,19.36000,19.56000,19.09000,19.50000,127700
1512,2011-04-14,19.01000,19.60000,19.01000,19.40000,135800
1513,2011-04-13,19.37000,19.37000,19.01000,19.18000,196300
1514,2011-04-12,19.55000,19.65000,19.14000,19.15000,98500
1515,2011-04-11,20.00000,20.12000,19.55000,19.69000,132700
1516,2011-04-08,20.95000,20.95000,19.92000,20.00000,110700
1517,2011-04-07,20.91000,21.14000,20.57000,20.74000,116700
1518,2011-04-06,20.91000,21.18000,20.66000,20.80000,166200
1519,2011-04-05,20.55000,20.92000,20.37000,20.70000,207100
1520,2011-04-04,21.35000,21.41000,20.46000,20.53000,303400
1521,2011-04-01,21.78000,22.25000,21.16000,21.27000,203500
1522,2011-03-31,21.13000,21.72000,21.11000,21.71000,84300
1523,2011-03-30,21.14000,21.17000,20.95000,21.14000,106000
1524,2011-03-29,20.79000,21.05000,20.52000,20.93000,72200
1525,2011-03-28,21.08000,21.14000,20.66000,20.70000,133200
1526,2011-03-25,20.78000,21.14000,20.52000,20.92000,168300
1527,2011-03-24,20.98000,20.98000,20.41000,20.60000,74900
1528,2011-03-23,20.19000,20.77000,19.95000,20.72000,85900
1529,2011-03-22,20.41000,20.80000,20.03000,20.19000,82200
1530,2011-03-21,20.07000,20.55000,19.81000,20.30000,89900
1531,2011-03-18,19.74000,20.10000,19.44000,19.65000,389700
1532,2011-03-17,19.94000,19.94000,19.31000,19.50000,151900
1533,2011-03-16,19.72000,19.78000,19.31000,19.50000,163200
1534,2011-03-15,19.56000,19.93000,19.00000,19.72000,141300
1535,2011-03-14,20.00000,20.30000,19.92000,19.93000,210000
1536,2011-03-11,20.27000,20.52000,20.00000,20.13000,115800
1537,2011-03-10,20.96000,20.96000,20.30000,20.42000,192800
1538,2011-03-09,21.40000,21.60000,21.10000,21.32000,138400
1539,2011-03-08,21.00000,21.73000,20.66000,21.50000,97500
1540,2011-03-07,21.48000,21.48000,20.78000,21.00000,160300
1541,2011-03-04,21.25000,21.48000,20.98000,21.34000,217500
1542,2011-03-03,20.86000,22.04000,20.77000,21.61000,298500
1543,2011-03-02,20.64000,20.85000,20.16000,20.62000,174900
1544,2011-03-01,21.23000,21.48000,20.23000,20.58000,333900
1545,2011-02-28,21.43000,21.58000,20.99000,21.02000,201400
1546,2011-02-25,21.43000,21.43000,20.92000,21.15000,150000
1547,2011-02-24,21.19000,21.55000,20.75000,21.36000,126700
1548,2011-02-23,22.00000,22.00000,21.03000,21.12000,127100
1549,2011-02-22,22.50000,22.63000,21.74000,21.87000,184800
1550,2011-02-18,22.46000,22.80000,22.23000,22.74000,187900
1551,2011-02-17,22.62000,22.62000,22.27000,22.27000,126000
1552,2011-02-16,22.62000,22.83000,22.42000,22.51000,112000
1553,2011-02-15,22.55000,22.84000,22.36000,22.41000,194400
1554,2011-02-14,22.80000,22.95000,22.45000,22.60000,178100
1555,2011-02-11,22.55000,22.99000,22.50000,22.80000,155500
1556,2011-02-10,22.60000,22.87000,22.44000,22.72000,186700
1557,2011-02-09,22.75000,22.98000,22.30000,22.73000,204400
1558,2011-02-08,22.47000,22.75000,21.84000,22.75000,114700
1559,2011-02-07,22.76000,22.86000,22.16000,22.51000,287300
1560,2011-02-04,20.86000,22.76000,20.44000,22.63000,517500
1561,2011-02-03,20.87000,20.89000,19.50000,20.69000,344100
1562,2011-02-02,20.38000,20.60000,19.85000,20.01000,189700
1563,2011-02-01,19.97000,20.60000,19.75000,20.40000,223100
1564,2011-01-31,19.71000,19.87000,19.01000,19.68000,116400
1565,2011-01-28,19.86000,19.96000,19.04000,19.49000,205200
1566,2011-01-27,20.00000,20.00000,19.60000,19.80000,119700
1567,2011-01-26,19.45000,20.02000,19.26000,20.01000,222800
1568,2011-01-25,18.35000,19.30000,18.25000,19.28000,233500
1569,2011-01-24,17.75000,18.57000,17.50000,18.41000,128100
1570,2011-01-21,18.12000,18.18000,17.72000,17.80000,125600
1571,2011-01-20,18.20000,18.42000,18.01000,18.04000,175400
1572,2011-01-19,19.07000,19.10000,18.23000,18.26000,126000
1573,2011-01-18,19.16000,19.17000,18.78000,19.01000,137800
1574,2011-01-14,19.13000,19.18000,18.86000,18.99000,131600
1575,2011-01-13,19.14000,19.14000,18.79000,19.00000,97300
1576,2011-01-12,19.37000,19.37000,18.94000,19.12000,128900
1577,2011-01-11,19.00000,19.16000,18.62000,19.09000,136300
1578,2011-01-10,18.90000,19.17000,18.41000,18.78000,180400
1579,2011-01-07,19.80000,19.80000,18.58000,18.96000,118000
1580,2011-01-06,19.66000,19.95000,19.56000,19.66000,138200
1581,2011-01-05,19.42000,19.72000,19.33000,19.56000,165800
1582,2011-01-04,19.89000,20.04000,19.11000,19.46000,266100
1583,2011-01-03,19.03000,19.95000,18.84000,19.79000,226600
1584,2010-12-31,19.19000,19.31000,18.80000,18.80000,81300
1585,2010-12-30,19.15000,19.36000,19.15000,19.22000,59400
1586,2010-12-29,19.27000,19.28000,19.03000,19.21000,57700
1587,2010-12-28,19.75000,19.75000,19.12000,19.17000,89200
1588,2010-12-27,19.50000,19.75000,19.22000,19.66000,64200
1589,2010-12-23,19.60000,19.74000,19.50000,19.60000,105200
1590,2010-12-22,19.62000,19.76000,19.42000,19.64000,160500
1591,2010-12-21,19.44000,19.66000,19.36000,19.63000,105200
1592,2010-12-20,19.31000,19.71000,19.12000,19.36000,158200
1593,2010-12-17,19.58000,19.71000,18.93000,19.30000,296600
1594,2010-12-16,19.52000,19.70000,19.20000,19.61000,170600
1595,2010-12-15,19.57000,19.68000,19.20000,19.40000,230500
1596,2010-12-14,19.25000,19.80000,19.25000,19.66000,197900
1597,2010-12-13,19.67000,19.67000,19.20000,19.25000,300400
1598,2010-12-10,20.06000,20.10000,19.61000,19.65000,190700
1599,2010-12-09,20.05000,20.05000,19.79000,19.98000,138000
1600,2010-12-08,20.11000,20.11000,19.71000,19.84000,187600
1601,2010-12-07,19.89000,20.29000,19.40000,19.97000,301600
1602,2010-12-06,18.80000,19.56000,18.80000,19.53000,339900
1603,2010-12-03,18.49000,18.89000,18.20000,18.80000,176400
1604,2010-12-02,18.41000,18.86000,18.12000,18.70000,219900
1605,2010-12-01,18.20000,18.60000,17.91000,18.30000,259400
1606,2010-11-30,17.77000,18.15000,17.60000,17.86000,149900
1607,2010-11-29,17.76000,18.08000,17.42000,18.03000,176100
1608,2010-11-26,18.02000,18.16000,17.77000,17.88000,65100
1609,2010-11-24,17.75000,18.20000,17.75000,18.20000,236300
1610,2010-11-23,17.41000,17.65000,17.07000,17.49000,358200
1611,2010-11-22,17.62000,17.85000,17.49000,17.73000,203200
1612,2010-11-19,17.92000,17.93000,17.54000,17.64000,94800
1613,2010-11-18,18.00000,18.19000,17.73000,17.91000,155300
1614,2010-11-17,17.58000,17.92000,17.42000,17.67000,169600
1615,2010-11-16,17.72000,17.95000,17.44000,17.54000,219700
1616,2010-11-15,17.64000,18.05000,17.64000,17.86000,206500
1617,2010-11-12,17.84000,18.10000,17.42000,17.54000,254400
1618,2010-11-11,16.76000,18.13000,16.72000,18.05000,512900
1619,2010-11-10,17.50000,17.50000,16.39000,17.00000,365600
1620,2010-11-09,16.44000,16.46000,16.25000,16.46000,204500
1621,2010-11-08,15.84000,16.40000,15.84000,16.33000,144700
1622,2010-11-05,15.95000,16.25000,15.72000,15.87000,135400
1623,2010-11-04,15.85000,16.10000,15.64000,15.88000,171800
1624,2010-11-03,15.45000,15.77000,15.22000,15.37000,134100
1625,2010-11-02,15.15000,15.49000,14.96000,15.38000,147800
1626,2010-11-01,14.93000,15.57000,14.54000,14.84000,195300
1627,2010-10-29,14.58000,15.00000,14.12000,14.85000,139300
1628,2010-10-28,15.09000,15.15000,14.61000,14.63000,179200
1629,2010-10-27,15.20000,15.20000,14.77000,14.89000,120200
1630,2010-10-26,15.34000,15.77000,15.24000,15.37000,79100
1631,2010-10-25,15.83000,15.83000,15.21000,15.46000,186100
1632,2010-10-22,15.66000,15.84000,15.51000,15.64000,134900
1633,2010-10-21,15.15000,15.57000,15.05000,15.52000,206100
1634,2010-10-20,14.87000,15.22000,14.75000,14.98000,123400
1635,2010-10-19,14.13000,14.98000,14.12000,14.72000,278300
1636,2010-10-18,13.95000,14.53000,13.82000,14.47000,50800
1637,2010-10-15,14.46000,14.66000,13.86000,13.94000,113000
1638,2010-10-14,14.03000,14.22000,13.77000,14.18000,106100
1639,2010-10-13,13.93000,14.36000,13.84000,14.10000,101800
1640,2010-10-12,13.70000,13.90000,13.57000,13.85000,63300
1641,2010-10-11,13.76000,14.03000,13.65000,13.73000,95900
1642,2010-10-08,12.93000,13.92000,12.93000,13.74000,136700
1643,2010-10-07,12.66000,13.06000,12.56000,12.88000,131600
1644,2010-10-06,12.53000,12.56000,12.27000,12.56000,143700
1645,2010-10-05,12.00000,12.66000,11.89000,12.52000,159200
1646,2010-10-04,12.08000,12.16000,11.70000,11.77000,85300
1647,2010-10-01,11.90000,12.23000,11.74000,12.15000,77500
1648,2010-09-30,12.12000,12.16000,11.60000,11.73000,154700
1649,2010-09-29,11.98000,12.10000,11.86000,11.94000,135300
1650,2010-09-28,11.93000,12.12000,11.64000,12.05000,124900
1651,2010-09-27,12.20000,12.25000,11.86000,11.92000,75900
1652,2010-09-24,11.87000,12.23000,11.77000,12.19000,131300
1653,2010-09-23,11.77000,12.05000,11.58000,11.59000,95400
1654,2010-09-22,12.41000,12.63000,11.84000,11.94000,139000
1655,2010-09-21,13.15000,13.15000,12.52000,12.53000,83400
1656,2010-09-20,12.39000,13.32000,12.09000,13.14000,326800
1657,2010-09-17,12.58000,12.58000,12.13000,12.38000,372600
1658,2010-09-16,12.46000,12.55000,12.15000,12.42000,104000
1659,2010-09-15,12.38000,12.65000,12.14000,12.52000,63500
1660,2010-09-14,12.41000,12.61000,12.26000,12.44000,92300
1661,2010-09-13,11.98000,12.50000,11.77000,12.43000,143500
1662,2010-09-10,11.94000,12.00000,11.73000,11.83000,44200
1663,2010-09-09,11.99000,12.00000,11.71000,11.89000,77500
1664,2010-09-08,11.83000,12.09000,11.73000,11.76000,89800
1665,2010-09-07,12.42000,12.42000,11.71000,11.76000,136700
1666,2010-09-03,11.62000,12.50000,11.54000,12.46000,215200
1667,2010-09-02,11.31000,11.51000,11.13000,11.43000,284800
1668,2010-09-01,10.71000,11.38000,10.49000,11.36000,318400
1669,2010-08-31,10.31000,10.60000,10.07000,10.44000,446000
1670,2010-08-30,10.64000,10.84000,10.31000,10.32000,218700
1671,2010-08-27,10.66000,10.79000,10.33000,10.74000,132700
1672,2010-08-26,10.86000,11.10000,10.42000,10.45000,142400
1673,2010-08-25,10.46000,10.87000,10.23000,10.80000,118000
1674,2010-08-24,10.61000,10.94000,10.42000,10.53000,169400
1675,2010-08-23,11.62000,11.78000,10.66000,10.67000,259000
1676,2010-08-20,11.45000,11.64000,11.18000,11.53000,131000
1677,2010-08-19,12.18000,12.24000,11.52000,11.56000,228700
1678,2010-08-18,12.19000,12.40000,11.82000,12.29000,146700
1679,2010-08-17,12.12000,12.37000,12.06000,12.24000,255500
1680,2010-08-16,12.32000,12.40000,11.43000,11.88000,346200
1681,2010-08-13,12.86000,13.02000,12.36000,12.48000,138500
1682,2010-08-12,12.75000,13.48000,12.75000,12.89000,136600
1683,2010-08-11,14.16000,14.69000,12.71000,13.04000,205800
1684,2010-08-10,14.49000,14.61000,14.01000,14.10000,78500
1685,2010-08-09,14.49000,14.77000,14.40000,14.73000,99200
1686,2010-08-06,14.30000,14.59000,13.88000,14.31000,112200
1687,2010-08-05,14.70000,14.83000,14.39000,14.60000,119000
1688,2010-08-04,14.87000,15.17000,14.66000,14.81000,150900
1689,2010-08-03,14.88000,15.22000,14.48000,14.78000,160200
1690,2010-08-02,15.14000,15.41000,14.74000,15.03000,85200
1691,2010-07-30,14.70000,15.26000,14.70000,14.80000,85400
1692,2010-07-29,15.21000,15.26000,14.78000,15.04000,54400
1693,2010-07-28,15.47000,15.61000,14.96000,15.08000,74300
1694,2010-07-27,16.03000,16.28000,15.45000,15.56000,105400
1695,2010-07-26,15.38000,15.85000,15.25000,15.83000,144300
1696,2010-07-23,14.63000,15.41000,14.63000,15.35000,91800
1697,2010-07-22,13.55000,15.01000,13.37000,14.78000,158600
1698,2010-07-21,13.78000,13.86000,13.06000,13.26000,104600
1699,2010-07-20,13.07000,13.64000,12.93000,13.60000,111300
1700,2010-07-19,13.19000,13.38000,12.87000,13.30000,61800
1701,2010-07-16,13.86000,13.87000,13.01000,13.08000,160300
1702,2010-07-15,14.31000,14.33000,13.70000,14.03000,82300
1703,2010-07-14,14.15000,14.37000,14.06000,14.32000,58300
1704,2010-07-13,14.15000,14.33000,13.78000,14.27000,161900
1705,2010-07-12,14.34000,14.50000,13.77000,13.88000,54800
1706,2010-07-09,13.86000,14.40000,13.70000,14.37000,67500
1707,2010-07-08,13.98000,13.98000,13.31000,13.92000,87800
1708,2010-07-07,13.10000,13.83000,13.03000,13.77000,116100
1709,2010-07-06,13.78000,13.88000,12.93000,12.98000,146500
1710,2010-07-02,13.98000,13.98000,13.35000,13.50000,85500
1711,2010-07-01,14.96000,14.98000,13.70000,13.80000,201100
1712,2010-06-30,15.45000,15.56000,14.78000,14.87000,163800
1713,2010-06-29,15.50000,15.80000,15.10000,15.46000,264100
1714,2010-06-28,15.86000,16.31000,15.83000,15.88000,117000
1715,2010-06-25,15.20000,15.99000,15.07000,15.97000,227500
1716,2010-06-24,14.89000,15.47000,14.87000,15.10000,90400
1717,2010-06-23,14.92000,15.49000,14.71000,15.03000,123800
1718,2010-06-22,15.24000,15.50000,14.70000,14.91000,108200
1719,2010-06-21,15.04000,15.40000,14.97000,15.11000,144300
1720,2010-06-18,14.52000,14.96000,14.37000,14.77000,218400
1721,2010-06-17,14.88000,14.88000,14.24000,14.41000,133000
1722,2010-06-16,14.78000,15.02000,14.53000,14.83000,134900
1723,2010-06-15,14.25000,15.04000,14.00000,15.00000,189900
1724,2010-06-14,14.69000,14.69000,14.01000,14.10000,121900
1725,2010-06-11,13.77000,14.49000,13.64000,14.46000,129100
1726,2010-06-10,13.42000,14.00000,13.25000,13.98000,158300
1727,2010-06-09,13.05000,13.40000,12.89000,13.08000,164900
1728,2010-06-08,13.28000,13.31000,12.80000,12.83000,408500
1729,2010-06-07,13.89000,13.97000,13.22000,13.23000,175800
1730,2010-06-04,14.60000,14.77000,13.80000,13.88000,152300
1731,2010-06-03,15.02000,15.45000,15.02000,15.20000,130700
1732,2010-06-02,14.38000,15.16000,14.17000,15.09000,231300
1733,2010-06-01,14.50000,14.74000,14.23000,14.33000,218300
1734,2010-05-28,14.78000,14.80000,14.46000,14.59000,133000
1735,2010-05-27,14.88000,14.97000,14.48000,14.89000,116700
1736,2010-05-26,14.26000,14.80000,14.21000,14.39000,222100
1737,2010-05-25,14.65000,14.65000,13.87000,14.17000,158700
1738,2010-05-24,14.85000,15.18000,14.65000,14.86000,101600
1739,2010-05-21,14.41000,15.00000,14.15000,14.89000,211000
1740,2010-05-20,15.77000,15.93000,14.74000,14.77000,138400
1741,2010-05-19,16.54000,16.86000,16.27000,16.41000,129300
1742,2010-05-18,17.41000,17.55000,16.67000,16.67000,96800
1743,2010-05-17,16.74000,17.15000,15.87000,17.04000,320500
1744,2010-05-14,16.88000,17.18000,16.29000,16.55000,154400
1745,2010-05-13,16.99000,17.11000,16.53000,17.05000,184400
1746,2010-05-12,17.21000,17.44000,16.51000,17.00000,321500
1747,2010-05-11,15.48000,16.48000,15.47000,16.37000,356500
1748,2010-05-10,14.87000,15.73000,14.83000,15.67000,194600
1749,2010-05-07,14.70000,15.06000,14.00000,14.03000,371700
1750,2010-05-06,15.53000,15.75000,13.78000,14.63000,238400
1751,2010-05-05,15.93000,16.25000,15.56000,15.57000,112100
1752,2010-05-04,16.50000,16.50000,16.00000,16.07000,131600
1753,2010-05-03,16.16000,16.84000,15.98000,16.82000,179200
1754,2010-04-30,17.30000,17.30000,16.06000,16.06000,204800
1755,2010-04-29,17.53000,17.53000,16.83000,17.27000,215400
1756,2010-04-28,18.23000,18.27000,17.32000,17.34000,214300
1757,2010-04-27,18.42000,18.74000,18.09000,18.11000,171900
1758,2010-04-26,18.77000,18.93000,18.43000,18.49000,84900
1759,2010-04-23,18.49000,18.75000,18.25000,18.75000,159300
1760,2010-04-22,18.12000,18.45000,18.00000,18.43000,88800
1761,2010-04-21,17.70000,18.40000,17.58000,18.39000,159800
1762,2010-04-20,17.60000,17.73000,17.50000,17.72000,69600
1763,2010-04-19,17.66000,17.80000,17.20000,17.53000,93000
1764,2010-04-16,17.87000,18.00000,17.56000,17.72000,95400
1765,2010-04-15,17.90000,18.09000,17.84000,17.90000,91900
1766,2010-04-14,17.50000,18.01000,17.21000,18.00000,131700
1767,2010-04-13,17.49000,17.50000,17.16000,17.31000,73100
1768,2010-04-12,16.99000,17.50000,16.95000,17.50000,118900
1769,2010-04-09,17.22000,17.22000,16.78000,16.87000,53700
1770,2010-04-08,17.01000,17.34000,16.64000,17.26000,89000
1771,2010-04-07,17.48000,17.50000,17.00000,17.14000,139300
1772,2010-04-06,17.13000,17.60000,17.13000,17.56000,117300
1773,2010-04-05,16.73000,17.27000,16.67000,17.25000,144700
1774,2010-04-01,16.75000,16.90000,16.48000,16.69000,128500
1775,2010-03-31,17.10000,17.37000,16.65000,16.66000,163900
1776,2010-03-30,17.00000,17.32000,16.87000,17.23000,75100
1777,2010-03-29,16.85000,17.14000,16.81000,17.02000,67000
1778,2010-03-26,16.52000,17.01000,16.31000,16.74000,71100
1779,2010-03-25,16.92000,17.08000,16.34000,16.40000,169400
1780,2010-03-24,17.23000,17.39000,16.80000,16.81000,85400
1781,2010-03-23,17.00000,17.35000,16.88000,17.29000,102200
1782,2010-03-22,16.55000,17.00000,16.25000,16.94000,121700
1783,2010-03-19,17.37000,17.37000,16.62000,16.65000,212000
1784,2010-03-18,17.06000,17.43000,16.56000,17.24000,90800
1785,2010-03-17,17.20000,17.45000,17.03000,17.13000,81500
1786,2010-03-16,17.27000,17.27000,16.84000,17.16000,55500
1787,2010-03-15,16.98000,17.23000,16.42000,17.16000,78300
1788,2010-03-12,18.00000,18.00000,16.94000,17.06000,188600
1789,2010-03-11,17.89000,18.02000,17.38000,17.99000,124500
1790,2010-03-10,17.34000,18.00000,17.34000,17.99000,119100
1791,2010-03-09,16.86000,17.40000,16.84000,17.29000,125900
1792,2010-03-08,16.84000,17.01000,16.65000,16.90000,287300
1793,2010-03-05,16.33000,16.84000,16.33000,16.80000,654900
1794,2010-03-04,15.96000,16.45000,15.85000,16.16000,155500
1795,2010-03-03,16.00000,16.14000,15.69000,15.96000,146300
1796,2010-03-02,16.28000,16.28000,15.85000,15.91000,168200
1797,2010-03-01,15.80000,16.30000,15.79000,16.20000,149900
1798,2010-02-26,15.99000,16.12000,15.69000,15.73000,107400
1799,2010-02-25,15.80000,16.12000,15.56000,16.02000,211700
1800,2010-02-24,15.94000,16.34000,15.87000,16.14000,135200
1801,2010-02-23,16.56000,16.63000,15.64000,15.92000,569800
1802,2010-02-22,16.97000,17.20000,16.63000,16.65000,135900
1803,2010-02-19,16.66000,17.00000,16.39000,16.95000,279500
1804,2010-02-18,15.94000,16.75000,15.94000,16.67000,288500
1805,2010-02-17,15.50000,16.02000,15.41000,16.01000,222400
1806,2010-02-16,15.39000,15.51000,15.22000,15.50000,86900
1807,2010-02-12,15.33000,15.53000,15.11000,15.22000,141200
1808,2010-02-11,14.94000,15.69000,14.81000,15.55000,149800
1809,2010-02-10,15.21000,15.34000,14.80000,14.98000,141600
1810,2010-02-09,15.73000,15.90000,15.26000,15.34000,263700
1811,2010-02-08,15.91000,15.97000,15.13000,15.48000,271700
1812,2010-02-05,13.38000,16.34000,13.38000,15.89000,896800
1813,2010-02-04,13.63000,13.65000,13.17000,13.25000,225800
1814,2010-02-03,13.82000,13.89000,13.55000,13.82000,106300
1815,2010-02-02,13.61000,13.92000,13.46000,13.87000,173500
1816,2010-02-01,13.24000,13.56000,13.10000,13.56000,134700
1817,2010-01-29,13.22000,13.45000,13.05000,13.12000,264800
1818,2010-01-28,13.49000,13.65000,13.04000,13.19000,170800
1819,2010-01-27,13.26000,13.53000,12.90000,13.47000,181300
1820,2010-01-26,13.22000,13.57000,13.08000,13.40000,204200
1821,2010-01-25,13.47000,13.59000,13.15000,13.27000,190200
1822,2010-01-22,13.07000,13.40000,13.00000,13.24000,258000
1823,2010-01-21,13.75000,13.75000,13.00000,13.12000,166400
1824,2010-01-20,12.99000,13.75000,12.87000,13.72000,371700
1825,2010-01-19,12.44000,12.54000,12.10000,12.46000,142100
1826,2010-01-15,12.59000,12.59000,12.01000,12.35000,132700
1827,2010-01-14,12.38000,12.62000,12.17000,12.55000,44600
1828,2010-01-13,11.99000,12.55000,11.99000,12.48000,100100
1829,2010-01-12,12.17000,12.23000,11.80000,11.89000,122500
1830,2010-01-11,12.50000,12.51000,12.13000,12.26000,85000
1831,2010-01-08,12.64000,12.64000,12.22000,12.44000,209600
1832,2010-01-07,12.51000,12.72000,12.27000,12.67000,133200
1833,2010-01-06,12.87000,12.98000,12.42000,12.56000,194900
1834,2010-01-05,12.83000,12.99000,12.60000,12.95000,209400
1835,2010-01-04,12.10000,12.93000,12.10000,12.89000,190700
1836,2009-12-31,12.17000,12.32000,11.93000,11.93000,150600
1837,2009-12-30,12.14000,12.25000,12.01000,12.24000,109700
1838,2009-12-29,12.23000,12.30000,12.03000,12.18000,106800
1839,2009-12-28,12.25000,12.25000,12.01000,12.15000,123900
1840,2009-12-24,12.01000,12.27000,12.01000,12.19000,72700
1841,2009-12-23,11.84000,12.21000,11.68000,11.96000,152500
1842,2009-12-22,11.32000,11.91000,11.13000,11.78000,309900
1843,2009-12-21,10.34000,11.52000,10.25000,11.26000,400100
1844,2009-12-18,10.80000,11.16000,10.21000,10.26000,3934300
1845,2009-12-17,10.96000,10.98000,10.49000,10.69000,246200
1846,2009-12-16,10.80000,11.15000,10.64000,11.12000,253400
1847,2009-12-15,11.14000,11.31000,10.67000,10.69000,197400
1848,2009-12-14,11.16000,11.21000,10.82000,11.18000,155400
1849,2009-12-11,10.77000,11.10000,10.53000,11.05000,95100
1850,2009-12-10,11.52000,11.52000,10.51000,10.65000,240500
1851,2009-12-09,11.62000,11.62000,11.23000,11.45000,136200
1852,2009-12-08,11.56000,11.90000,11.41000,11.61000,93400
1853,2009-12-07,11.55000,11.73000,11.42000,11.66000,76500
1854,2009-12-04,10.63000,11.66000,10.59000,11.62000,167700
1855,2009-12-03,10.62000,10.67000,10.31000,10.37000,75700
1856,2009-12-02,10.66000,10.99000,10.56000,10.62000,81900
1857,2009-12-01,10.57000,10.86000,10.51000,10.71000,98300
1858,2009-11-30,10.36000,10.51000,10.01000,10.49000,144800
1859,2009-11-27,10.41000,10.53000,10.35000,10.39000,67300
1860,2009-11-25,10.94000,10.95000,10.81000,10.85000,85900
1861,2009-11-24,10.87000,10.94000,10.75000,10.90000,106400
1862,2009-11-23,10.96000,11.04000,10.74000,10.84000,87500
1863,2009-11-20,10.51000,10.75000,10.51000,10.73000,79600
1864,2009-11-19,11.09000,11.09000,10.60000,10.67000,132100
1865,2009-11-18,11.50000,11.53000,11.11000,11.26000,43000
1866,2009-11-17,11.62000,11.62000,11.38000,11.54000,137200
1867,2009-11-16,11.12000,11.86000,11.12000,11.69000,84700
1868,2009-11-13,10.92000,11.48000,10.75000,11.03000,73800
1869,2009-11-12,11.44000,11.57000,10.78000,10.83000,92400
1870,2009-11-11,11.63000,11.96000,11.23000,11.48000,90900
1871,2009-11-10,11.72000,11.82000,11.44000,11.46000,155400
1872,2009-11-09,12.22000,12.22000,11.62000,11.76000,163100
1873,2009-11-06,11.72000,12.24000,11.32000,12.12000,147400
1874,2009-11-05,11.23000,12.00000,11.23000,11.91000,124200
1875,2009-11-04,11.35000,11.50000,10.99000,11.09000,88300
1876,2009-11-03,11.15000,11.34000,10.96000,11.28000,78000
1877,2009-11-02,11.12000,11.37000,10.62000,11.21000,84800
1878,2009-10-30,12.05000,12.20000,11.01000,11.08000,184300
1879,2009-10-29,12.17000,12.79000,12.03000,12.18000,112200
1880,2009-10-28,12.36000,12.72000,12.02000,12.04000,175600
1881,2009-10-27,12.26000,12.61000,12.25000,12.35000,74400
1882,2009-10-26,12.26000,12.54000,12.00000,12.15000,82000
1883,2009-10-23,12.92000,13.02000,12.25000,12.29000,85500
1884,2009-10-22,12.66000,13.00000,12.29000,12.91000,63800
1885,2009-10-21,13.20000,13.50000,12.53000,12.70000,127000
1886,2009-10-20,13.28000,13.42000,12.87000,13.27000,58900
1887,2009-10-19,13.02000,13.45000,12.68000,13.26000,68200
1888,2009-10-16,12.99000,13.11000,12.71000,12.96000,76700
1889,2009-10-15,12.95000,13.30000,12.83000,13.11000,47200
1890,2009-10-14,12.62000,13.19000,12.60000,13.10000,72400
1891,2009-10-13,12.91000,12.91000,12.56000,12.60000,87400
1892,2009-10-12,13.34000,13.50000,12.94000,12.99000,92900
1893,2009-10-09,13.15000,13.37000,12.92000,13.36000,80500
1894,2009-10-08,13.30000,13.69000,13.04000,13.22000,114800
1895,2009-10-07,13.15000,13.39000,13.04000,13.24000,108500
1896,2009-10-06,12.99000,13.37000,12.92000,13.23000,93400
1897,2009-10-05,12.68000,12.99000,12.50000,12.91000,92800
1898,2009-10-02,12.15000,12.68000,12.15000,12.62000,87100
1899,2009-10-01,12.60000,12.73000,12.04000,12.32000,191000
1900,2009-09-30,12.64000,12.64000,12.00000,12.30000,152300
1901,2009-09-29,13.05000,13.05000,12.59000,12.66000,52400
1902,2009-09-28,12.64000,13.17000,12.00000,13.09000,64800
1903,2009-09-25,12.74000,12.91000,12.59000,12.61000,67200
1904,2009-09-24,13.40000,13.62000,12.59000,12.72000,77000
1905,2009-09-23,13.99000,13.99000,13.43000,13.43000,78600
1906,2009-09-22,13.92000,14.10000,13.60000,13.94000,63600
1907,2009-09-21,13.73000,13.96000,13.61000,13.72000,64300
1908,2009-09-18,13.66000,14.10000,13.65000,14.01000,274500
1909,2009-09-17,13.64000,13.84000,13.45000,13.61000,77000
1910,2009-09-16,13.16000,13.75000,13.07000,13.64000,97300
1911,2009-09-15,13.01000,13.23000,12.79000,13.13000,84500
1912,2009-09-14,12.18000,13.00000,12.18000,12.99000,122400
1913,2009-09-11,12.46000,12.83000,12.29000,12.33000,63000
1914,2009-09-10,12.00000,12.50000,11.97000,12.49000,90400
1915,2009-09-09,11.59000,12.10000,11.41000,12.05000,85600
1916,2009-09-08,12.07000,12.10000,11.27000,11.63000,191500
1917,2009-09-04,11.57000,12.06000,11.43000,11.99000,70000
1918,2009-09-03,11.65000,11.88000,11.18000,11.62000,87000
1919,2009-09-02,11.37000,11.93000,11.27000,11.63000,95800
1920,2009-09-01,11.35000,11.99000,11.11000,11.43000,143100
1921,2009-08-31,11.87000,11.87000,11.25000,11.48000,158900
1922,2009-08-28,12.57000,12.57000,11.94000,12.04000,84200
1923,2009-08-27,12.38000,12.63000,11.86000,12.47000,67200
1924,2009-08-26,12.32000,12.50000,12.02000,12.35000,76800
1925,2009-08-25,12.46000,12.60000,12.22000,12.27000,92600
1926,2009-08-24,12.53000,12.65000,12.11000,12.37000,78900
1927,2009-08-21,12.06000,12.60000,11.96000,12.53000,127400
1928,2009-08-20,11.25000,11.85000,11.25000,11.81000,68900
1929,2009-08-19,10.91000,11.38000,10.88000,11.31000,69400
1930,2009-08-18,11.40000,11.85000,10.96000,11.00000,122900
1931,2009-08-17,11.50000,11.71000,11.33000,11.36000,85700
1932,2009-08-14,11.70000,11.83000,11.51000,11.62000,98900
1933,2009-08-13,11.96000,11.96000,11.56000,11.78000,62900
1934,2009-08-12,11.33000,12.12000,11.33000,11.89000,89800
1935,2009-08-11,11.76000,11.83000,11.35000,11.36000,80700
1936,2009-08-10,11.70000,12.05000,11.50000,11.87000,97000
1937,2009-08-07,11.54000,12.05000,11.27000,11.90000,143500
1938,2009-08-06,11.63000,12.36000,11.17000,11.31000,119600
1939,2009-08-05,11.81000,12.32000,11.50000,11.56000,130600
1940,2009-08-04,11.92000,12.60000,11.92000,12.49000,98100
1941,2009-08-03,11.88000,12.14000,11.70000,12.10000,196700
1942,2009-07-31,12.08000,12.23000,11.76000,11.76000,127400
1943,2009-07-30,12.36000,12.70000,12.14000,12.20000,149000
1944,2009-07-29,12.13000,12.47000,12.13000,12.22000,54400
1945,2009-07-28,12.03000,12.38000,11.89000,12.27000,87500
1946,2009-07-27,12.77000,12.77000,11.89000,12.06000,127400
1947,2009-07-24,12.73000,12.91000,12.60000,12.83000,79000
1948,2009-07-23,12.24000,12.98000,11.87000,12.88000,144500
1949,2009-07-22,12.27000,12.65000,12.22000,12.29000,69200
1950,2009-07-21,12.33000,12.46000,12.13000,12.37000,74100
1951,2009-07-20,12.10000,12.31000,11.88000,12.28000,57200
1952,2009-07-17,12.26000,12.27000,11.86000,12.05000,100800
1953,2009-07-16,11.89000,12.29000,11.51000,12.18000,117600
1954,2009-07-15,11.01000,11.91000,10.68000,11.88000,134600
1955,2009-07-14,10.82000,10.88000,10.63000,10.79000,70300
1956,2009-07-13,10.71000,10.86000,10.39000,10.86000,74600
1957,2009-07-10,10.48000,10.78000,10.40000,10.68000,77900
1958,2009-07-09,10.70000,10.96000,10.56000,10.63000,78700
1959,2009-07-08,10.71000,10.94000,10.51000,10.66000,92400
1960,2009-07-07,10.82000,10.97000,10.64000,10.69000,109600
1961,2009-07-06,10.64000,11.02000,10.57000,10.84000,135000
1962,2009-07-02,11.04000,11.77000,10.70000,10.72000,163000
1963,2009-07-01,10.95000,11.47000,10.62000,11.30000,142000
1964,2009-06-30,11.48000,11.48000,10.92000,10.95000,295400
1965,2009-06-29,11.76000,11.76000,11.21000,11.44000,160900
1966,2009-06-26,11.51000,11.86000,11.20000,11.74000,494900
1967,2009-06-25,11.40000,11.64000,11.27000,11.61000,212500
1968,2009-06-24,11.61000,11.78000,11.40000,11.51000,260600
1969,2009-06-23,11.57000,11.88000,11.41000,11.45000,177700
1970,2009-06-22,12.09000,12.09000,11.50000,11.50000,195300
1971,2009-06-19,12.35000,12.77000,12.23000,12.26000,307700
1972,2009-06-18,12.47000,12.53000,12.22000,12.34000,156300
1973,2009-06-17,12.49000,12.94000,12.44000,12.50000,225800
1974,2009-06-16,12.43000,12.99000,12.38000,12.47000,126100
1975,2009-06-15,12.50000,12.63000,12.06000,12.35000,210500
1976,2009-06-12,12.08000,12.40000,12.05000,12.37000,109100
1977,2009-06-11,11.98000,12.40000,11.98000,12.19000,115000
1978,2009-06-10,12.24000,12.29000,11.70000,12.00000,116700
1979,2009-06-09,12.31000,12.36000,12.00000,12.15000,123800
1980,2009-06-08,12.11000,12.49000,12.05000,12.21000,107800
1981,2009-06-05,12.22000,12.59000,11.98000,12.33000,84500
1982,2009-06-04,11.99000,12.24000,11.75000,12.12000,98000
1983,2009-06-03,11.78000,12.08000,11.71000,11.99000,154200
1984,2009-06-02,11.62000,12.19000,11.52000,11.96000,186000
1985,2009-06-01,10.91000,11.93000,10.91000,11.87000,273300
1986,2009-05-29,10.70000,10.99000,10.20000,10.66000,280100
1987,2009-05-28,10.79000,11.23000,10.19000,10.67000,157200
1988,2009-05-27,11.56000,11.64000,10.61000,10.66000,198200
1989,2009-05-26,10.46000,11.79000,10.30000,11.77000,176800
1990,2009-05-22,10.64000,11.02000,10.53000,10.57000,99000
1991,2009-05-21,10.82000,10.94000,10.39000,10.60000,181200
1992,2009-05-20,11.53000,11.58000,10.87000,10.92000,187700
1993,2009-05-19,11.67000,11.71000,11.31000,11.39000,163100
1994,2009-05-18,11.48000,11.88000,11.28000,11.84000,132600
1995,2009-05-15,11.61000,11.77000,11.07000,11.38000,133000
1996,2009-05-14,11.38000,11.66000,11.21000,11.58000,132100
1997,2009-05-13,11.55000,11.59000,10.96000,11.18000,162200
1998,2009-05-12,11.78000,11.97000,11.33000,11.79000,238900
1999,2009-05-11,11.89000,12.23000,11.57000,11.76000,172400
2000,2009-05-08,11.56000,12.32000,11.25000,12.23000,269500
2001,2009-05-07,11.50000,11.63000,11.05000,11.19000,177100
2002,2009-05-06,11.38000,11.44000,10.96000,11.41000,178000
2003,2009-05-05,11.36000,11.72000,10.99000,11.21000,534900
2004,2009-05-04,11.49000,11.84000,11.18000,11.38000,227100
2005,2009-05-01,11.30000,11.61000,11.06000,11.37000,311500
2006,2009-04-30,11.65000,12.00000,11.22000,11.36000,300800
2007,2009-04-29,10.84000,11.89000,10.23000,11.55000,271600
2008,2009-04-28,9.85000,10.90000,9.73000,10.80000,338600
2009,2009-04-27,10.43000,10.69000,10.15000,10.41000,248300
2010,2009-04-24,10.16000,10.80000,10.14000,10.69000,148000
2011,2009-04-23,10.30000,10.43000,9.80000,9.98000,298300
2012,2009-04-22,9.64000,10.43000,9.45000,10.21000,228500
2013,2009-04-21,8.70000,9.67000,8.70000,9.64000,203200
2014,2009-04-20,9.44000,9.49000,8.83000,8.83000,141300
2015,2009-04-17,9.92000,10.24000,9.56000,9.75000,138000
2016,2009-04-16,9.73000,9.92000,9.60000,9.86000,175400
2017,2009-04-15,9.40000,9.88000,9.40000,9.60000,171000
2018,2009-04-14,9.45000,9.75000,9.36000,9.43000,135400
2019,2009-04-13,9.63000,9.74000,9.41000,9.70000,123600
2020,2009-04-09,9.35000,10.04000,9.22000,9.76000,146400
2021,2009-04-08,9.06000,9.26000,8.92000,9.07000,119700
2022,2009-04-07,8.83000,9.16000,8.75000,8.91000,159400
2023,2009-04-06,9.29000,9.50000,8.82000,9.03000,120300
2024,2009-04-03,9.28000,9.44000,9.17000,9.42000,187100
2025,2009-04-02,8.17000,9.52000,8.05000,9.37000,259600
2026,2009-04-01,7.83000,8.18000,7.68000,8.00000,190100
2027,2009-03-31,8.06000,8.29000,7.86000,8.05000,170300
2028,2009-03-30,8.30000,8.32000,7.89000,7.99000,174700
2029,2009-03-27,9.16000,9.17000,8.52000,8.56000,149800
2030,2009-03-26,8.81000,9.62000,8.81000,9.35000,168600
2031,2009-03-25,8.57000,9.04000,8.35000,8.73000,226600
2032,2009-03-24,9.06000,9.30000,8.57000,8.60000,137600
2033,2009-03-23,8.19000,9.29000,7.97000,9.26000,189500
2034,2009-03-20,8.43000,8.66000,7.95000,7.95000,196400
2035,2009-03-19,8.66000,8.79000,8.22000,8.42000,79100
2036,2009-03-18,8.07000,8.57000,7.96000,8.53000,338200
2037,2009-03-17,7.84000,8.07000,7.74000,8.07000,279100
2038,2009-03-16,7.95000,8.18000,7.80000,7.87000,157200
2039,2009-03-13,7.62000,8.10000,7.51000,7.91000,178600
2040,2009-03-12,6.83000,7.61000,6.80000,7.59000,182700
2041,2009-03-11,7.02000,7.40000,6.72000,6.86000,138800
2042,2009-03-10,6.44000,7.04000,6.19000,7.02000,160700
2043,2009-03-09,7.01000,7.01000,6.20000,6.31000,154800
2044,2009-03-06,6.23000,6.37000,6.11000,6.30000,141200
2045,2009-03-05,6.85000,6.99000,6.18000,6.20000,133600
2046,2009-03-04,7.11000,7.29000,6.87000,7.03000,232400
2047,2009-03-03,7.21000,7.46000,6.86000,7.03000,194600
2048,2009-03-02,7.43000,7.48000,7.08000,7.11000,214100
2049,2009-02-27,7.56000,7.92000,7.56000,7.60000,223200
2050,2009-02-26,8.06000,8.15000,7.79000,7.81000,276700
2051,2009-02-25,9.06000,9.06000,8.15000,8.19000,433600
2052,2009-02-24,9.06000,9.10000,8.38000,9.05000,274900
2053,2009-02-23,9.10000,9.48000,8.41000,8.42000,206500
2054,2009-02-20,9.50000,9.85000,8.88000,9.19000,193600
2055,2009-02-19,10.25000,10.30000,9.62000,9.66000,147700
2056,2009-02-18,10.30000,10.50000,10.10000,10.18000,123800
2057,2009-02-17,9.97000,10.58000,9.79000,10.21000,262900
2058,2009-02-13,10.24000,10.77000,9.75000,10.30000,112700
2059,2009-02-12,10.16000,10.47000,10.04000,10.28000,213700
2060,2009-02-11,10.17000,10.63000,10.17000,10.43000,126900
2061,2009-02-10,10.52000,10.58000,10.14000,10.17000,211000
2062,2009-02-09,10.62000,10.70000,10.25000,10.67000,132400
2063,2009-02-06,9.84000,11.12000,9.84000,10.66000,364400
2064,2009-02-05,9.47000,10.02000,9.09000,9.90000,247400
2065,2009-02-04,9.32000,10.08000,9.32000,9.61000,175700
2066,2009-02-03,9.28000,9.47000,8.96000,9.36000,136600
2067,2009-02-02,8.95000,9.33000,8.87000,9.26000,168100
2068,2009-01-30,9.71000,9.93000,9.00000,9.06000,196100
2069,2009-01-29,10.22000,10.22000,9.60000,9.68000,205400
2070,2009-01-28,10.44000,10.81000,10.17000,10.34000,291500
2071,2009-01-27,10.03000,10.43000,9.87000,10.28000,138000
2072,2009-01-26,10.13000,10.39000,9.80000,10.03000,240100
2073,2009-01-23,10.21000,10.39000,9.80000,10.17000,220200
2074,2009-01-22,10.66000,11.03000,10.15000,10.52000,224700
2075,2009-01-21,10.90000,11.36000,10.74000,11.30000,126700
2076,2009-01-20,11.35000,11.38000,10.75000,10.77000,144500
2077,2009-01-16,12.05000,12.05000,11.33000,11.67000,120400
2078,2009-01-15,11.42000,11.99000,11.11000,11.92000,209300
2079,2009-01-14,12.20000,12.73000,11.43000,11.49000,232800
2080,2009-01-13,12.43000,12.75000,12.33000,12.56000,112300
2081,2009-01-12,12.79000,13.15000,12.47000,12.54000,87900
2082,2009-01-09,13.58000,13.58000,12.83000,12.86000,135400
2083,2009-01-08,13.54000,14.00000,13.28000,13.65000,141400
2084,2009-01-07,13.73000,13.99000,13.39000,13.63000,197100
2085,2009-01-06,13.59000,14.13000,13.59000,14.06000,141700
2086,2009-01-05,13.48000,13.71000,13.17000,13.48000,131300
2087,2009-01-02,13.05000,13.59000,12.60000,13.51000,165300
2088,2008-12-31,12.42000,13.12000,12.16000,13.01000,163800
2089,2008-12-30,12.14000,12.47000,11.93000,12.44000,183300
2090,2008-12-29,12.55000,12.55000,11.92000,12.10000,115700
2091,2008-12-26,12.48000,12.70000,12.38000,12.55000,57200
2092,2008-12-24,12.38000,12.62000,11.93000,12.45000,54000
2093,2008-12-23,12.38000,12.72000,12.07000,12.45000,139700
2094,2008-12-22,13.31000,13.46000,11.68000,12.19000,217800
2095,2008-12-19,13.24000,13.88000,12.62000,13.28000,303800
2096,2008-12-18,13.14000,13.62000,12.73000,12.97000,243400
2097,2008-12-17,12.02000,13.47000,11.75000,13.14000,321200
2098,2008-12-16,11.40000,12.19000,11.23000,12.14000,205900
2099,2008-12-15,11.76000,11.91000,10.98000,11.23000,204600
2100,2008-12-12,10.82000,11.76000,10.50000,11.75000,149200
2101,2008-12-11,11.31000,11.69000,11.01000,11.17000,277800
2102,2008-12-10,11.25000,11.80000,11.01000,11.49000,146500
2103,2008-12-09,11.38000,12.04000,11.04000,11.18000,254200
2104,2008-12-08,11.44000,11.63000,10.84000,11.55000,284300
2105,2008-12-05,10.74000,11.20000,9.97000,11.18000,321500
2106,2008-12-04,10.71000,11.20000,10.22000,10.99000,273600
2107,2008-12-03,10.58000,11.23000,10.58000,10.98000,268200
2108,2008-12-02,10.47000,10.95000,9.61000,10.92000,219100
2109,2008-12-01,11.33000,11.70000,10.25000,10.30000,236300
2110,2008-11-28,11.46000,11.69000,11.42000,11.65000,116300
2111,2008-11-26,10.64000,11.77000,10.64000,11.69000,171500
2112,2008-11-25,11.16000,11.29000,10.47000,10.95000,410400
2113,2008-11-24,10.36000,11.92000,9.69000,10.86000,397800
2114,2008-11-21,10.30000,10.82000,9.47000,10.46000,338200
2115,2008-11-20,11.26000,11.26000,10.04000,10.05000,206400
2116,2008-11-19,11.97000,12.05000,11.02000,11.03000,243900
2117,2008-11-18,12.09000,12.37000,11.45000,11.91000,241200
2118,2008-11-17,12.25000,12.74000,12.07000,12.08000,222000
2119,2008-11-14,13.37000,13.72000,12.36000,12.42000,323000
2120,2008-11-13,12.31000,13.58000,11.87000,13.47000,433700
2121,2008-11-12,13.02000,13.29000,12.31000,12.41000,422900
2122,2008-11-11,12.90000,13.75000,12.32000,13.32000,332800
2123,2008-11-10,13.78000,13.78000,12.81000,12.97000,361900
2124,2008-11-07,13.68000,14.05000,13.14000,13.46000,256400
2125,2008-11-06,13.70000,13.96000,13.45000,13.52000,152600
2126,2008-11-05,14.57000,14.91000,13.70000,13.75000,170400
2127,2008-11-04,14.82000,14.95000,14.21000,14.79000,124600
2128,2008-11-03,13.94000,14.99000,13.62000,14.71000,205100
2129,2008-10-31,12.87000,14.47000,12.65000,14.24000,287800
2130,2008-10-30,12.60000,13.27000,12.52000,13.27000,172000
2131,2008-10-29,12.22000,12.81000,12.02000,12.38000,248800
2132,2008-10-28,11.85000,12.53000,11.51000,12.47000,302500
2133,2008-10-27,12.60000,12.84000,11.53000,11.85000,240500
2134,2008-10-24,13.99000,13.99000,12.48000,12.95000,283600
2135,2008-10-23,13.94000,14.58000,12.96000,13.48000,193700
2136,2008-10-22,15.06000,16.00000,13.66000,13.80000,282300
2137,2008-10-21,14.50000,15.98000,14.49000,15.44000,358600
2138,2008-10-20,14.40000,15.25000,14.32000,15.25000,330000
2139,2008-10-17,14.57000,15.17000,14.12000,14.51000,560100
2140,2008-10-16,14.07000,16.06000,13.84000,15.11000,338200
2141,2008-10-15,15.27000,16.33000,13.90000,13.96000,298300
2142,2008-10-14,16.71000,17.02000,15.51000,15.73000,262100
2143,2008-10-13,16.03000,16.22000,15.42000,15.92000,235400
2144,2008-10-10,14.07000,16.17000,14.00000,15.62000,361200
2145,2008-10-09,16.18000,16.30000,14.75000,14.75000,267900
2146,2008-10-08,15.81000,16.74000,15.80000,15.90000,289700
2147,2008-10-07,17.25000,17.88000,16.04000,16.35000,247600
2148,2008-10-06,17.30000,17.54000,16.24000,16.93000,237700
2149,2008-10-03,18.35000,18.48000,17.55000,17.60000,153900
2150,2008-10-02,19.02000,19.47000,17.88000,18.00000,160900
2151,2008-10-01,19.00000,19.33000,18.70000,19.00000,227500
2152,2008-09-30,18.74000,19.24000,18.40000,19.05000,212300
2153,2008-09-29,18.71000,19.68000,16.96000,18.44000,231900
2154,2008-09-26,18.73000,19.17000,18.40000,19.12000,214100
2155,2008-09-25,18.12000,18.86000,17.77000,18.69000,223100
2156,2008-09-24,18.56000,19.25000,18.04000,18.07000,167300
2157,2008-09-23,18.53000,18.99000,18.23000,18.50000,204500
2158,2008-09-22,19.96000,19.96000,18.11000,18.24000,285200
2159,2008-09-19,19.54000,19.82000,18.32000,19.82000,837900
2160,2008-09-18,18.76000,19.25000,17.00000,18.74000,466100
2161,2008-09-17,17.90000,18.57000,17.58000,18.16000,321600
2162,2008-09-16,18.62000,19.22000,17.89000,18.65000,366800
2163,2008-09-15,17.70000,18.92000,17.70000,18.20000,217000
2164,2008-09-12,18.24000,18.51000,18.15000,18.31000,135800
2165,2008-09-11,18.34000,19.21000,18.11000,18.49000,274500
2166,2008-09-10,18.92000,19.11000,18.43000,18.73000,349500
2167,2008-09-09,18.98000,19.25000,18.28000,18.53000,302000
2168,2008-09-08,19.04000,19.46000,18.53000,19.04000,353800
2169,2008-09-05,18.83000,18.92000,18.44000,18.48000,239000
2170,2008-09-04,18.80000,19.14000,18.62000,18.94000,259800
2171,2008-09-03,19.38000,20.34000,19.38000,19.72000,130900
2172,2008-09-02,19.51000,20.27000,19.18000,19.38000,147700
2173,2008-08-29,19.85000,20.09000,19.32000,19.34000,98400
2174,2008-08-28,19.94000,20.06000,19.14000,20.00000,109500
2175,2008-08-27,19.36000,20.06000,19.36000,19.88000,101800
2176,2008-08-26,19.28000,20.31000,19.18000,19.24000,128600
2177,2008-08-25,19.74000,20.19000,19.35000,19.35000,138100
2178,2008-08-22,19.89000,20.93000,19.54000,20.22000,141900
2179,2008-08-21,20.35000,20.44000,19.69000,19.70000,156100
2180,2008-08-20,20.69000,20.96000,20.31000,20.51000,143200
2181,2008-08-19,20.89000,20.99000,20.36000,20.48000,106200
2182,2008-08-18,21.18000,21.25000,19.86000,20.95000,188200
2183,2008-08-15,21.25000,21.53000,20.24000,21.19000,197500
2184,2008-08-14,20.67000,21.37000,20.04000,21.10000,100400
2185,2008-08-13,20.67000,20.90000,20.37000,20.89000,142200
2186,2008-08-12,20.44000,20.68000,20.22000,20.65000,167900
2187,2008-08-11,19.61000,20.61000,19.16000,20.48000,220700
2188,2008-08-08,19.00000,19.84000,18.60000,19.60000,157900
2189,2008-08-07,18.96000,19.06000,18.32000,18.90000,178200
2190,2008-08-06,19.40000,19.40000,18.53000,19.14000,192100
2191,2008-08-05,18.67000,19.35000,18.67000,19.30000,151900
2192,2008-08-04,18.90000,18.90000,17.89000,18.47000,227600
2193,2008-08-01,18.51000,19.06000,17.24000,18.75000,189000
2194,2008-07-31,18.26000,18.52000,18.14000,18.41000,395000
2195,2008-07-30,17.89000,18.64000,17.89000,18.54000,266500
2196,2008-07-29,17.36000,18.50000,17.11000,17.91000,204000
2197,2008-07-28,17.38000,17.85000,17.09000,17.22000,214600
2198,2008-07-25,17.73000,17.85000,16.82000,17.43000,257600
2199,2008-07-24,17.90000,17.92000,17.52000,17.66000,304300
2200,2008-07-23,17.86000,18.22000,17.26000,17.86000,366100
2201,2008-07-22,17.28000,17.93000,16.50000,17.92000,472400
2202,2008-07-21,20.18000,20.18000,19.45000,19.56000,233700
2203,2008-07-18,20.43000,20.43000,19.80000,19.81000,334500
2204,2008-07-17,19.52000,20.60000,18.82000,20.52000,272400
2205,2008-07-16,18.57000,19.57000,18.57000,19.53000,147600
2206,2008-07-15,18.17000,19.01000,17.70000,18.60000,124000
2207,2008-07-14,19.10000,19.10000,18.30000,18.31000,215000
2208,2008-07-11,19.25000,19.26000,18.75000,18.99000,242400
2209,2008-07-10,19.32000,19.72000,18.97000,19.44000,114000
2210,2008-07-09,19.77000,20.18000,19.27000,19.38000,132300
2211,2008-07-08,19.08000,19.79000,18.89000,19.65000,174100
2212,2008-07-07,19.18000,19.67000,18.70000,18.98000,146100
2213,2008-07-03,19.33000,19.57000,18.98000,19.04000,79600
2214,2008-07-02,19.95000,20.48000,19.14000,19.18000,274200
2215,2008-07-01,19.33000,19.79000,19.25000,19.62000,264800
2216,2008-06-30,19.89000,20.17000,19.33000,19.33000,242800
2217,2008-06-27,19.80000,20.14000,19.65000,19.95000,1315300
2218,2008-06-26,20.63000,20.63000,19.84000,19.88000,222200
2219,2008-06-25,20.40000,21.16000,20.40000,20.80000,281600
2220,2008-06-24,20.16000,21.40000,20.03000,20.29000,270100
2221,2008-06-23,20.50000,20.54000,20.16000,20.19000,224100
2222,2008-06-20,20.67000,20.67000,20.10000,20.36000,298100
2223,2008-06-19,20.15000,20.85000,20.15000,20.81000,132600
2224,2008-06-18,20.50000,20.75000,20.23000,20.56000,115900
2225,2008-06-17,20.92000,21.09000,20.57000,20.59000,111800
2226,2008-06-16,21.11000,21.37000,20.44000,20.98000,258900
2227,2008-06-13,20.86000,21.20000,20.75000,21.12000,118500
2228,2008-06-12,20.56000,21.12000,20.56000,20.61000,158900
2229,2008-06-11,21.16000,21.55000,20.41000,20.41000,136500
2230,2008-06-10,20.85000,21.43000,20.85000,21.26000,141000
2231,2008-06-09,21.33000,21.54000,20.91000,21.08000,296900
2232,2008-06-06,22.00000,22.00000,21.28000,21.43000,350500
2233,2008-06-05,21.84000,22.10000,21.63000,22.08000,138100
2234,2008-06-04,21.04000,21.92000,20.04000,21.70000,229200
2235,2008-06-03,21.61000,21.94000,21.00000,21.05000,297300
2236,2008-06-02,20.92000,21.96000,20.57000,21.48000,325600
2237,2008-05-30,21.01000,21.06000,20.63000,21.00000,330300
2238,2008-05-29,20.50000,21.30000,20.50000,21.02000,189700
2239,2008-05-28,21.19000,21.20000,20.36000,20.50000,176500
2240,2008-05-27,19.97000,21.06000,19.97000,21.04000,287600
2241,2008-05-23,19.69000,20.00000,19.50000,19.81000,281100
2242,2008-05-22,20.07000,20.24000,19.38000,19.79000,335300
2243,2008-05-21,21.85000,22.09000,21.04000,21.25000,141700
2244,2008-05-20,22.00000,22.00000,20.54000,21.75000,126700
2245,2008-05-19,22.10000,22.28000,21.81000,22.03000,254800
2246,2008-05-16,22.40000,22.40000,20.26000,22.14000,150900
2247,2008-05-15,21.86000,22.30000,21.76000,22.24000,238100
2248,2008-05-14,21.64000,22.17000,21.51000,21.94000,225800
2249,2008-05-13,21.99000,21.99000,21.04000,21.55000,193300
2250,2008-05-12,21.33000,22.02000,20.04000,21.89000,118600
2251,2008-05-09,21.29000,21.47000,21.00000,21.22000,111300
2252,2008-05-08,21.39000,21.72000,20.95000,21.44000,166700
2253,2008-05-07,21.32000,22.01000,21.21000,21.26000,138600
2254,2008-05-06,21.05000,22.04000,21.05000,21.87000,198500
2255,2008-05-05,22.80000,22.80000,21.51000,22.21000,154200
2256,2008-05-02,22.70000,23.17000,21.50000,22.81000,241900
2257,2008-05-01,22.13000,23.20000,20.82000,22.65000,174200
2258,2008-04-30,21.81000,22.75000,21.81000,22.25000,274100
2259,2008-04-29,21.58000,22.03000,21.58000,21.73000,162100
2260,2008-04-28,21.81000,22.00000,21.43000,21.57000,270300
2261,2008-04-25,21.69000,21.91000,21.42000,21.73000,264300
2262,2008-04-24,20.32000,21.64000,20.15000,21.55000,239600
2263,2008-04-23,21.45000,21.68000,20.12000,20.22000,319600
2264,2008-04-22,21.50000,21.89000,20.46000,21.35000,565500
2265,2008-04-21,20.08000,20.08000,19.43000,19.62000,192400
2266,2008-04-18,20.58000,20.64000,20.10000,20.17000,245300
2267,2008-04-17,20.40000,20.68000,19.98000,20.09000,170300
2268,2008-04-16,20.17000,20.63000,19.98000,20.56000,139100
2269,2008-04-15,20.16000,20.16000,19.74000,20.06000,164800
2270,2008-04-14,19.96000,20.22000,19.73000,20.02000,109600
2271,2008-04-11,20.54000,20.77000,19.77000,19.92000,128400
2272,2008-04-10,20.57000,21.06000,20.29000,20.82000,91300
2273,2008-04-09,21.10000,21.39000,20.45000,20.49000,134900
2274,2008-04-08,20.72000,21.13000,20.72000,20.98000,65600
2275,2008-04-07,21.09000,21.10000,20.80000,20.89000,169200
2276,2008-04-04,21.19000,21.26000,20.43000,20.81000,197200
2277,2008-04-03,21.03000,21.16000,20.69000,21.03000,100000
2278,2008-04-02,20.94000,21.26000,20.75000,21.18000,307200
2279,2008-04-01,20.60000,21.21000,20.27000,20.89000,278700
2280,2008-03-31,20.54000,21.16000,19.98000,20.56000,209500
2281,2008-03-28,20.79000,20.88000,20.28000,20.39000,174900
2282,2008-03-27,21.24000,21.38000,20.63000,20.71000,157600
2283,2008-03-26,20.83000,21.13000,20.63000,21.12000,162800
2284,2008-03-25,20.59000,20.96000,20.33000,20.83000,110400
2285,2008-03-24,19.55000,20.72000,19.24000,20.58000,194700
2286,2008-03-20,19.67000,19.70000,19.07000,19.43000,512200
2287,2008-03-19,20.84000,20.97000,19.47000,19.47000,198700
2288,2008-03-18,18.98000,20.61000,18.75000,19.99000,180600
2289,2008-03-17,18.82000,19.10000,18.24000,18.69000,161700
2290,2008-03-14,20.00000,20.07000,18.94000,19.19000,280300
2291,2008-03-13,18.78000,20.09000,18.78000,19.81000,208900
2292,2008-03-12,19.15000,19.64000,18.76000,19.05000,103500
2293,2008-03-11,18.70000,19.19000,18.50000,19.10000,150200
2294,2008-03-10,18.54000,18.80000,18.16000,18.24000,87500
2295,2008-03-07,18.50000,19.32000,18.31000,18.40000,134100
2296,2008-03-06,19.09000,19.25000,18.50000,18.50000,104000
2297,2008-03-05,19.55000,19.55000,18.91000,19.14000,132400
2298,2008-03-04,19.18000,19.49000,18.85000,19.41000,346400
2299,2008-03-03,19.17000,19.73000,19.02000,19.38000,235600
2300,2008-02-29,19.85000,20.87000,19.09000,19.21000,310200
2301,2008-02-28,20.61000,21.17000,19.86000,20.01000,224800
2302,2008-02-27,20.44000,21.14000,20.44000,20.84000,219900
2303,2008-02-26,20.42000,20.98000,20.25000,20.56000,291500
2304,2008-02-25,20.04000,20.68000,19.80000,20.49000,214700
2305,2008-02-22,19.93000,20.15000,19.70000,20.02000,220700
2306,2008-02-21,20.57000,20.83000,19.80000,19.84000,131100
2307,2008-02-20,19.76000,20.50000,19.57000,20.38000,158000
2308,2008-02-19,19.98000,20.27000,19.70000,19.81000,268400
2309,2008-02-15,19.75000,19.86000,19.59000,19.71000,276400
2310,2008-02-14,20.13000,20.17000,19.65000,19.81000,290100
2311,2008-02-13,19.50000,20.16000,19.50000,20.00000,367700
2312,2008-02-12,18.31000,19.46000,18.31000,19.23000,318600
2313,2008-02-11,18.18000,18.39000,17.84000,18.18000,144300
2314,2008-02-08,18.53000,18.75000,17.99000,18.10000,238300
2315,2008-02-07,18.04000,18.77000,18.04000,18.53000,241700
2316,2008-02-06,18.47000,18.67000,17.98000,18.08000,229500
2317,2008-02-05,18.29000,18.75000,18.29000,18.30000,346200
2318,2008-02-04,18.17000,18.98000,18.17000,18.57000,477200
2319,2008-02-01,17.32000,18.17000,17.24000,18.10000,292100
2320,2008-01-31,17.05000,17.66000,17.00000,17.22000,501100
2321,2008-01-30,17.95000,17.95000,17.01000,17.30000,463800
2322,2008-01-29,17.20000,17.93000,16.82000,17.68000,283600
2323,2008-01-28,15.98000,17.16000,15.85000,17.10000,341600
2324,2008-01-25,18.86000,19.10000,15.83000,15.94000,391900
2325,2008-01-24,17.45000,19.24000,17.18000,18.68000,480300
2326,2008-01-23,15.83000,17.55000,15.28000,17.18000,412500
2327,2008-01-22,15.22000,16.16000,15.01000,15.91000,333300
2328,2008-01-18,16.30000,16.41000,15.50000,15.51000,258100
2329,2008-01-17,17.01000,17.41000,16.38000,16.39000,147000
2330,2008-01-16,16.92000,17.37000,16.52000,16.97000,176300
2331,2008-01-15,16.83000,17.13000,16.47000,16.79000,143800
2332,2008-01-14,16.60000,17.40000,16.60000,16.99000,122800
2333,2008-01-11,16.98000,17.04000,16.50000,16.50000,131900
2334,2008-01-10,16.78000,17.45000,16.70000,17.05000,156400
2335,2008-01-09,17.06000,17.33000,16.53000,16.93000,211800
2336,2008-01-08,17.67000,18.13000,17.00000,17.01000,196800
2337,2008-01-07,17.21000,17.88000,17.15000,17.57000,179000
2338,2008-01-04,17.63000,17.90000,17.15000,17.17000,243400
2339,2008-01-03,18.47000,18.94000,17.70000,17.70000,283000
2340,2008-01-02,18.58000,18.90000,18.36000,18.54000,252000
2341,2007-12-31,19.27000,19.30000,18.61000,18.66000,277400
2342,2007-12-28,19.28000,20.40000,19.22000,19.29000,99600
2343,2007-12-27,20.20000,20.25000,19.16000,19.16000,186000
2344,2007-12-26,20.17000,20.42000,19.62000,20.28000,203800
2345,2007-12-24,20.00000,20.45000,19.87000,20.10000,88600
2346,2007-12-21,19.66000,20.04000,19.58000,19.95000,364400
2347,2007-12-20,18.83000,19.25000,18.44000,19.23000,170300
2348,2007-12-19,18.63000,18.82000,18.30000,18.62000,162000
2349,2007-12-18,18.52000,18.71000,18.24000,18.71000,220800
2350,2007-12-17,18.96000,18.96000,18.20000,18.26000,182300
2351,2007-12-14,19.42000,19.68000,18.86000,18.97000,138400
2352,2007-12-13,19.41000,19.67000,19.10000,19.52000,141400
2353,2007-12-12,19.69000,20.49000,19.19000,19.54000,145300
2354,2007-12-11,19.89000,20.20000,19.13000,19.15000,134200
2355,2007-12-10,19.50000,19.84000,19.15000,19.77000,171500
2356,2007-12-07,19.62000,19.74000,19.25000,19.37000,163900
2357,2007-12-06,19.30000,19.71000,19.30000,19.50000,207400
2358,2007-12-05,19.00000,19.36000,18.93000,19.29000,191200
2359,2007-12-04,18.72000,18.96000,18.39000,18.74000,130600
2360,2007-12-03,19.01000,19.45000,18.75000,18.93000,242200
2361,2007-11-30,19.31000,19.51000,18.80000,19.05000,312800
2362,2007-11-29,19.29000,19.41000,18.92000,19.00000,230300
2363,2007-11-28,18.83000,19.57000,18.82000,19.33000,339900
2364,2007-11-27,19.06000,19.50000,18.57000,18.76000,348600
2365,2007-11-26,20.00000,20.00000,19.01000,19.01000,286100
2366,2007-11-23,19.57000,20.25000,19.57000,19.95000,104100
2367,2007-11-21,19.78000,19.84000,19.31000,19.33000,252700
2368,2007-11-20,20.09000,20.21000,19.27000,19.87000,193400
2369,2007-11-19,20.39000,20.61000,20.04000,20.13000,258500
2370,2007-11-16,20.94000,21.18000,20.34000,20.62000,178400
2371,2007-11-15,21.08000,21.19000,20.75000,20.90000,217600
2372,2007-11-14,20.84000,21.41000,20.80000,21.08000,241400
2373,2007-11-13,20.36000,20.70000,20.24000,20.61000,242200
2374,2007-11-12,19.90000,20.55000,19.89000,20.23000,215900
2375,2007-11-09,19.64000,20.18000,19.51000,19.83000,188000
2376,2007-11-08,19.42000,20.33000,19.21000,19.82000,244100
2377,2007-11-07,20.04000,20.17000,19.16000,19.19000,252500
2378,2007-11-06,20.00000,20.34000,19.66000,20.11000,215400
2379,2007-11-05,20.60000,20.67000,20.00000,20.06000,193700
2380,2007-11-02,20.63000,20.93000,20.32000,20.61000,285800
2381,2007-11-01,20.82000,20.82000,20.05000,20.40000,316500
2382,2007-10-31,20.38000,21.30000,20.19000,21.03000,253800
2383,2007-10-30,20.37000,20.69000,20.16000,20.30000,200700
2384,2007-10-29,20.31000,20.66000,20.04000,20.53000,208200
2385,2007-10-26,20.49000,20.87000,20.01000,20.18000,167500
2386,2007-10-25,20.34000,20.93000,19.97000,20.29000,217700
2387,2007-10-24,20.67000,20.75000,20.09000,20.22000,279900
2388,2007-10-23,21.50000,21.50000,20.01000,20.87000,308700
2389,2007-10-22,20.37000,20.81000,20.15000,20.81000,134200
2390,2007-10-19,20.98000,20.98000,20.27000,20.37000,239800
2391,2007-10-18,21.02000,21.28000,20.69000,20.92000,76700
2392,2007-10-17,21.45000,21.64000,20.87000,21.08000,191100
2393,2007-10-16,21.75000,21.75000,21.23000,21.29000,133800
2394,2007-10-15,21.96000,22.19000,21.52000,21.71000,180200
2395,2007-10-12,22.02000,22.06000,21.70000,21.87000,145400
2396,2007-10-11,22.05000,22.38000,21.55000,21.91000,112100
2397,2007-10-10,21.99000,21.99000,21.54000,21.86000,204000
2398,2007-10-09,22.77000,22.93000,21.88000,21.96000,214100
2399,2007-10-08,22.45000,24.39000,22.07000,22.69000,371500
2400,2007-10-05,21.86000,22.49000,21.86000,22.38000,275200
2401,2007-10-04,21.48000,21.67000,21.27000,21.63000,209200
2402,2007-10-03,21.04000,21.35000,20.78000,21.35000,439900
2403,2007-10-02,21.43000,21.70000,20.89000,21.11000,242000
2404,2007-10-01,19.90000,21.65000,19.87000,21.35000,302900
2405,2007-09-28,20.24000,20.24000,19.60000,19.81000,206800
2406,2007-09-27,20.31000,20.42000,19.94000,20.14000,349700
2407,2007-09-26,20.34000,20.49000,20.12000,20.20000,147800
2408,2007-09-25,20.40000,20.60000,20.12000,20.23000,227300
2409,2007-09-24,20.99000,20.99000,20.11000,20.51000,241500
2410,2007-09-21,21.32000,21.53000,21.05000,21.05000,414200
2411,2007-09-20,21.49000,21.66000,20.95000,21.15000,281300
2412,2007-09-19,22.27000,22.63000,21.95000,21.96000,243300
2413,2007-09-18,21.60000,22.14000,21.32000,22.09000,209800
2414,2007-09-17,21.64000,21.66000,21.30000,21.49000,177300
2415,2007-09-14,21.36000,21.75000,21.19000,21.61000,149000
2416,2007-09-13,21.72000,21.94000,21.20000,21.59000,137400
2417,2007-09-12,21.69000,21.94000,21.31000,21.59000,175900
2418,2007-09-11,21.99000,22.19000,21.61000,21.74000,197700
2419,2007-09-10,22.22000,22.46000,21.45000,21.87000,378200
2420,2007-09-07,22.59000,22.76000,22.02000,22.21000,393500
2421,2007-09-06,22.94000,23.42000,22.68000,22.97000,257700
2422,2007-09-05,22.69000,22.95000,22.53000,22.84000,212500
2423,2007-09-04,23.16000,23.16000,22.37000,22.75000,251500
2424,2007-08-31,23.25000,23.35000,22.49000,22.72000,195300
2425,2007-08-30,22.94000,23.31000,22.64000,22.93000,121400
2426,2007-08-29,22.77000,23.18000,22.13000,23.15000,142100
2427,2007-08-28,23.00000,23.22000,22.55000,22.56000,177900
2428,2007-08-27,23.03000,23.33000,22.72000,23.15000,193400
2429,2007-08-24,22.99000,23.43000,22.85000,23.03000,161400
2430,2007-08-23,22.88000,23.16000,22.44000,22.98000,169400
2431,2007-08-22,22.71000,23.21000,22.53000,22.75000,218600
2432,2007-08-21,23.49000,23.49000,22.42000,22.49000,178100
2433,2007-08-20,23.25000,23.81000,23.05000,23.57000,190100
2434,2007-08-17,23.80000,23.85000,22.79000,23.18000,295600
2435,2007-08-16,22.19000,23.25000,22.19000,23.25000,329400
2436,2007-08-15,22.35000,22.74000,22.17000,22.38000,235800
2437,2007-08-14,23.07000,23.20000,22.15000,22.43000,203500
2438,2007-08-13,22.47000,23.34000,21.99000,22.87000,484700
2439,2007-08-10,19.77000,24.52000,19.47000,22.10000,873900
2440,2007-08-09,20.77000,21.17000,19.85000,19.92000,749900
2441,2007-08-08,21.24000,21.48000,20.57000,20.82000,621100
2442,2007-08-07,21.41000,21.54000,20.70000,21.08000,422100
2443,2007-08-06,21.46000,21.75000,20.79000,21.48000,648400
2444,2007-08-03,22.92000,23.04000,21.37000,21.40000,340400
2445,2007-08-02,23.82000,24.11000,22.79000,23.00000,514900
2446,2007-08-01,24.75000,24.86000,23.39000,23.80000,621400
2447,2007-07-31,25.12000,25.74000,24.61000,24.85000,424200
2448,2007-07-30,24.47000,25.18000,24.45000,24.86000,314900
2449,2007-07-27,25.05000,25.65000,24.42000,24.54000,527100
2450,2007-07-26,25.22000,25.68000,25.03000,25.13000,384900
2451,2007-07-25,25.90000,26.68000,25.01000,25.68000,870900
2452,2007-07-24,26.30000,27.36000,25.09000,25.35000,609100
2453,2007-07-23,27.04000,27.44000,26.71000,26.91000,212600
2454,2007-07-20,27.13000,27.36000,26.85000,27.15000,235900
2455,2007-07-19,27.54000,27.57000,27.11000,27.33000,224200
2456,2007-07-18,27.37000,27.43000,26.99000,27.32000,196000
2457,2007-07-17,27.37000,27.96000,27.37000,27.55000,159100
2458,2007-07-16,27.48000,27.60000,27.16000,27.18000,134500
2459,2007-07-13,27.72000,27.93000,27.37000,27.56000,168400
2460,2007-07-12,27.09000,27.85000,26.85000,27.85000,99100
2461,2007-07-11,26.69000,27.15000,26.50000,26.97000,123000
2462,2007-07-10,27.28000,27.43000,26.68000,26.75000,265200
2463,2007-07-09,27.60000,27.63000,27.07000,27.58000,212400
2464,2007-07-06,27.74000,27.74000,27.37000,27.60000,94100
2465,2007-07-05,27.85000,27.99000,27.54000,27.81000,91500
2466,2007-07-03,27.96000,28.03000,27.69000,27.88000,34100
2467,2007-07-02,27.41000,28.14000,27.39000,27.95000,140300
2468,2007-06-29,28.14000,28.14000,27.41000,27.46000,149300
2469,2007-06-28,27.64000,28.44000,27.54000,28.10000,143000
2470,2007-06-27,27.11000,27.64000,26.94000,27.61000,143400
2471,2007-06-26,27.08000,27.33000,26.92000,27.15000,170900
2472,2007-06-25,26.93000,27.25000,26.73000,26.99000,242100
2473,2007-06-22,27.22000,27.42000,26.90000,27.04000,366300
2474,2007-06-21,27.14000,27.58000,27.00000,27.33000,124900
2475,2007-06-20,27.66000,27.93000,27.27000,27.31000,213400
2476,2007-06-19,27.38000,27.68000,27.25000,27.55000,187300
2477,2007-06-18,27.79000,28.00000,27.54000,27.60000,139000
2478,2007-06-15,28.21000,28.21000,27.70000,27.97000,239700
2479,2007-06-14,27.60000,27.92000,27.54000,27.80000,170000
2480,2007-06-13,27.13000,27.72000,27.05000,27.71000,245600
2481,2007-06-12,27.60000,27.89000,26.99000,27.10000,253200
2482,2007-06-11,27.83000,27.90000,27.49000,27.79000,155800
2483,2007-06-08,27.84000,28.06000,27.69000,27.95000,120400
2484,2007-06-07,27.71000,28.08000,27.71000,27.81000,350900
2485,2007-06-06,28.04000,28.28000,27.96000,28.15000,108200
2486,2007-06-05,28.78000,29.02000,27.74000,28.26000,301800
2487,2007-06-04,28.86000,29.45000,28.81000,29.02000,181200
2488,2007-06-01,28.90000,29.05000,28.31000,28.90000,95700
2489,2007-05-31,28.63000,29.16000,28.63000,28.82000,182300
2490,2007-05-30,28.42000,28.89000,28.30000,28.86000,125400
2491,2007-05-29,28.82000,29.19000,28.54000,28.62000,296600
2492,2007-05-25,27.44000,28.63000,27.31000,28.61000,418400
2493,2007-05-24,28.10000,28.40000,27.26000,27.35000,454400
2494,2007-05-23,28.77000,28.77000,28.05000,28.17000,166500
2495,2007-05-22,28.51000,28.77000,28.22000,28.65000,316600
2496,2007-05-21,27.59000,28.42000,27.59000,28.35000,159000
2497,2007-05-18,27.67000,27.89000,27.37000,27.70000,131000
2498,2007-05-17,27.63000,27.80000,27.45000,27.63000,153700
2499,2007-05-16,27.68000,28.00000,27.43000,27.78000,222100
2500,2007-05-15,27.96000,28.50000,27.53000,27.65000,338200
2501,2007-05-14,28.45000,28.52000,28.00000,28.05000,171500
2502,2007-05-11,28.43000,28.74000,28.34000,28.55000,282000
2503,2007-05-10,28.52000,28.68000,28.19000,28.38000,416500
2504,2007-05-09,28.02000,28.84000,27.97000,28.75000,604900
2505,2007-05-08,28.11000,28.39000,27.75000,27.92000,1858200
2506,2007-05-07,28.67000,28.84000,28.19000,28.22000,350300
2507,2007-05-04,28.91000,28.91000,28.44000,28.80000,220700
2508,2007-05-03,28.94000,29.52000,28.56000,28.80000,240000
2509,2007-05-02,28.93000,29.07000,28.84000,28.94000,210000
2510,2007-05-01,28.81000,29.12000,28.19000,28.93000,261700
2511,2007-04-30,29.43000,29.49000,28.66000,28.70000,292700
2512,2007-04-27,29.42000,29.63000,29.34000,29.47000,188500
2513,2007-04-26,29.78000,29.80000,29.34000,29.50000,331800
2514,2007-04-25,30.14000,30.39000,29.66000,29.70000,331600
2515,2007-04-24,30.02000,30.59000,28.10000,30.01000,866000
2516,2007-04-23,33.68000,33.97000,33.45000,33.58000,114600
2517,2007-04-20,33.66000,33.80000,33.11000,33.53000,125400
2518,2007-04-19,33.00000,33.46000,32.60000,33.24000,125000
2519,2007-04-18,33.52000,33.79000,33.22000,33.36000,103600
2520,2007-04-17,33.36000,33.81000,33.29000,33.68000,141400
2521,2007-04-16,32.65000,33.61000,32.65000,33.46000,151000
2522,2007-04-13,32.81000,32.94000,32.56000,32.62000,131000
2523,2007-04-12,32.46000,32.99000,32.25000,32.97000,169300
2524,2007-04-11,32.82000,32.82000,32.22000,32.38000,293600
2525,2007-04-10,32.65000,32.98000,32.51000,32.92000,77900
2526,2007-04-09,32.38000,32.90000,32.28000,32.62000,129100
2527,2007-04-05,32.51000,32.84000,32.39000,32.39000,137000
2528,2007-04-04,33.35000,33.41000,32.40000,32.51000,212900
2529,2007-04-03,32.54000,33.36000,32.54000,33.31000,98600
2530,2007-04-02,32.15000,32.48000,31.98000,32.47000,208700
2531,2007-03-30,32.37000,32.56000,31.80000,32.20000,138900
2532,2007-03-29,32.42000,32.72000,31.96000,32.19000,203300
2533,2007-03-28,32.28000,32.65000,32.15000,32.29000,99000
2534,2007-03-27,32.59000,32.59000,31.96000,32.35000,111100
2535,2007-03-26,32.55000,32.63000,32.30000,32.63000,127100
2536,2007-03-23,32.48000,32.82000,32.43000,32.44000,135100
2537,2007-03-22,32.32000,32.75000,32.24000,32.61000,162200
2538,2007-03-21,32.02000,32.65000,31.71000,32.30000,91000
2539,2007-03-20,31.35000,32.01000,31.31000,32.01000,195000
2540,2007-03-19,31.14000,31.47000,31.07000,31.31000,101700
2541,2007-03-16,31.24000,31.42000,30.93000,31.10000,256100
2542,2007-03-15,31.10000,31.25000,30.94000,31.25000,104200
2543,2007-03-14,31.05000,31.28000,30.67000,31.09000,197900
2544,2007-03-13,31.30000,31.45000,31.00000,31.09000,123700
2545,2007-03-12,31.26000,31.66000,31.26000,31.47000,116900
2546,2007-03-09,31.30000,31.65000,31.06000,31.35000,99400
2547,2007-03-08,31.15000,31.32000,31.00000,31.07000,119300
2548,2007-03-07,30.72000,31.10000,30.44000,30.86000,133600
2549,2007-03-06,30.78000,30.95000,30.31000,30.71000,81900
2550,2007-03-05,30.26000,30.90000,30.15000,30.22000,142000
2551,2007-03-02,31.03000,31.03000,30.48000,30.57000,131800
2552,2007-03-01,30.30000,31.02000,29.41000,30.84000,191000
2553,2007-02-28,30.61000,31.19000,30.14000,30.77000,180300
2554,2007-02-27,31.90000,31.90000,30.60000,30.60000,327400
2555,2007-02-26,32.33000,32.68000,32.12000,32.23000,122300
2556,2007-02-23,32.32000,32.45000,31.94000,32.41000,88000
2557,2007-02-22,32.23000,32.63000,32.00000,32.28000,212600
2558,2007-02-21,31.61000,32.58000,31.61000,32.31000,233200
2559,2007-02-20,32.00000,32.15000,31.35000,32.04000,163700
2560,2007-02-16,31.51000,31.87000,31.17000,31.80000,103500
2561,2007-02-15,31.58000,31.58000,31.15000,31.51000,174500
2562,2007-02-14,31.55000,31.94000,31.46000,31.60000,150700
2563,2007-02-13,31.24000,31.75000,31.23000,31.55000,228100
2564,2007-02-12,31.29000,31.44000,30.79000,31.32000,151000
2565,2007-02-09,31.57000,31.58000,31.36000,31.44000,157000
2566,2007-02-08,31.13000,31.75000,31.13000,31.57000,438000
2567,2007-02-07,30.95000,31.26000,30.45000,31.24000,148200
2568,2007-02-06,30.00000,31.02000,29.82000,31.00000,356900
2569,2007-02-05,30.25000,30.43000,29.56000,30.33000,636500
2570,2007-02-02,31.40000,31.40000,31.09000,31.10000,108800
2571,2007-02-01,31.03000,31.65000,30.80000,31.46000,252600
2572,2007-01-31,30.23000,31.17000,30.11000,31.01000,170300
2573,2007-01-30,29.90000,30.54000,29.73000,30.33000,147900
2574,2007-01-29,29.88000,30.20000,29.80000,30.10000,200200
2575,2007-01-26,29.20000,29.95000,29.19000,29.95000,307900
2576,2007-01-25,29.30000,29.30000,28.04000,29.06000,149400
2577,2007-01-24,28.23000,29.31000,28.23000,29.30000,409600
2578,2007-01-23,28.89000,29.43000,28.89000,29.41000,184000
2579,2007-01-22,29.05000,29.16000,28.80000,28.89000,99100
2580,2007-01-19,28.67000,29.36000,28.43000,29.05000,83900
2581,2007-01-18,29.25000,29.25000,28.71000,28.74000,109000
2582,2007-01-17,29.19000,29.68000,28.96000,29.30000,54800
2583,2007-01-16,29.73000,29.84000,29.21000,29.32000,83800
2584,2007-01-12,29.56000,29.81000,29.42000,29.54000,51500
2585,2007-01-11,28.81000,29.88000,28.76000,29.65000,165100
2586,2007-01-10,29.00000,29.01000,28.70000,28.76000,280600
2587,2007-01-09,29.28000,29.30000,29.01000,29.19000,204300
2588,2007-01-08,29.02000,29.50000,28.90000,29.32000,133600
2589,2007-01-05,28.84000,29.17000,28.60000,29.04000,158100
2590,2007-01-04,28.97000,29.35000,28.88000,28.99000,198600
2591,2007-01-03,28.93000,29.79000,28.73000,29.15000,151400
2592,2006-12-29,29.22000,29.43000,28.87000,28.94000,123800
2593,2006-12-28,29.10000,29.60000,29.06000,29.29000,195700
2594,2006-12-27,28.94000,29.57000,28.94000,29.47000,143100
2595,2006-12-26,28.27000,28.85000,28.24000,28.82000,65000
2596,2006-12-22,28.55000,28.75000,28.29000,28.38000,83600
2597,2006-12-21,28.26000,28.81000,28.19000,28.47000,117400
2598,2006-12-20,27.82000,28.39000,27.77000,28.14000,138300
2599,2006-12-19,28.05000,28.08000,27.34000,27.85000,217900
2600,2006-12-18,29.21000,29.49000,28.15000,28.19000,281900
2601,2006-12-15,29.84000,30.04000,29.59000,29.80000,172500
2602,2006-12-14,29.90000,30.08000,29.56000,29.89000,173000
2603,2006-12-13,29.90000,29.94000,29.51000,29.82000,81700
2604,2006-12-12,29.83000,29.86000,29.53000,29.77000,78500
2605,2006-12-11,29.85000,29.85000,29.62000,29.77000,89200
2606,2006-12-08,29.35000,29.77000,29.17000,29.75000,100200
2607,2006-12-07,29.51000,29.78000,29.38000,29.47000,90100
2608,2006-12-06,29.57000,29.67000,29.39000,29.53000,76100
2609,2006-12-05,29.73000,29.73000,29.25000,29.51000,109900
2610,2006-12-04,28.86000,29.62000,28.86000,29.62000,136600
2611,2006-12-01,29.11000,29.25000,28.28000,28.92000,111300
2612,2006-11-30,29.65000,29.89000,28.84000,29.14000,304900
2613,2006-11-29,29.39000,29.94000,29.31000,29.86000,316300
2614,2006-11-28,28.78000,29.35000,28.68000,29.33000,158500
2615,2006-11-27,29.37000,29.40000,28.68000,28.91000,123800
2616,2006-11-24,29.52000,29.67000,29.38000,29.66000,15900
2617,2006-11-22,29.42000,29.68000,29.38000,29.65000,73900
2618,2006-11-21,29.49000,29.77000,29.43000,29.47000,93500
2619,2006-11-20,29.50000,29.89000,29.49000,29.54000,101200
2620,2006-11-17,29.44000,29.72000,29.27000,29.68000,88400
2621,2006-11-16,29.50000,29.54000,29.00000,29.49000,87200
2622,2006-11-15,29.45000,29.95000,29.45000,29.50000,168900
2623,2006-11-14,29.23000,29.50000,28.98000,29.50000,97700
2624,2006-11-13,29.14000,29.42000,29.01000,29.25000,102400
2625,2006-11-10,29.23000,29.33000,28.95000,29.26000,54700
2626,2006-11-09,29.50000,29.50000,29.00000,29.14000,71200
2627,2006-11-08,29.00000,29.50000,28.50000,29.50000,91000
2628,2006-11-07,28.95000,29.33000,28.65000,29.06000,129600
2629,2006-11-06,28.55000,29.04000,28.46000,28.81000,102000
2630,2006-11-03,28.51000,28.78000,27.18000,28.43000,104700
2631,2006-11-02,28.11000,28.57000,28.03000,28.35000,80000
2632,2006-11-01,28.80000,29.05000,28.21000,28.22000,108300
2633,2006-10-31,29.18000,29.19000,28.59000,28.78000,99800
2634,2006-10-30,28.77000,29.05000,28.51000,28.90000,114400
2635,2006-10-27,29.29000,29.38000,28.62000,28.77000,96500
2636,2006-10-26,29.78000,29.88000,28.52000,29.46000,135400
2637,2006-10-25,28.50000,29.41000,28.50000,29.30000,128800
2638,2006-10-24,29.48000,29.90000,29.01000,29.42000,169700
2639,2006-10-23,28.97000,29.20000,28.77000,28.99000,242300
2640,2006-10-20,30.00000,30.00000,28.89000,28.96000,243000
2641,2006-10-19,29.68000,30.39000,29.68000,29.86000,114700
2642,2006-10-18,29.98000,30.25000,29.74000,29.80000,102000
2643,2006-10-17,29.63000,30.21000,29.63000,29.93000,89100
2644,2006-10-16,29.51000,30.07000,29.51000,29.86000,136000
2645,2006-10-13,29.45000,29.78000,29.36000,29.76000,83300
2646,2006-10-12,28.65000,29.46000,28.60000,29.42000,85900
2647,2006-10-11,28.43000,28.72000,28.30000,28.50000,138800
2648,2006-10-10,28.24000,28.48000,27.85000,28.48000,64300
2649,2006-10-09,27.61000,28.22000,27.61000,28.22000,40000
2650,2006-10-06,27.97000,28.18000,27.74000,27.80000,62400
2651,2006-10-05,27.91000,28.32000,27.63000,28.23000,94100
2652,2006-10-04,26.99000,28.05000,26.99000,28.00000,101000
2653,2006-10-03,27.16000,27.59000,27.10000,27.13000,80700
2654,2006-10-02,27.15000,27.69000,27.05000,27.32000,78900
2655,2006-09-29,28.00000,28.00000,27.40000,27.41000,68200
2656,2006-09-28,27.95000,28.00000,27.75000,27.92000,93700
2657,2006-09-27,27.60000,27.95000,27.50000,27.94000,74900
2658,2006-09-26,27.73000,27.85000,27.52000,27.64000,74200
2659,2006-09-25,27.44000,27.71000,27.37000,27.58000,66400
2660,2006-09-22,27.68000,27.68000,27.05000,27.43000,99800
2661,2006-09-21,27.50000,27.85000,27.31000,27.63000,118100
2662,2006-09-20,27.05000,27.46000,26.92000,27.35000,80500
2663,2006-09-19,26.82000,26.94000,26.44000,26.83000,86700
2664,2006-09-18,27.10000,27.18000,26.78000,26.82000,119600
2665,2006-09-15,27.16000,27.29000,26.81000,27.06000,293300
2666,2006-09-14,27.42000,27.42000,26.92000,26.96000,79700
2667,2006-09-13,27.35000,27.45000,27.19000,27.43000,95900
2668,2006-09-12,26.94000,27.43000,26.76000,27.31000,81100
2669,2006-09-11,26.44000,26.85000,26.39000,26.85000,92300
2670,2006-09-08,26.63000,26.81000,26.50000,26.50000,87200
2671,2006-09-07,27.14000,27.14000,26.63000,26.63000,73300
2672,2006-09-06,27.75000,27.76000,26.95000,26.96000,150300
2673,2006-09-05,27.56000,27.85000,27.35000,27.85000,81500
2674,2006-09-01,27.50000,27.55000,27.24000,27.51000,130700
2675,2006-08-31,27.08000,27.50000,27.08000,27.31000,73500
2676,2006-08-30,26.84000,27.29000,26.53000,27.13000,81300
2677,2006-08-29,26.65000,27.00000,26.47000,26.92000,95600
2678,2006-08-28,26.49000,26.96000,26.46000,26.74000,88300
2679,2006-08-25,26.30000,26.76000,26.30000,26.45000,57200
2680,2006-08-24,26.62000,26.63000,26.33000,26.44000,73800
2681,2006-08-23,27.03000,27.03000,26.39000,26.45000,92600
2682,2006-08-22,27.11000,27.16000,26.75000,26.95000,85400
2683,2006-08-21,27.45000,27.45000,26.80000,27.02000,68500
2684,2006-08-18,27.50000,27.53000,26.88000,27.26000,65900
2685,2006-08-17,27.33000,30.00000,27.26000,27.46000,137400
2686,2006-08-16,26.98000,27.27000,26.55000,27.27000,115900
2687,2006-08-15,27.28000,27.28000,26.50000,26.75000,134400
2688,2006-08-14,26.84000,27.15000,26.63000,26.73000,95100
2689,2006-08-11,26.92000,26.95000,26.43000,26.50000,84400
2690,2006-08-10,26.22000,27.06000,26.18000,26.84000,68800
2691,2006-08-09,27.09000,27.11000,26.27000,26.37000,81500
2692,2006-08-08,26.99000,27.54000,26.53000,26.63000,100000
2693,2006-08-07,26.82000,26.82000,26.46000,26.74000,109900
2694,2006-08-04,27.35000,27.62000,26.64000,26.90000,134000
2695,2006-08-03,26.97000,27.60000,26.85000,27.35000,130200
2696,2006-08-02,26.99000,27.33000,26.87000,27.00000,182200
2697,2006-08-01,26.96000,26.98000,26.52000,26.75000,95100
2698,2006-07-31,26.65000,27.10000,26.40000,27.07000,137100
2699,2006-07-28,26.77000,27.28000,26.55000,27.00000,122600
2700,2006-07-27,26.94000,27.20000,26.29000,26.43000,140600
2701,2006-07-26,26.92000,27.17000,26.44000,26.73000,135500
2702,2006-07-25,26.76000,27.49000,26.48000,26.65000,174000
2703,2006-07-24,26.81000,27.41000,26.78000,27.00000,76900
2704,2006-07-21,26.92000,26.92000,26.24000,26.51000,132600
2705,2006-07-20,27.79000,27.79000,26.83000,26.94000,126300
2706,2006-07-19,26.98000,27.71000,26.70000,27.62000,79300
2707,2006-07-18,26.95000,27.51000,26.43000,26.90000,74500
2708,2006-07-17,26.50000,26.93000,25.75000,26.79000,157400
2709,2006-07-14,26.42000,26.55000,26.04000,26.42000,136800
2710,2006-07-13,26.54000,26.80000,26.24000,26.56000,169600
2711,2006-07-12,26.87000,26.87000,26.47000,26.60000,188500
2712,2006-07-11,26.56000,26.91000,26.16000,26.75000,118700
2713,2006-07-10,27.00000,27.09000,26.43000,26.60000,141400
2714,2006-07-07,26.85000,27.00000,26.55000,26.83000,198100
2715,2006-07-06,27.04000,27.17000,26.81000,27.05000,213800
2716,2006-07-05,27.10000,27.45000,26.52000,26.92000,250500
2717,2006-07-03,27.54000,27.62000,27.09000,27.17000,92900
2718,2006-06-30,28.00000,28.00000,27.06000,27.17000,293900
2719,2006-06-29,27.89000,28.05000,27.27000,27.77000,674200
2720,2006-06-28,26.77000,27.90000,26.32000,27.49000,443000
2721,2006-06-27,27.00000,27.11000,26.25000,26.60000,99600
2722,2006-06-26,26.78000,26.94000,26.50000,26.94000,82500
2723,2006-06-23,26.40000,26.69000,26.11000,26.62000,93500
2724,2006-06-22,26.73000,26.93000,26.21000,26.63000,202600
2725,2006-06-21,26.52000,27.07000,26.45000,26.93000,53100
2726,2006-06-20,26.56000,27.03000,26.48000,26.55000,92000
2727,2006-06-19,27.18000,27.18000,26.43000,26.51000,77500
2728,2006-06-16,27.10000,27.21000,26.50000,26.89000,300400
2729,2006-06-15,26.72000,27.20000,26.50000,27.16000,205600
2730,2006-06-14,26.53000,26.57000,26.21000,26.45000,89600
2731,2006-06-13,26.85000,27.00000,26.22000,26.43000,198400
2732,2006-06-12,27.42000,27.51000,26.80000,26.88000,136300
2733,2006-06-09,27.82000,27.95000,27.46000,27.52000,86100
2734,2006-06-08,27.18000,27.93000,26.65000,27.74000,154600
2735,2006-06-07,27.42000,28.06000,27.15000,27.29000,141400
2736,2006-06-06,27.18000,27.46000,26.80000,27.32000,105100
2737,2006-06-05,27.86000,28.20000,27.00000,27.08000,133700
2738,2006-06-02,28.10000,28.46000,27.69000,28.02000,170700
2739,2006-06-01,27.29000,28.03000,27.17000,28.02000,188200
2740,2006-05-31,26.53000,27.08000,26.47000,27.06000,136400
2741,2006-05-30,26.71000,26.86000,26.21000,26.48000,116500
2742,2006-05-26,26.77000,26.84000,26.40000,26.81000,65900
2743,2006-05-25,26.78000,26.95000,26.36000,26.65000,73300
2744,2006-05-24,26.41000,26.70000,25.76000,26.48000,74500
2745,2006-05-23,26.86000,27.43000,26.31000,26.38000,75500
2746,2006-05-22,26.39000,26.84000,25.96000,26.56000,113200
2747,2006-05-19,26.29000,26.80000,25.77000,26.59000,97200
2748,2006-05-18,26.53000,26.83000,26.17000,26.27000,115700
2749,2006-05-17,26.61000,26.62000,26.21000,26.31000,92500
2750,2006-05-16,26.51000,26.86000,26.22000,26.66000,72300
2751,2006-05-15,26.18000,26.60000,25.94000,26.37000,75600
2752,2006-05-12,26.80000,26.80000,26.30000,26.31000,93000
2753,2006-05-11,27.63000,27.76000,26.72000,26.87000,96100
2754,2006-05-10,27.79000,28.21000,27.47000,27.56000,67700
2755,2006-05-09,27.67000,27.84000,27.51000,27.62000,62700
2756,2006-05-08,27.92000,28.04000,27.54000,27.77000,80500
2757,2006-05-05,27.54000,28.10000,27.13000,27.91000,122800
2758,2006-05-04,27.69000,27.77000,27.13000,27.13000,170600
2759,2006-05-03,28.10000,28.25000,27.29000,27.63000,179000
2760,2006-05-02,27.76000,28.25000,27.49000,28.20000,196300
2761,2006-05-01,27.66000,28.17000,27.40000,27.61000,119900
2762,2006-04-28,27.70000,27.89000,27.28000,27.67000,122300
2763,2006-04-27,27.86000,28.08000,27.44000,27.68000,165100
2764,2006-04-26,27.93000,28.14000,27.54000,27.91000,197600
2765,2006-04-25,27.62000,28.75000,27.28000,27.71000,267200
2766,2006-04-24,27.70000,27.70000,26.88000,27.29000,126500
2767,2006-04-21,27.43000,27.67000,26.92000,27.61000,255200
2768,2006-04-20,27.25000,27.55000,27.02000,27.21000,59800
2769,2006-04-19,27.16000,27.55000,27.11000,27.34000,87100
2770,2006-04-18,25.85000,27.37000,25.80000,27.21000,171600
2771,2006-04-17,26.39000,26.54000,25.71000,25.79000,180000
2772,2006-04-13,26.26000,26.62000,26.19000,26.47000,116700
2773,2006-04-12,26.34000,26.46000,26.20000,26.29000,143200
2774,2006-04-11,26.99000,27.07000,26.35000,26.35000,133900
2775,2006-04-10,27.18000,27.36000,26.63000,26.93000,66400
2776,2006-04-07,27.43000,27.84000,27.01000,27.13000,89700
2777,2006-04-06,27.65000,27.75000,27.10000,27.26000,91500
2778,2006-04-05,27.61000,28.07000,27.34000,27.75000,221100
2779,2006-04-04,27.75000,27.83000,27.18000,27.46000,328000
2780,2006-04-03,27.22000,27.55000,26.75000,26.77000,95800
2781,2006-03-31,26.71000,27.17000,26.37000,27.13000,116300
2782,2006-03-30,27.14000,27.14000,26.50000,26.56000,60300
2783,2006-03-29,26.40000,27.10000,26.32000,26.94000,127500
2784,2006-03-28,26.70000,26.71000,26.29000,26.44000,218400
2785,2006-03-27,26.85000,27.00000,26.20000,26.58000,81600
2786,2006-03-24,26.86000,26.92000,26.39000,26.76000,38100
2787,2006-03-23,27.02000,27.06000,26.57000,26.76000,48500
2788,2006-03-22,26.10000,27.17000,25.95000,27.14000,126000
2789,2006-03-21,26.05000,27.65000,25.86000,26.05000,262500
2790,2006-03-20,27.98000,27.98000,27.35000,27.44000,106200
2791,2006-03-17,27.66000,28.07000,27.44000,27.88000,375500
2792,2006-03-16,27.75000,28.01000,27.29000,27.59000,171800
2793,2006-03-15,27.26000,27.61000,27.20000,27.57000,293000
2794,2006-03-14,26.87000,27.86000,26.87000,27.35000,115800
2795,2006-03-13,27.00000,27.03000,26.73000,26.98000,99000
2796,2006-03-10,26.03000,26.88000,25.72000,26.84000,107800
2797,2006-03-09,25.85000,26.14000,25.67000,26.10000,486300
2798,2006-03-08,26.17000,26.36000,25.76000,25.76000,118000
2799,2006-03-07,26.84000,26.88000,26.16000,26.16000,60000
2800,2006-03-06,27.00000,27.00000,26.61000,26.94000,96000
2801,2006-03-03,26.69000,26.99000,26.61000,26.93000,149200
2802,2006-03-02,26.98000,26.98000,26.70000,26.80000,100900
2803,2006-03-01,26.98000,27.12000,26.74000,27.00000,146700
2804,2006-02-28,27.03000,27.45000,26.83000,26.99000,234200
2805,2006-02-27,27.12000,27.18000,26.91000,26.99000,156500
2806,2006-02-24,26.76000,27.12000,26.65000,27.10000,42100
2807,2006-02-23,26.81000,27.01000,26.78000,26.82000,52300
2808,2006-02-22,26.89000,27.00000,26.68000,26.91000,111200
2809,2006-02-21,27.01000,27.05000,26.71000,26.82000,122800
2810,2006-02-17,27.00000,27.03000,26.76000,27.03000,37900
2811,2006-02-16,27.00000,27.05000,26.89000,27.00000,97000
2812,2006-02-15,26.89000,27.00000,26.59000,26.97000,25500
2813,2006-02-14,26.30000,26.96000,26.05000,26.80000,50600
2814,2006-02-13,26.41000,26.47000,26.17000,26.35000,71400
2815,2006-02-10,26.30000,26.76000,26.25000,26.57000,60900
2816,2006-02-09,26.51000,26.84000,26.31000,26.36000,48000
2817,2006-02-08,26.25000,26.53000,26.07000,26.38000,44200
2818,2006-02-07,26.34000,26.65000,26.26000,26.30000,51200
2819,2006-02-06,26.51000,26.51000,26.26000,26.45000,42800
2820,2006-02-03,26.67000,26.73000,26.41000,26.42000,63200
2821,2006-02-02,26.75000,27.04000,26.62000,26.80000,47400
2822,2006-02-01,26.62000,27.00000,26.32000,26.98000,100700
2823,2006-01-31,26.77000,27.00000,26.46000,26.78000,57400
2824,2006-01-30,26.72000,26.86000,26.50000,26.73000,65700
2825,2006-01-27,26.82000,27.00000,26.50000,26.57000,101800
2826,2006-01-26,26.85000,26.98000,26.51000,26.69000,183300
2827,2006-01-25,26.70000,27.13000,26.35000,26.68000,106900
2828,2006-01-24,26.01000,26.64000,26.01000,26.41000,52500
2829,2006-01-23,26.23000,26.25000,25.89000,26.08000,47700
2830,2006-01-20,26.83000,26.83000,25.93000,26.06000,64300
2831,2006-01-19,26.76000,26.95000,26.57000,26.67000,80300
2832,2006-01-18,26.40000,26.88000,26.35000,26.82000,25000
2833,2006-01-17,26.68000,26.76000,26.32000,26.51000,47400
2834,2006-01-13,26.72000,26.94000,26.65000,26.81000,30300
2835,2006-01-12,26.73000,26.89000,26.51000,26.74000,54900
2836,2006-01-11,26.84000,27.00000,26.71000,26.91000,47100
2837,2006-01-10,26.37000,26.99000,26.30000,26.95000,66900
2838,2006-01-09,25.59000,26.78000,25.55000,26.51000,154700
2839,2006-01-06,26.80000,27.00000,26.58000,26.74000,59700
2840,2006-01-05,26.32000,26.77000,26.32000,26.66000,60800
2841,2006-01-04,26.28000,26.57000,26.07000,26.46000,66300
2842,2006-01-03,26.16000,26.38000,25.66000,26.23000,199900
2843,2005-12-30,26.57000,26.74000,26.22000,26.22000,62600
2844,2005-12-29,26.53000,27.02000,26.38000,26.80000,73000
2845,2005-12-28,26.71000,26.73000,26.48000,26.62000,41100
2846,2005-12-27,26.63000,26.95000,26.43000,26.43000,70200
2847,2005-12-23,26.54000,26.95000,26.54000,26.71000,28100
2848,2005-12-22,26.84000,26.99000,26.39000,26.67000,59000
2849,2005-12-21,26.80000,27.05000,26.61000,26.73000,101400
2850,2005-12-20,25.94000,27.00000,25.84000,26.93000,638200
2851,2005-12-19,27.00000,27.00000,25.86000,26.07000,109200
2852,2005-12-16,26.78000,27.00000,26.62000,26.96000,200000
2853,2005-12-15,27.45000,27.47000,26.77000,26.91000,132100
2854,2005-12-14,27.12000,27.34000,26.97000,27.24000,118500
2855,2005-12-13,27.50000,27.52000,26.89000,26.95000,139900
2856,2005-12-12,27.38000,27.43000,27.10000,27.36000,224500
2857,2005-12-09,27.76000,27.76000,27.08000,27.10000,88500
2858,2005-12-08,27.58000,27.75000,27.27000,27.57000,86200
2859,2005-12-07,27.59000,27.75000,27.00000,27.70000,92700
2860,2005-12-06,27.75000,27.76000,27.43000,27.67000,83700
2861,2005-12-05,27.51000,27.75000,27.51000,27.72000,96800
2862,2005-12-02,27.80000,27.80000,27.52000,27.75000,165200
2863,2005-12-01,27.80000,27.82000,27.71000,27.77000,159500
2864,2005-11-30,28.00000,28.54000,27.63000,27.80000,263000
2865,2005-11-29,27.97000,28.10000,27.68000,27.96000,127100
2866,2005-11-28,28.75000,28.78000,27.83000,27.88000,103400
2867,2005-11-25,28.86000,29.06000,28.52000,28.67000,31500
2868,2005-11-23,28.79000,28.85000,28.47000,28.75000,55000
2869,2005-11-22,28.75000,28.97000,28.50000,28.82000,72700
2870,2005-11-21,28.92000,28.92000,28.11000,28.79000,78900
2871,2005-11-18,29.22000,29.25000,28.71000,28.90000,72900
2872,2005-11-17,29.06000,29.33000,28.86000,28.96000,61000
2873,2005-11-16,29.00000,29.15000,28.86000,28.90000,129900
2874,2005-11-15,29.28000,29.28000,28.82000,28.92000,92100
2875,2005-11-14,28.96000,29.17000,28.84000,29.16000,110000
2876,2005-11-11,28.99000,29.30000,28.82000,29.05000,78900
2877,2005-11-10,29.01000,29.13000,28.32000,29.00000,73800
2878,2005-11-09,28.57000,29.05000,28.42000,28.90000,43200
2879,2005-11-08,28.92000,29.00000,28.41000,28.52000,56500
2880,2005-11-07,28.55000,29.20000,28.55000,28.85000,91900
2881,2005-11-04,28.64000,29.19000,28.25000,28.75000,94400
2882,2005-11-03,28.49000,29.13000,28.45000,28.65000,65300
2883,2005-11-02,27.95000,28.72000,27.79000,28.27000,76800
2884,2005-11-01,27.54000,28.14000,27.49000,27.98000,156100
2885,2005-10-31,27.63000,28.70000,27.61000,27.68000,110500
2886,2005-10-28,26.81000,27.82000,26.78000,27.43000,113400
2887,2005-10-27,26.99000,27.56000,26.54000,26.69000,92200
2888,2005-10-26,28.76000,28.82000,26.35000,26.90000,244000
2889,2005-10-25,29.98000,29.98000,27.08000,28.97000,227900
2890,2005-10-24,29.53000,30.05000,29.42000,29.90000,71400
2891,2005-10-21,28.93000,30.27000,28.93000,29.71000,68800
2892,2005-10-20,29.74000,29.80000,28.53000,28.92000,44500
2893,2005-10-19,28.71000,29.79000,28.36000,29.78000,102500
2894,2005-10-18,28.99000,29.20000,28.61000,28.89000,63500
2895,2005-10-17,29.26000,29.30000,28.33000,28.97000,84200
2896,2005-10-14,29.46000,29.46000,28.61000,29.11000,84800
2897,2005-10-13,29.15000,29.15000,28.50000,29.10000,121400
2898,2005-10-12,29.45000,29.56000,28.73000,29.00000,69900
2899,2005-10-11,30.19000,30.30000,29.48000,29.52000,210200
2900,2005-10-10,30.08000,30.16000,29.52000,30.00000,63000
2901,2005-10-07,29.69000,30.27000,29.65000,29.84000,71100
2902,2005-10-06,29.88000,30.00000,29.12000,29.60000,109100
2903,2005-10-05,30.41000,30.47000,29.47000,29.67000,129600
2904,2005-10-04,30.99000,31.18000,30.21000,30.33000,106100
2905,2005-10-03,30.44000,30.95000,30.44000,30.80000,120300
2906,2005-09-30,30.67000,30.68000,30.08000,30.66000,89300
2907,2005-09-29,30.03000,30.64000,29.91000,30.54000,127300
2908,2005-09-28,30.03000,30.37000,29.60000,30.03000,95300
2909,2005-09-27,30.00000,30.41000,29.81000,30.03000,140500
2910,2005-09-26,29.71000,29.98000,29.71000,29.95000,45400
2911,2005-09-23,29.40000,29.97000,29.29000,29.64000,41900
2912,2005-09-22,29.40000,29.59000,28.93000,29.42000,71600
2913,2005-09-21,29.19000,29.38000,28.73000,29.25000,111300
2914,2005-09-20,29.18000,29.57000,28.64000,29.31000,118500
2915,2005-09-19,29.17000,29.41000,28.98000,29.25000,112600
2916,2005-09-16,29.31000,30.00000,29.19000,29.32000,799600
2917,2005-09-15,28.89000,29.17000,28.67000,29.14000,100500
2918,2005-09-14,28.77000,29.07000,28.59000,28.74000,89400
2919,2005-09-13,29.00000,29.20000,28.58000,28.72000,60700
2920,2005-09-12,28.83000,29.31000,28.78000,29.10000,88000
2921,2005-09-09,29.06000,29.31000,28.81000,28.90000,69800
2922,2005-09-08,29.52000,29.78000,28.70000,29.00000,70100
2923,2005-09-07,29.57000,29.90000,29.23000,29.62000,54200
2924,2005-09-06,29.38000,29.85000,29.38000,29.72000,65900
2925,2005-09-02,29.16000,29.66000,28.87000,29.10000,56100
2926,2005-09-01,28.90000,29.40000,28.70000,29.15000,61900
2927,2005-08-31,29.07000,29.35000,28.41000,29.23000,89700
2928,2005-08-30,29.00000,29.40000,28.54000,29.05000,112200
2929,2005-08-29,28.39000,29.02000,28.00000,28.90000,73900
2930,2005-08-26,28.60000,28.71000,27.87000,28.40000,57400
2931,2005-08-25,28.42000,28.98000,28.20000,28.75000,31000
2932,2005-08-24,28.39000,28.87000,27.98000,28.36000,56000
2933,2005-08-23,28.60000,29.08000,28.15000,28.60000,91000
2934,2005-08-22,28.06000,28.57000,27.81000,28.56000,60600
2935,2005-08-19,27.89000,28.13000,27.77000,27.84000,17900
2936,2005-08-18,28.26000,28.46000,27.53000,28.03000,43800
2937,2005-08-17,27.90000,28.64000,27.78000,28.29000,86400
2938,2005-08-16,28.81000,29.21000,27.82000,28.00000,84100
2939,2005-08-15,28.69000,29.20000,28.17000,29.02000,81400
2940,2005-08-12,28.59000,29.00000,27.89000,28.76000,75200
2941,2005-08-11,28.25000,29.15000,28.25000,28.74000,49200
2942,2005-08-10,28.93000,29.15000,27.94000,28.31000,58600
2943,2005-08-09,28.71000,28.79000,28.28000,28.63000,55300
2944,2005-08-08,28.43000,28.70000,28.31000,28.61000,58100
2945,2005-08-05,28.79000,29.24000,28.51000,28.52000,52900
2946,2005-08-04,29.01000,29.20000,28.72000,28.85000,82400
2947,2005-08-03,29.14000,29.90000,29.05000,29.13000,62700
2948,2005-08-02,29.66000,29.90000,29.26000,29.76000,62400
2949,2005-08-01,30.12000,30.67000,29.32000,29.63000,128500
2950,2005-07-29,29.46000,30.50000,29.46000,30.42000,241700
2951,2005-07-28,30.00000,30.11000,29.01000,29.39000,76900
2952,2005-07-27,29.24000,29.95000,28.60000,29.87000,91200
2953,2005-07-26,29.41000,30.15000,29.00000,29.08000,124600
2954,2005-07-25,29.95000,30.14000,29.50000,29.54000,108900
2955,2005-07-22,29.34000,30.18000,29.20000,29.95000,115400
2956,2005-07-21,29.85000,29.98000,28.88000,29.27000,100400
2957,2005-07-20,29.58000,30.25000,29.54000,29.90000,57400
2958,2005-07-19,28.68000,29.98000,28.68000,29.70000,132300
2959,2005-07-18,29.30000,29.50000,28.69000,28.72000,110700
2960,2005-07-15,29.11000,29.49000,29.06000,29.20000,61800
2961,2005-07-14,29.75000,29.90000,29.29000,29.31000,56900
2962,2005-07-13,29.63000,29.75000,29.18000,29.74000,108200
2963,2005-07-12,29.75000,29.80000,29.28000,29.46000,55700
2964,2005-07-11,29.50000,29.65000,29.36000,29.65000,109000
2965,2005-07-08,29.00000,29.54000,28.30000,29.50000,64700
2966,2005-07-07,28.36000,29.07000,28.20000,28.98000,50100
2967,2005-07-06,29.12000,29.50000,28.55000,28.65000,55600
2968,2005-07-05,29.03000,29.48000,28.61000,29.38000,63200
2969,2005-07-01,28.71000,29.40000,28.52000,28.91000,80000
2970,2005-06-30,29.11000,29.18000,28.60000,28.64000,89400
2971,2005-06-29,28.87000,29.16000,28.67000,28.99000,69900
2972,2005-06-28,28.08000,29.12000,27.88000,29.09000,75000
2973,2005-06-27,27.67000,28.09000,27.66000,28.00000,75200
2974,2005-06-24,27.94000,28.10000,27.71000,27.83000,92800
2975,2005-06-23,28.24000,28.52000,27.83000,27.91000,68800
2976,2005-06-22,28.44000,28.78000,28.08000,28.45000,74900
2977,2005-06-21,28.50000,28.56000,28.07000,28.36000,109900
2978,2005-06-20,28.80000,29.04000,28.43000,28.53000,110500
2979,2005-06-17,29.61000,29.65000,28.75000,28.83000,180500
2980,2005-06-16,29.26000,29.54000,28.86000,29.53000,95300
2981,2005-06-15,28.96000,29.09000,28.33000,29.06000,89300
2982,2005-06-14,28.82000,29.00000,28.51000,28.74000,66300
2983,2005-06-13,28.73000,29.18000,28.50000,28.84000,68600
2984,2005-06-10,29.03000,29.08000,28.48000,28.73000,33000
2985,2005-06-09,27.75000,28.91000,27.65000,28.91000,56200
2986,2005-06-08,28.68000,29.08000,27.85000,27.88000,108400
2987,2005-06-07,28.26000,29.95000,28.26000,28.52000,124500
2988,2005-06-06,28.00000,28.66000,27.93000,28.46000,46700
2989,2005-06-03,28.12000,28.55000,27.83000,28.18000,71000
2990,2005-06-02,28.15000,28.74000,27.88000,27.88000,102000
2991,2005-06-01,27.66000,28.50000,27.64000,28.42000,61000
2992,2005-05-31,28.08000,28.17000,27.74000,27.81000,58900
2993,2005-05-27,28.03000,28.08000,27.74000,27.85000,39500
2994,2005-05-26,27.01000,27.92000,27.01000,27.83000,58400
2995,2005-05-25,27.52000,28.06000,27.35000,27.52000,68100
2996,2005-05-24,27.62000,28.16000,27.62000,28.01000,96400
2997,2005-05-23,27.91000,27.99000,27.75000,27.99000,82900
2998,2005-05-20,27.99000,28.02000,27.62000,27.92000,69500
2999,2005-05-19,27.74000,28.05000,27.69000,28.02000,65700
3000,2005-05-18,27.92000,28.05000,27.56000,27.96000,85300
3001,2005-05-17,26.92000,27.85000,26.56000,27.85000,175500
3002,2005-05-16,26.80000,27.26000,26.80000,27.25000,62800
3003,2005-05-13,27.08000,27.18000,26.60000,26.87000,50300
3004,2005-05-12,27.20000,27.47000,26.89000,27.10000,103800
3005,2005-05-11,27.02000,27.21000,26.49000,27.20000,73300
3006,2005-05-10,26.93000,27.22000,26.70000,26.95000,92700
3007,2005-05-09,27.20000,27.25000,26.81000,27.25000,82900
3008,2005-05-06,26.69000,27.16000,26.36000,27.10000,83300
3009,2005-05-05,26.72000,26.73000,26.19000,26.50000,85600
3010,2005-05-04,26.49000,27.03000,26.30000,26.78000,69200
3011,2005-05-03,26.42000,26.90000,26.38000,26.62000,66600
3012,2005-05-02,26.33000,26.75000,26.02000,26.60000,52900
3013,2005-04-29,26.46000,26.59000,26.00000,26.26000,69700
3014,2005-04-28,26.77000,26.86000,26.26000,26.44000,160800
3015,2005-04-27,26.31000,27.36000,26.31000,26.80000,144600
3016,2005-04-26,26.33000,26.94000,25.30000,26.58000,233200
3017,2005-04-25,27.43000,27.53000,26.96000,27.18000,237100
3018,2005-04-22,28.53000,28.53000,27.12000,27.29000,213400
3019,2005-04-21,27.42000,28.31000,27.37000,28.31000,91000
3020,2005-04-20,27.87000,28.33000,27.34000,27.48000,95200
3021,2005-04-19,27.55000,27.98000,27.26000,27.98000,63700
3022,2005-04-18,27.25000,27.94000,26.98000,27.75000,76300
3023,2005-04-15,27.97000,28.32000,27.27000,27.27000,74100
3024,2005-04-14,28.15000,28.54000,27.97000,28.00000,59200
3025,2005-04-13,28.76000,28.86000,28.20000,28.20000,45000
3026,2005-04-12,28.37000,29.20000,28.00000,28.96000,51200
3027,2005-04-11,28.86000,28.86000,28.38000,28.49000,82800
3028,2005-04-08,29.20000,29.20000,28.86000,28.91000,95300
3029,2005-04-07,29.12000,29.35000,28.78000,29.07000,74200
3030,2005-04-06,29.06000,29.50000,29.06000,29.06000,60900
3031,2005-04-05,28.88000,29.28000,28.64000,29.17000,62500
3032,2005-04-04,28.36000,28.89000,28.36000,28.62000,55800
3033,2005-04-01,28.93000,29.29000,28.33000,28.58000,70300
3034,2005-03-31,29.22000,29.28000,28.48000,28.79000,108500
3035,2005-03-30,28.86000,29.45000,28.58000,29.21000,116000
3036,2005-03-29,29.21000,29.75000,28.58000,28.78000,109000
3037,2005-03-28,29.54000,29.76000,29.08000,29.61000,70800
3038,2005-03-24,29.70000,29.70000,29.19000,29.25000,38000
3039,2005-03-23,29.33000,29.88000,29.33000,29.49000,47800
3040,2005-03-22,29.71000,29.93000,29.47000,29.58000,68000
3041,2005-03-21,29.76000,29.81000,29.10000,29.80000,80400
3042,2005-03-18,29.01000,30.11000,28.76000,29.50000,606000
3043,2005-03-17,29.26000,29.38000,28.74000,29.14000,126500
3044,2005-03-16,29.00000,29.57000,28.96000,29.00000,69400
3045,2005-03-15,29.61000,29.70000,29.04000,29.07000,94600
3046,2005-03-14,29.44000,29.68000,29.05000,29.36000,83100
3047,2005-03-11,29.81000,29.86000,29.12000,29.25000,89800
3048,2005-03-10,29.23000,29.77000,29.10000,29.69000,154100
3049,2005-03-09,29.60000,29.85000,29.08000,29.31000,91900
3050,2005-03-08,29.81000,29.95000,29.45000,29.64000,73700
3051,2005-03-07,29.15000,29.97000,29.14000,29.95000,126700
3052,2005-03-04,29.60000,29.84000,29.22000,29.22000,165100
3053,2005-03-03,29.88000,29.89000,29.24000,29.65000,55500
3054,2005-03-02,29.74000,29.93000,29.46000,29.76000,54100
3055,2005-03-01,29.38000,29.95000,29.15000,29.93000,130200
3056,2005-02-28,29.71000,29.95000,29.28000,29.55000,87800
3057,2005-02-25,29.69000,29.97000,29.21000,29.96000,67600
3058,2005-02-24,29.01000,29.57000,28.86000,29.57000,83200
3059,2005-02-23,29.51000,29.66000,29.06000,29.09000,89300
3060,2005-02-22,29.81000,30.32000,29.25000,29.25000,305100
3061,2005-02-18,29.93000,30.23000,29.81000,30.03000,277200
3062,2005-02-17,29.76000,29.97000,29.49000,29.87000,249900
3063,2005-02-16,29.75000,30.14000,29.55000,30.02000,97600
3064,2005-02-15,29.71000,30.43000,29.68000,30.00000,83700
3065,2005-02-14,30.21000,30.41000,29.78000,30.04000,62500
3066,2005-02-11,29.81000,30.43000,29.66000,30.27000,84300
3067,2005-02-10,29.73000,30.16000,29.36000,30.01000,155700
3068,2005-02-09,29.62000,30.12000,29.54000,29.81000,102400
3069,2005-02-08,29.52000,30.15000,29.52000,29.89000,100400
3070,2005-02-07,29.30000,29.90000,29.28000,29.74000,71500
3071,2005-02-04,28.70000,29.69000,28.49000,29.61000,73600
3072,2005-02-03,29.02000,29.04000,28.54000,28.78000,90900
3073,2005-02-02,28.16000,29.12000,27.90000,28.78000,105800
3074,2005-02-01,29.37000,29.37000,28.17000,28.46000,129600
3075,2005-01-31,28.10000,29.35000,28.10000,29.10000,104400
3076,2005-01-28,28.84000,28.90000,27.61000,27.79000,76000
3077,2005-01-27,27.69000,28.40000,27.65000,28.29000,129200
3078,2005-01-26,27.95000,28.47000,27.79000,28.36000,95100
3079,2005-01-25,28.25000,28.80000,27.92000,28.08000,153000
3080,2005-01-24,28.51000,28.52000,28.13000,28.28000,92900
3081,2005-01-21,29.10000,29.10000,28.15000,28.38000,82600
3082,2005-01-20,29.31000,29.49000,28.74000,28.87000,162100
3083,2005-01-19,29.77000,29.98000,29.40000,29.47000,94700
3084,2005-01-18,29.27000,30.03000,29.27000,29.75000,73300
3085,2005-01-14,29.55000,29.92000,29.24000,29.56000,32400
3086,2005-01-13,29.37000,29.66000,29.05000,29.21000,47700
3087,2005-01-12,29.30000,29.49000,29.01000,29.49000,75500
3088,2005-01-11,28.94000,29.47000,28.59000,29.31000,52800
3089,2005-01-10,29.08000,29.90000,29.08000,29.20000,68000
3090,2005-01-07,29.28000,29.67000,28.92000,29.24000,78700
3091,2005-01-06,29.52000,29.77000,29.40000,29.45000,78800
3092,2005-01-05,29.45000,29.65000,29.17000,29.20000,81400
3093,2005-01-04,30.61000,30.76000,29.59000,29.66000,70800
3094,2005-01-03,29.85000,30.46000,29.83000,30.30000,82400
3095,2004-12-31,29.79000,30.35000,29.79000,30.18000,46700
3096,2004-12-30,30.57000,30.57000,30.32000,30.53000,25200
3097,2004-12-29,29.98000,30.58000,29.98000,30.38000,40900
3098,2004-12-28,30.13000,30.39000,29.77000,30.39000,95300
3099,2004-12-27,29.99000,30.00000,29.06000,29.86000,65100
3100,2004-12-23,30.02000,30.17000,29.82000,30.03000,71000
3101,2004-12-22,29.03000,30.05000,29.03000,29.80000,105300
3102,2004-12-21,29.07000,29.70000,28.70000,29.59000,95400
3103,2004-12-20,28.64000,29.01000,28.63000,28.67000,30500
3104,2004-12-17,28.99000,29.38000,28.49000,29.00000,82200
3105,2004-12-16,29.55000,29.55000,28.66000,28.92000,55900
3106,2004-12-15,29.12000,29.44000,28.95000,29.33000,68300
3107,2004-12-14,29.04000,29.46000,28.87000,29.39000,92400
3108,2004-12-13,29.00000,29.14000,28.63000,29.01000,54200
3109,2004-12-10,29.17000,29.21000,28.52000,29.00000,102900
3110,2004-12-09,29.28000,29.65000,29.14000,29.23000,97700
3111,2004-12-08,30.00000,30.00000,29.41000,29.42000,121700
3112,2004-12-07,29.43000,30.05000,29.20000,29.73000,90000
3113,2004-12-06,30.28000,30.28000,29.58000,29.87000,152800
3114,2004-12-03,30.08000,30.37000,30.00000,30.16000,120300
3115,2004-12-02,30.60000,31.27000,30.48000,30.74000,92900
3116,2004-12-01,29.73000,31.08000,29.67000,30.94000,162700
3117,2004-11-30,30.05000,30.51000,29.55000,30.40000,129900
3118,2004-11-29,29.81000,30.38000,29.51000,30.27000,142600
3119,2004-11-26,30.14000,30.15000,29.60000,29.60000,57400
3120,2004-11-24,29.25000,30.03000,28.85000,29.83000,148000
3121,2004-11-23,28.22000,29.44000,28.14000,29.25000,93300
3122,2004-11-22,28.01000,28.85000,28.01000,28.56000,66300
3123,2004-11-19,28.21000,29.00000,28.10000,28.20000,30500
3124,2004-11-18,28.62000,29.22000,28.10000,28.80000,35700
3125,2004-11-17,28.78000,29.17000,28.55000,28.92000,59600
3126,2004-11-16,28.46000,28.90000,28.26000,28.46000,44900
3127,2004-11-15,28.76000,28.98000,28.46000,28.88000,34400
3128,2004-11-12,28.49000,29.08000,28.04000,29.08000,43300
3129,2004-11-11,28.50000,29.05000,28.30000,28.70000,77400
3130,2004-11-10,27.89000,29.00000,27.89000,28.79000,81100
3131,2004-11-09,28.57000,28.81000,28.27000,28.63000,79100
3132,2004-11-08,28.48000,28.94000,28.26000,28.30000,51900
3133,2004-11-05,27.88000,28.96000,27.88000,28.72000,136900
3134,2004-11-04,27.61000,27.78000,27.01000,27.76000,97800
3135,2004-11-03,27.99000,28.49000,27.01000,27.50000,170900
3136,2004-11-02,27.31000,27.91000,27.07000,27.63000,124700
3137,2004-11-01,26.68000,27.30000,26.51000,27.30000,56700
3138,2004-10-29,27.04000,27.44000,26.87000,26.92000,60900
3139,2004-10-28,27.64000,27.64000,26.99000,27.17000,78400
3140,2004-10-27,27.10000,27.60000,26.73000,27.44000,102500
3141,2004-10-26,27.19000,27.48000,26.30000,26.99000,118400
3142,2004-10-25,26.68000,27.57000,26.65000,27.18000,57600
3143,2004-10-22,27.11000,27.49000,26.90000,26.92000,88900
3144,2004-10-21,27.04000,27.36000,26.56000,27.36000,87500
3145,2004-10-20,26.73000,27.26000,26.26000,27.13000,40200
3146,2004-10-19,26.24000,27.06000,25.86000,26.89000,95400
3147,2004-10-18,27.64000,27.67000,26.31000,26.92000,59100
3148,2004-10-15,26.59000,27.00000,26.43000,26.81000,54900
3149,2004-10-14,26.56000,26.92000,26.50000,26.50000,26200
3150,2004-10-13,26.99000,26.99000,26.38000,26.53000,62700
3151,2004-10-12,26.89000,27.03000,26.51000,26.77000,44900
3152,2004-10-11,26.77000,27.20000,26.47000,26.99000,52800
3153,2004-10-08,26.90000,27.14000,26.71000,26.77000,46500
3154,2004-10-07,27.35000,27.59000,26.94000,27.06000,52400
3155,2004-10-06,27.85000,27.98000,27.42000,27.67000,61200
3156,2004-10-05,28.09000,28.36000,27.77000,27.92000,28800
3157,2004-10-04,27.96000,28.15000,27.70000,27.92000,72400
3158,2004-10-01,26.96000,27.92000,26.32000,27.92000,77500
3159,2004-09-30,26.88000,26.94000,26.02000,26.71000,187700
3160,2004-09-29,26.72000,27.10000,26.71000,27.10000,31500
3161,2004-09-28,26.40000,26.89000,26.21000,26.83000,75700
3162,2004-09-27,26.71000,27.04000,26.39000,26.39000,131800
3163,2004-09-24,26.79000,27.25000,26.49000,27.16000,58200
3164,2004-09-23,27.25000,27.25000,26.50000,26.71000,42500
3165,2004-09-22,26.99000,27.15000,26.44000,26.88000,90700
3166,2004-09-21,27.19000,27.63000,26.77000,27.40000,53900
3167,2004-09-20,26.76000,27.05000,26.62000,26.99000,60600
3168,2004-09-17,27.49000,28.40000,26.78000,26.91000,122100
3169,2004-09-16,27.20000,27.36000,26.96000,27.20000,37700
3170,2004-09-15,26.94000,27.62000,26.89000,26.99000,57700
3171,2004-09-14,27.73000,28.11000,27.13000,27.44000,51400
3172,2004-09-13,27.34000,27.79000,26.93000,27.79000,69100
3173,2004-09-10,27.00000,27.45000,26.90000,27.26000,66900
3174,2004-09-09,27.49000,27.97000,26.81000,27.10000,168200
3175,2004-09-08,28.35000,28.44000,27.00000,27.12000,73400
3176,2004-09-07,27.59000,28.30000,27.34000,27.88000,89100
3177,2004-09-03,27.70000,28.12000,27.12000,27.38000,57300
3178,2004-09-02,26.57000,27.61000,25.60000,27.58000,89100
3179,2004-09-01,26.52000,27.93000,26.52000,26.90000,103800
3180,2004-08-31,26.86000,27.16000,26.34000,27.00000,71300
3181,2004-08-30,26.99000,27.01000,26.41000,26.46000,50900
3182,2004-08-27,27.00000,27.26000,26.69000,27.17000,35400
3183,2004-08-26,27.40000,27.49000,26.89000,26.93000,22800
3184,2004-08-25,27.30000,27.31000,26.88000,27.22000,60800
3185,2004-08-24,27.21000,27.46000,26.51000,27.08000,29500
3186,2004-08-23,27.53000,27.55000,26.52000,26.58000,55300
3187,2004-08-20,26.47000,27.45000,26.23000,27.44000,57200
3188,2004-08-19,26.11000,26.32000,25.82000,26.20000,48300
3189,2004-08-18,25.69000,26.49000,25.38000,26.36000,98800
3190,2004-08-17,25.37000,25.98000,25.30000,25.97000,48600
3191,2004-08-16,25.56000,25.75000,25.26000,25.64000,72600
3192,2004-08-13,25.81000,25.82000,25.26000,25.35000,36900
3193,2004-08-12,26.00000,26.24000,25.35000,25.53000,76600
3194,2004-08-11,26.12000,26.67000,25.46000,26.25000,70500
3195,2004-08-10,26.00000,26.55000,25.93000,26.39000,52300
3196,2004-08-09,25.64000,26.24000,25.36000,25.82000,94300
3197,2004-08-06,26.36000,26.62000,25.37000,25.52000,140100
3198,2004-08-05,27.34000,27.34000,26.33000,26.75000,95400
3199,2004-08-04,26.43000,27.53000,26.04000,27.13000,78700
3200,2004-08-03,27.04000,27.24000,26.53000,26.65000,80400
3201,2004-08-02,26.89000,27.37000,26.37000,27.36000,69500
3202,2004-07-30,27.61000,27.78000,27.04000,27.13000,85200
3203,2004-07-29,27.51000,27.54000,26.33000,27.50000,106000
3204,2004-07-28,27.19000,27.71000,26.60000,27.21000,75100
3205,2004-07-27,27.18000,27.99000,27.05000,27.40000,94600
3206,2004-07-26,26.83000,27.54000,26.53000,27.00000,125800
3207,2004-07-23,27.29000,27.59000,26.89000,26.99000,126300
3208,2004-07-22,27.37000,27.95000,26.69000,26.91000,97100
3209,2004-07-21,28.65000,28.65000,27.59000,27.59000,151400
3210,2004-07-20,26.50000,28.63000,25.32000,28.57000,318400
3211,2004-07-19,27.69000,28.27000,27.50000,27.75000,170000
3212,2004-07-16,28.32000,28.32000,27.11000,27.53000,68500
3213,2004-07-15,27.57000,28.23000,27.00000,28.13000,106000
3214,2004-07-14,27.79000,28.16000,27.20000,27.20000,73600
3215,2004-07-13,27.92000,28.48000,27.92000,28.10000,60500
3216,2004-07-12,27.60000,28.21000,27.53000,27.89000,59500
3217,2004-07-09,28.07000,28.17000,27.48000,27.97000,25600
3218,2004-07-08,28.28000,28.61000,27.66000,27.77000,56800
3219,2004-07-07,28.30000,29.30000,28.22000,28.39000,72500
3220,2004-07-06,28.65000,29.25000,28.01000,28.01000,70600
3221,2004-07-02,28.89000,29.14000,28.38000,28.82000,29500
3222,2004-07-01,29.79000,29.80000,28.96000,28.96000,53800
3223,2004-06-30,29.64000,29.80000,29.15000,29.80000,172500
3224,2004-06-29,28.97000,29.50000,28.90000,29.49000,91500
3225,2004-06-28,29.48000,29.53000,28.64000,29.07000,46000
3226,2004-06-25,29.60000,29.83000,28.67000,28.95000,220700
3227,2004-06-24,28.93000,29.53000,28.24000,29.13000,108600
3228,2004-06-23,29.36000,29.37000,28.16000,28.34000,59800
3229,2004-06-22,28.59000,29.16000,28.04000,28.84000,91600
3230,2004-06-21,28.42000,29.00000,28.00000,28.86000,43200
3231,2004-06-18,28.91000,29.29000,28.21000,29.17000,135400
3232,2004-06-17,29.35000,29.48000,28.96000,29.11000,47300
3233,2004-06-16,28.83000,29.32000,28.71000,29.23000,98000
3234,2004-06-15,27.15000,29.05000,27.15000,28.72000,118000
3235,2004-06-14,27.73000,28.00000,27.31000,27.32000,93600
3236,2004-06-10,28.45000,28.58000,28.10000,28.31000,64200
3237,2004-06-09,28.58000,28.71000,28.11000,28.15000,53300
3238,2004-06-08,28.53000,28.84000,28.45000,28.60000,58000
3239,2004-06-07,27.73000,29.06000,27.73000,28.74000,108200
3240,2004-06-04,27.73000,28.48000,27.72000,28.12000,233000
3241,2004-06-03,28.26000,28.70000,27.50000,27.51000,76000
3242,2004-06-02,28.78000,28.85000,28.29000,28.35000,115800
3243,2004-06-01,27.43000,28.69000,27.34000,28.63000,121400
3244,2004-05-28,27.78000,28.05000,27.63000,27.74000,69200
3245,2004-05-27,28.00000,28.12000,27.63000,27.98000,101400
3246,2004-05-26,28.12000,28.32000,27.48000,27.91000,77600
3247,2004-05-25,27.19000,28.13000,27.09000,28.02000,103500
3248,2004-05-24,27.31000,27.87000,27.05000,27.16000,89300
3249,2004-05-21,27.62000,27.99000,27.27000,27.48000,85000
3250,2004-05-20,27.74000,28.09000,27.06000,27.74000,106100
3251,2004-05-19,27.96000,28.40000,27.85000,27.96000,92500
3252,2004-05-18,27.50000,27.88000,27.50000,27.81000,25800
3253,2004-05-17,28.13000,28.13000,27.29000,27.45000,82700
3254,2004-05-14,28.25000,28.71000,28.03000,28.05000,48500
3255,2004-05-13,28.14000,28.80000,28.04000,28.30000,48300
3256,2004-05-12,28.65000,28.90000,28.20000,28.68000,123400
3257,2004-05-11,28.74000,28.99000,28.51000,28.80000,46200
3258,2004-05-10,28.59000,29.04000,28.16000,28.65000,104700
3259,2004-05-07,29.14000,30.00000,28.59000,28.59000,77000
3260,2004-05-06,29.49000,29.96000,28.63000,29.36000,90300
3261,2004-05-05,30.05000,30.60000,29.45000,29.65000,69700
3262,2004-05-04,30.45000,30.63000,29.80000,30.35000,73800
3263,2004-05-03,29.66000,30.67000,29.66000,30.22000,41000
3264,2004-04-30,29.34000,30.21000,29.32000,29.72000,132800
3265,2004-04-29,30.20000,30.69000,29.23000,29.50000,89800
3266,2004-04-28,30.83000,31.00000,29.69000,30.00000,57100
3267,2004-04-27,30.70000,31.17000,30.57000,31.10000,60700
3268,2004-04-26,31.25000,31.34000,30.53000,30.66000,33100
3269,2004-04-23,31.45000,32.25000,31.23000,31.26000,113900
3270,2004-04-22,30.90000,31.52000,30.52000,31.41000,79900
3271,2004-04-21,29.85000,30.90000,29.60000,30.66000,68000
3272,2004-04-20,30.52000,30.89000,29.78000,29.79000,65500
3273,2004-04-19,30.29000,30.53000,29.71000,30.50000,35700
3274,2004-04-16,29.52000,30.54000,29.15000,30.12000,51200
3275,2004-04-15,29.80000,30.26000,28.82000,29.54000,45600
3276,2004-04-14,29.32000,30.42000,29.22000,29.63000,54500
3277,2004-04-13,30.53000,30.88000,29.26000,29.32000,58800
3278,2004-04-12,30.35000,30.52000,30.08000,30.28000,34800
3279,2004-04-08,30.90000,31.00000,30.18000,30.24000,38700
3280,2004-04-07,30.21000,30.98000,30.21000,30.81000,41300
3281,2004-04-06,30.04000,30.61000,30.00000,30.25000,68900
3282,2004-04-05,30.26000,30.43000,30.15000,30.28000,47600
3283,2004-04-02,30.32000,30.55000,30.16000,30.44000,77300
3284,2004-04-01,29.71000,30.30000,29.68000,30.24000,64000
3285,2004-03-31,29.50000,29.88000,29.30000,29.61000,59200
3286,2004-03-30,29.03000,29.95000,28.91000,29.74000,57500
3287,2004-03-29,28.77000,29.60000,28.32000,29.06000,59400
3288,2004-03-26,28.29000,29.52000,28.29000,28.52000,103600
3289,2004-03-25,27.25000,28.77000,27.25000,28.54000,164600
3290,2004-03-24,27.66000,27.67000,27.17000,27.52000,91900
3291,2004-03-23,27.40000,27.93000,27.25000,27.78000,74300
3292,2004-03-22,28.36000,28.39000,27.39000,27.47000,65700
3293,2004-03-19,28.96000,28.96000,28.21000,28.37000,49400
3294,2004-03-18,28.98000,29.03000,28.12000,28.71000,75300
3295,2004-03-17,28.45000,29.35000,28.37000,29.02000,54600
3296,2004-03-16,28.40000,29.21000,28.17000,28.55000,54700
3297,2004-03-15,28.79000,28.94000,27.87000,27.89000,93200
3298,2004-03-12,28.03000,29.01000,28.03000,28.94000,71800
3299,2004-03-11,28.34000,29.01000,28.05000,28.10000,116100
3300,2004-03-10,28.86000,29.86000,28.51000,28.51000,91800
3301,2004-03-09,28.71000,28.91000,28.32000,28.71000,85600
3302,2004-03-08,29.73000,29.99000,28.78000,28.78000,110200
3303,2004-03-05,29.29000,30.10000,29.15000,29.74000,70400
3304,2004-03-04,29.10000,29.98000,29.10000,29.92000,70500
3305,2004-03-03,29.12000,29.50000,28.95000,29.26000,136500
3306,2004-03-02,29.46000,29.64000,28.86000,29.24000,181100
3307,2004-03-01,29.84000,29.99000,29.55000,29.60000,61300
3308,2004-02-27,29.24000,29.80000,29.24000,29.67000,45400
3309,2004-02-26,29.08000,29.59000,28.81000,29.59000,45400
3310,2004-02-25,29.05000,29.19000,28.64000,29.14000,48200
3311,2004-02-24,29.00000,29.35000,28.62000,28.88000,39800
3312,2004-02-23,29.13000,29.54000,28.60000,28.60000,42200
3313,2004-02-20,29.30000,29.59000,29.00000,29.13000,76700
3314,2004-02-19,30.01000,30.10000,29.16000,29.42000,86600
3315,2004-02-18,30.37000,30.40000,30.00000,30.00000,33200
3316,2004-02-17,30.06000,30.50000,29.94000,29.94000,79700
3317,2004-02-13,30.27000,30.44000,29.82000,29.82000,90200
3318,2004-02-12,30.24000,30.32000,30.05000,30.05000,50200
3319,2004-02-11,29.99000,30.36000,29.75000,30.27000,54500
3320,2004-02-10,30.20000,30.32000,29.88000,30.09000,70400
3321,2004-02-09,29.40000,30.37000,29.23000,30.09000,62300
3322,2004-02-06,29.16000,29.56000,29.01000,29.56000,52200
3323,2004-02-05,28.16000,29.35000,28.16000,29.22000,61400
3324,2004-02-04,28.64000,28.84000,28.11000,28.17000,79400
3325,2004-02-03,28.74000,29.16000,28.65000,28.74000,60300
3326,2004-02-02,29.15000,29.54000,28.68000,28.85000,74800
3327,2004-01-30,29.47000,29.48000,28.94000,29.10000,73300
3328,2004-01-29,29.41000,29.80000,29.25000,29.40000,53700
3329,2004-01-28,30.50000,30.68000,29.18000,29.34000,101200
3330,2004-01-27,30.15000,30.57000,29.80000,30.56000,54100
3331,2004-01-26,30.10000,30.20000,29.80000,30.09000,242100
3332,2004-01-23,29.82000,30.30000,29.71000,30.20000,40200
3333,2004-01-22,30.42000,30.43000,29.88000,29.88000,35300
3334,2004-01-21,30.76000,30.82000,30.20000,30.40000,169100
3335,2004-01-20,30.52000,30.90000,30.32000,30.65000,59000
3336,2004-01-16,30.73000,30.93000,30.49000,30.71000,29500
3337,2004-01-15,30.55000,30.95000,30.33000,30.73000,42000
3338,2004-01-14,30.39000,30.99000,30.39000,30.76000,89600
3339,2004-01-13,29.99000,30.16000,29.44000,29.98000,87900
3340,2004-01-12,29.32000,30.02000,29.32000,29.88000,68700
3341,2004-01-09,30.40000,30.41000,29.33000,29.33000,41700
3342,2004-01-08,29.73000,30.50000,29.73000,30.11000,84000
3343,2004-01-07,29.80000,29.99000,29.50000,29.88000,49500
3344,2004-01-06,29.21000,30.08000,29.05000,29.74000,77300
3345,2004-01-05,29.49000,29.68000,28.95000,29.31000,104400
3346,2004-01-02,28.60000,29.50000,28.55000,29.15000,34800
3347,2003-12-31,29.13000,29.26000,28.54000,28.54000,101200
3348,2003-12-30,27.64000,29.11000,27.50000,29.04000,128200
3349,2003-12-29,27.49000,28.22000,27.49000,27.68000,97200
3350,2003-12-26,27.96000,27.96000,27.52000,27.52000,10800
3351,2003-12-24,27.64000,27.85000,27.64000,27.73000,14500
3352,2003-12-23,27.80000,28.03000,27.63000,27.75000,59100
3353,2003-12-22,27.42000,28.00000,27.37000,28.00000,81500
3354,2003-12-19,28.12000,28.15000,27.44000,27.98000,133000
3355,2003-12-18,28.19000,28.19000,27.64000,27.98000,106100
3356,2003-12-17,28.24000,28.29000,27.86000,27.97000,58000
3357,2003-12-16,28.84000,29.14000,28.24000,28.28000,216200
3358,2003-12-15,29.37000,29.47000,28.96000,29.06000,102700
3359,2003-12-12,28.24000,28.93000,28.22000,28.78000,77300
3360,2003-12-11,28.07000,28.45000,27.97000,28.25000,102300
3361,2003-12-10,27.70000,28.20000,27.70000,28.02000,55900
3362,2003-12-09,28.61000,28.78000,27.70000,27.85000,72900
3363,2003-12-08,28.31000,29.00000,28.29000,28.45000,43000
3364,2003-12-05,28.84000,28.84000,27.98000,28.35000,37500
3365,2003-12-04,29.16000,29.16000,27.99000,28.88000,68300
3366,2003-12-03,29.30000,29.70000,28.81000,28.83000,257700
3367,2003-12-02,28.92000,29.69000,28.92000,29.38000,145100
3368,2003-12-01,28.32000,29.22000,28.31000,28.99000,105000
3369,2003-11-28,28.25000,28.58000,28.01000,28.47000,46900
3370,2003-11-26,27.75000,28.22000,27.45000,28.22000,101300
3371,2003-11-25,27.45000,27.84000,27.19000,27.82000,134100
3372,2003-11-24,27.42000,27.80000,27.31000,27.40000,93400
3373,2003-11-21,26.27000,27.30000,26.11000,27.30000,122600
3374,2003-11-20,26.09000,26.48000,25.50000,26.06000,95600
3375,2003-11-19,25.59000,26.10000,25.35000,25.95000,110900
3376,2003-11-18,26.57000,26.57000,25.59000,25.59000,148800
3377,2003-11-17,26.16000,26.48000,25.53000,26.36000,106300
3378,2003-11-14,26.55000,26.70000,26.15000,26.15000,116900
3379,2003-11-13,25.97000,26.49000,25.63000,26.33000,81600
3380,2003-11-12,25.91000,26.18000,25.80000,26.14000,65000
3381,2003-11-11,26.20000,26.20000,25.75000,25.79000,68900
3382,2003-11-10,25.88000,26.47000,25.86000,25.90000,153800
3383,2003-11-07,25.25000,25.71000,25.20000,25.65000,199800
3384,2003-11-06,25.14000,25.34000,24.95000,25.12000,225500
3385,2003-11-05,24.25000,25.01000,24.20000,24.64000,92700
3386,2003-11-04,24.45000,24.67000,24.31000,24.45000,85100
3387,2003-11-03,24.62000,24.94000,24.30000,24.50000,70400
3388,2003-10-31,25.03000,25.37000,24.50000,24.54000,44000
3389,2003-10-30,25.45000,25.56000,24.92000,25.14000,44400
3390,2003-10-29,24.94000,25.25000,24.78000,25.15000,215800
3391,2003-10-28,25.44000,25.44000,24.95000,25.04000,46800
3392,2003-10-27,24.71000,25.50000,24.64000,25.26000,39800
3393,2003-10-24,24.96000,25.03000,24.52000,25.01000,48500
3394,2003-10-23,25.43000,25.73000,24.75000,24.91000,72900
3395,2003-10-22,26.93000,26.93000,25.21000,25.24000,92900
3396,2003-10-21,26.12000,27.24000,25.60000,27.20000,68200
3397,2003-10-20,26.87000,27.62000,26.54000,26.54000,46600
3398,2003-10-17,27.96000,28.47000,27.00000,27.25000,75300
3399,2003-10-16,27.59000,28.11000,27.41000,27.89000,80100
3400,2003-10-15,27.75000,27.90000,27.13000,27.33000,21000
3401,2003-10-14,27.40000,27.70000,26.98000,27.65000,40000
3402,2003-10-13,27.18000,27.65000,27.00000,27.28000,57400
3403,2003-10-10,27.23000,27.26000,26.64000,26.93000,64000
3404,2003-10-09,27.33000,28.00000,26.86000,27.00000,66300
3405,2003-10-08,28.20000,28.38000,27.03000,27.16000,73500
3406,2003-10-07,26.49000,28.17000,26.10000,28.14000,92200
3407,2003-10-06,27.65000,27.65000,26.39000,26.56000,82500
3408,2003-10-03,25.87000,28.13000,25.87000,27.50000,132000
3409,2003-10-02,26.72000,26.72000,25.64000,25.75000,35800
3410,2003-10-01,25.11000,26.51000,25.03000,26.51000,51800
3411,2003-09-30,25.85000,25.85000,24.85000,24.92000,48100
3412,2003-09-29,25.36000,26.38000,25.21000,26.03000,49000
3413,2003-09-26,25.40000,25.79000,25.16000,25.27000,78000
3414,2003-09-25,26.02000,26.18000,25.48000,25.71000,61200
3415,2003-09-24,26.55000,26.61000,25.53000,25.78000,34600
3416,2003-09-23,26.37000,26.81000,26.37000,26.67000,56100
3417,2003-09-22,26.29000,26.78000,26.16000,26.48000,29700
3418,2003-09-19,26.68000,27.05000,26.41000,26.47000,53500
3419,2003-09-18,26.31000,27.00000,26.10000,26.78000,28800
3420,2003-09-17,26.31000,26.64000,26.10000,26.18000,31900
3421,2003-09-16,26.31000,26.74000,26.05000,26.40000,55000
3422,2003-09-15,26.31000,26.44000,25.85000,26.09000,51400
3423,2003-09-12,25.03000,26.32000,25.03000,26.32000,54200
3424,2003-09-11,25.03000,25.47000,25.03000,25.39000,59800
3425,2003-09-10,25.77000,25.91000,25.05000,25.08000,41900
3426,2003-09-09,25.94000,26.46000,25.71000,25.98000,17900
3427,2003-09-08,26.04000,26.72000,25.98000,26.22000,41200
3428,2003-09-05,26.60000,26.74000,25.93000,25.95000,29700
3429,2003-09-04,27.09000,27.09000,26.45000,26.87000,35500
3430,2003-09-03,26.90000,27.26000,26.65000,26.99000,72100
3431,2003-09-02,26.17000,27.00000,26.17000,26.76000,40000
3432,2003-08-29,26.01000,26.47000,25.93000,26.22000,27700
3433,2003-08-28,25.62000,26.02000,25.02000,26.00000,62000
3434,2003-08-27,25.67000,26.12000,25.40000,25.51000,23400
3435,2003-08-26,25.28000,25.74000,25.03000,25.62000,34900
3436,2003-08-25,24.81000,25.26000,24.81000,25.18000,19200
3437,2003-08-22,25.34000,25.57000,24.93000,25.15000,43100
3438,2003-08-21,24.76000,25.18000,24.59000,25.17000,99400
3439,2003-08-20,24.97000,24.97000,24.76000,24.90000,17300
3440,2003-08-19,24.76000,25.25000,24.59000,25.25000,63900
3441,2003-08-18,24.74000,24.81000,24.20000,24.75000,27000
3442,2003-08-15,24.75000,24.90000,24.51000,24.75000,11700
3443,2003-08-14,24.65000,24.95000,24.50000,24.76000,36300
3444,2003-08-13,24.90000,24.95000,24.44000,24.64000,74100
3445,2003-08-12,24.24000,24.79000,24.09000,24.76000,47400
3446,2003-08-11,23.52000,24.09000,23.51000,24.09000,39400
3447,2003-08-08,23.97000,24.39000,23.40000,23.60000,44600
3448,2003-08-07,24.31000,24.39000,23.95000,24.21000,34200
3449,2003-08-06,24.08000,24.54000,24.07000,24.22000,49600
3450,2003-08-05,24.51000,25.30000,24.14000,24.36000,72000
3451,2003-08-04,25.96000,26.15000,24.53000,24.92000,82800
3452,2003-08-01,25.76000,26.83000,25.08000,25.72000,72700
3453,2003-07-31,26.50000,26.50000,25.32000,25.75000,74500
3454,2003-07-30,25.25000,26.17000,24.74000,26.17000,58200
3455,2003-07-29,25.08000,25.24000,24.57000,25.24000,44800
3456,2003-07-28,24.71000,25.46000,24.70000,24.85000,64000
3457,2003-07-25,24.90000,25.20000,24.30000,25.01000,104100
3458,2003-07-24,24.99000,25.15000,24.55000,24.90000,81900
3459,2003-07-23,23.50000,24.94000,23.30000,24.92000,132500
3460,2003-07-22,24.43000,24.43000,23.45000,23.50000,172200
3461,2003-07-21,25.46000,25.67000,24.70000,24.89000,68300
3462,2003-07-18,25.61000,25.78000,25.40000,25.50000,66700
3463,2003-07-17,25.99000,26.24000,25.24000,25.49000,90600
3464,2003-07-16,26.17000,26.24000,25.93000,26.20000,38600
3465,2003-07-15,26.43000,26.50000,25.98000,26.00000,71300
3466,2003-07-14,27.02000,27.11000,26.45000,26.48000,32200
3467,2003-07-11,26.22000,27.01000,26.21000,26.87000,22900
3468,2003-07-10,26.30000,26.49000,25.94000,26.15000,103400
3469,2003-07-09,25.75000,26.38000,25.64000,26.24000,66700
3470,2003-07-08,25.93000,25.93000,25.51000,25.84000,117300
3471,2003-07-07,25.20000,26.00000,25.06000,25.91000,62700
3472,2003-07-03,25.22000,25.51000,24.95000,25.01000,28400
3473,2003-07-02,24.65000,25.40000,24.52000,25.30000,82000
3474,2003-07-01,23.54000,24.92000,23.49000,24.75000,73700
3475,2003-06-30,24.61000,24.66000,23.43000,23.75000,96500
3476,2003-06-27,24.25000,24.82000,24.25000,24.60000,76300
3477,2003-06-26,24.15000,24.55000,23.97000,24.50000,56900
3478,2003-06-25,24.63000,24.89000,23.96000,24.02000,58200
3479,2003-06-24,24.58000,25.18000,24.58000,24.75000,75500
3480,2003-06-23,25.58000,25.60000,24.54000,24.54000,54500
3481,2003-06-20,25.70000,25.90000,25.54000,25.80000,38000
3482,2003-06-19,25.70000,25.87000,25.25000,25.50000,38300
3483,2003-06-18,25.49000,25.80000,25.26000,25.80000,34300
3484,2003-06-17,25.31000,25.60000,25.10000,25.50000,123300
3485,2003-06-16,24.96000,25.44000,24.57000,25.39000,219400
3486,2003-06-13,25.10000,25.16000,24.78000,24.78000,37800
3487,2003-06-12,24.67000,25.05000,24.13000,24.96000,95400
3488,2003-06-11,24.79000,24.93000,24.54000,24.68000,30300
3489,2003-06-10,24.54000,24.94000,24.46000,24.89000,22000
3490,2003-06-09,24.83000,24.98000,24.58000,24.69000,34800
3491,2003-06-06,25.00000,25.15000,24.57000,24.78000,50800
3492,2003-06-05,24.85000,25.07000,24.73000,25.00000,57000
3493,2003-06-04,24.90000,25.27000,24.72000,24.85000,62900
3494,2003-06-03,24.55000,24.92000,24.32000,24.71000,38100
3495,2003-06-02,24.66000,24.75000,24.31000,24.41000,53400
3496,2003-05-30,23.95000,24.90000,23.88000,24.89000,48100
3497,2003-05-29,23.80000,24.13000,23.79000,23.85000,69000
3498,2003-05-28,22.72000,23.85000,22.72000,23.81000,40700
3499,2003-05-27,23.11000,23.20000,22.59000,23.05000,57500
3500,2003-05-23,22.53000,23.09000,22.43000,23.00000,58000
3501,2003-05-22,22.53000,22.81000,22.53000,22.71000,64300
3502,2003-05-21,22.64000,22.64000,22.32000,22.52000,52800
3503,2003-05-20,23.02000,23.10000,22.61000,22.63000,81400
3504,2003-05-19,23.91000,23.92000,23.03000,23.03000,70500
3505,2003-05-16,23.89000,24.13000,23.69000,23.72000,30100
3506,2003-05-15,24.00000,24.36000,23.91000,24.13000,39900
3507,2003-05-14,23.69000,23.97000,23.40000,23.90000,35400
3508,2003-05-13,23.74000,23.74000,23.21000,23.68000,25800
3509,2003-05-12,23.05000,23.85000,23.05000,23.81000,42000
3510,2003-05-09,22.60000,23.28000,22.55000,23.22000,39900
3511,2003-05-08,22.70000,22.85000,22.41000,22.46000,25900
3512,2003-05-07,22.79000,23.19000,22.79000,23.04000,41400
3513,2003-05-06,23.04000,23.16000,22.45000,23.13000,96900
3514,2003-05-05,23.65000,23.65000,22.50000,22.97000,82000
3515,2003-05-02,23.01000,23.64000,22.81000,23.63000,77400
3516,2003-05-01,23.06000,23.20000,22.69000,23.18000,63100
3517,2003-04-30,22.80000,23.26000,22.75000,23.11000,90600
3518,2003-04-29,22.61000,22.98000,22.21000,22.89000,61000
3519,2003-04-28,21.90000,22.85000,21.69000,22.60000,98300
3520,2003-04-25,22.15000,22.15000,21.51000,21.85000,36500
3521,2003-04-24,22.93000,22.93000,22.11000,22.16000,64700
3522,2003-04-23,23.23000,23.32000,22.77000,22.93000,44200
3523,2003-04-22,23.51000,23.63000,22.93000,23.28000,117200
3524,2003-04-21,23.62000,23.97000,23.39000,23.43000,144800
3525,2003-04-17,23.25000,23.87000,23.01000,23.67000,67800
3526,2003-04-16,22.90000,23.21000,22.89000,23.07000,73800
3527,2003-04-15,22.80000,22.95000,22.32000,22.95000,56000
3528,2003-04-14,22.26000,22.92000,22.11000,22.70000,40300
3529,2003-04-11,22.62000,22.80000,22.14000,22.34000,52200
3530,2003-04-10,22.61000,22.61000,22.23000,22.56000,52900
3531,2003-04-09,21.93000,22.73000,21.81000,22.40000,55500
3532,2003-04-08,22.77000,22.77000,21.82000,22.02000,70600
3533,2003-04-07,22.07000,22.83000,21.89000,22.77000,115200
3534,2003-04-04,22.05000,22.20000,21.95000,22.00000,65300
3535,2003-04-03,22.28000,22.39000,22.04000,22.04000,44800
3536,2003-04-02,22.14000,22.45000,21.92000,22.17000,69100
3537,2003-04-01,21.54000,22.14000,21.31000,22.14000,64200
3538,2003-03-31,21.99000,21.99000,21.49000,21.52000,81000
3539,2003-03-28,21.42000,22.09000,21.32000,22.00000,72800
3540,2003-03-27,21.28000,21.64000,21.11000,21.55000,37200
3541,2003-03-26,21.52000,21.54000,21.15000,21.31000,41100
3542,2003-03-25,21.30000,21.60000,21.09000,21.55000,44300
3543,2003-03-24,21.78000,21.79000,20.75000,21.41000,77300
3544,2003-03-21,22.18000,22.18000,20.95000,21.78000,268000
3545,2003-03-20,21.31000,22.13000,21.22000,22.13000,42100
3546,2003-03-19,21.23000,21.52000,21.00000,21.52000,41700
3547,2003-03-18,21.24000,21.25000,20.75000,21.24000,47400
3548,2003-03-17,20.39000,21.38000,20.31000,21.38000,49500
3549,2003-03-14,20.25000,20.72000,20.17000,20.50000,38900
3550,2003-03-13,19.80000,20.44000,19.75000,20.39000,40700
3551,2003-03-12,19.74000,20.00000,19.40000,19.80000,45000
3552,2003-03-11,19.58000,20.06000,19.55000,19.77000,40900
3553,2003-03-10,20.15000,20.15000,19.42000,19.48000,39600
3554,2003-03-07,19.85000,20.34000,19.85000,20.17000,34000
3555,2003-03-06,20.02000,20.03000,19.88000,19.88000,33800
3556,2003-03-05,19.93000,20.34000,19.93000,20.17000,43900
3557,2003-03-04,20.27000,20.27000,19.76000,20.02000,62200
3558,2003-03-03,20.81000,20.81000,20.16000,20.42000,92500
3559,2003-02-28,20.06000,20.92000,19.94000,20.72000,106200
3560,2003-02-27,19.45000,20.20000,19.45000,20.11000,60600
3561,2003-02-26,19.50000,19.68000,19.32000,19.51000,43100
3562,2003-02-25,19.40000,19.72000,19.35000,19.64000,80400
3563,2003-02-24,19.70000,19.71000,19.50000,19.59000,87300
3564,2003-02-21,19.25000,20.00000,19.01000,19.85000,91200
3565,2003-02-20,19.45000,19.45000,19.13000,19.15000,43800
3566,2003-02-19,19.85000,19.88000,19.26000,19.38000,76900
3567,2003-02-18,19.12000,19.99000,19.12000,19.97000,55700
3568,2003-02-14,19.51000,19.53000,19.06000,19.12000,90200
3569,2003-02-13,19.67000,19.68000,19.13000,19.47000,60500
3570,2003-02-12,20.24000,20.24000,19.50000,19.58000,33600
3571,2003-02-11,20.70000,20.80000,20.04000,20.31000,56000
3572,2003-02-10,20.25000,20.80000,20.22000,20.70000,70900
3573,2003-02-07,20.71000,20.88000,20.17000,20.30000,60000
3574,2003-02-06,20.71000,21.36000,20.56000,20.85000,94100
3575,2003-02-05,20.53000,21.32000,20.41000,20.77000,100900
3576,2003-02-04,20.75000,20.75000,20.39000,20.48000,61000
3577,2003-02-03,20.90000,21.10000,20.60000,20.67000,43200
3578,2003-01-31,20.75000,21.41000,20.75000,20.90000,111800
3579,2003-01-30,21.21000,21.52000,20.76000,20.76000,63000
3580,2003-01-29,21.35000,21.70000,20.87000,21.62000,86700
3581,2003-01-28,21.52000,21.61000,20.85000,21.36000,114700
3582,2003-01-27,21.74000,21.85000,21.22000,21.30000,73400
3583,2003-01-24,22.31000,22.54000,21.71000,21.75000,80100
3584,2003-01-23,22.87000,22.87000,21.85000,22.61000,63000
3585,2003-01-22,23.09000,23.59000,21.79000,22.77000,120700
3586,2003-01-21,24.33000,24.33000,23.46000,23.59000,36400
3587,2003-01-17,24.93000,25.00000,24.25000,24.51000,33500
3588,2003-01-16,24.87000,25.64000,24.83000,25.03000,51000
3589,2003-01-15,25.22000,25.22000,24.76000,24.93000,38600
3590,2003-01-14,25.04000,25.15000,24.83000,25.10000,34700
3591,2003-01-13,25.05000,25.37000,24.73000,25.00000,24400
3592,2003-01-10,24.97000,25.34000,24.79000,25.05000,58200
3593,2003-01-09,24.35000,25.01000,24.20000,24.99000,50200
3594,2003-01-08,25.00000,25.00000,24.20000,24.25000,27900
3595,2003-01-07,24.97000,24.97000,24.40000,24.95000,45400
3596,2003-01-06,24.71000,25.05000,24.71000,24.82000,55200
3597,2003-01-03,24.99000,25.03000,24.69000,24.81000,37100
3598,2003-01-02,24.70000,25.04000,24.43000,25.00000,43200
3599,2002-12-31,24.85000,25.07000,24.59000,24.71000,66800
3600,2002-12-30,24.83000,24.94000,24.54000,24.72000,40700
3601,2002-12-27,25.41000,25.48000,24.71000,24.72000,36000
3602,2002-12-26,25.50000,25.75000,25.41000,25.41000,17700
3603,2002-12-24,25.07000,25.57000,25.06000,25.38000,20300
3604,2002-12-23,25.06000,25.29000,24.88000,25.14000,45200
3605,2002-12-20,24.65000,25.39000,24.45000,25.21000,152000
3606,2002-12-19,24.77000,24.90000,24.47000,24.54000,84800
3607,2002-12-18,24.55000,24.79000,24.46000,24.61000,39700
3608,2002-12-17,24.65000,24.90000,24.46000,24.72000,66700
3609,2002-12-16,24.99000,25.10000,24.80000,25.00000,34200
3610,2002-12-13,25.00000,25.47000,24.51000,25.13000,84500
3611,2002-12-12,24.90000,25.25000,24.89000,25.06000,30600
3612,2002-12-11,25.17000,25.17000,24.86000,25.10000,57100
3613,2002-12-10,24.36000,25.37000,24.36000,25.36000,49500
3614,2002-12-09,25.12000,25.12000,24.31000,24.35000,53700
3615,2002-12-06,24.92000,25.08000,24.58000,25.08000,36100
3616,2002-12-05,25.13000,25.13000,24.67000,25.04000,33200
3617,2002-12-04,24.73000,25.32000,24.69000,25.17000,33900
3618,2002-12-03,24.64000,25.50000,24.64000,24.73000,51000
3619,2002-12-02,24.78000,24.88000,24.22000,24.67000,120300
3620,2002-11-29,25.17000,25.30000,24.76000,24.78000,41100
3621,2002-11-27,23.87000,25.35000,23.87000,25.32000,71200
3622,2002-11-26,24.42000,24.85000,23.83000,23.97000,55100
3623,2002-11-25,24.99000,25.00000,23.92000,24.62000,40800
3624,2002-11-22,25.00000,25.02000,24.14000,24.79000,30100
3625,2002-11-21,24.65000,25.22000,24.48000,25.10000,102000
3626,2002-11-20,24.69000,24.95000,24.30000,24.95000,42600
3627,2002-11-19,24.29000,24.61000,24.10000,24.58000,44100
3628,2002-11-18,24.60000,24.92000,24.29000,24.30000,48000
3629,2002-11-15,24.92000,25.04000,24.69000,25.01000,89200
3630,2002-11-14,24.85000,25.10000,24.74000,25.04000,62900
3631,2002-11-13,24.21000,24.87000,23.94000,24.86000,59900
3632,2002-11-12,24.00000,24.72000,23.54000,24.26000,49600
3633,2002-11-11,24.89000,24.90000,23.69000,23.71000,34800
3634,2002-11-08,25.29000,25.30000,24.38000,24.76000,41100
3635,2002-11-07,24.70000,25.40000,24.55000,25.04000,140100
3636,2002-11-06,24.37000,25.39000,24.15000,25.38000,101700
3637,2002-11-05,23.71000,24.36000,23.50000,24.19000,63800
3638,2002-11-04,23.70000,24.25000,23.50000,23.85000,76400
3639,2002-11-01,23.96000,23.96000,22.88000,23.54000,110700
3640,2002-10-31,24.19000,24.20000,23.53000,23.66000,53700
3641,2002-10-30,23.72000,24.21000,23.23000,23.83000,41400
3642,2002-10-29,23.88000,24.18000,23.24000,23.57000,57300
3643,2002-10-28,23.70000,24.46000,23.60000,23.88000,57000
3644,2002-10-25,23.57000,23.78000,23.31000,23.70000,87800
3645,2002-10-24,24.30000,24.50000,23.56000,23.58000,82300
3646,2002-10-23,24.06000,24.28000,23.50000,23.96000,127400
3647,2002-10-22,23.63000,24.65000,23.63000,24.29000,111400
3648,2002-10-21,23.09000,24.15000,22.89000,24.01000,94800
3649,2002-10-18,22.79000,23.50000,22.79000,23.30000,49100
3650,2002-10-17,21.40000,22.95000,21.40000,22.78000,45200
3651,2002-10-16,22.50000,22.74000,21.20000,21.23000,41300
3652,2002-10-15,20.84000,22.72000,20.61000,22.56000,59400
3653,2002-10-14,20.20000,20.90000,20.04000,20.84000,32200
3654,2002-10-11,20.25000,20.85000,20.00000,20.30000,78400
3655,2002-10-10,18.10000,19.58000,17.86000,19.58000,54500
3656,2002-10-09,18.71000,18.71000,18.02000,18.02000,61100
3657,2002-10-08,19.23000,19.47000,18.61000,18.80000,86600
3658,2002-10-07,20.29000,20.29000,19.10000,19.46000,57800
3659,2002-10-04,20.92000,20.92000,19.67000,20.22000,57000
3660,2002-10-03,21.26000,21.47000,20.76000,20.90000,58800
3661,2002-10-02,21.79000,21.80000,21.00000,21.18000,93900
3662,2002-10-01,22.04000,22.04000,20.94000,21.74000,55200
3663,2002-09-30,22.24000,22.59000,21.35000,21.67000,66700
3664,2002-09-27,22.00000,22.75000,21.84000,21.84000,48400
3665,2002-09-26,21.74000,22.50000,21.70000,22.48000,36300
3666,2002-09-25,20.64000,21.75000,20.51000,21.69000,52600
3667,2002-09-24,20.50000,20.79000,20.06000,20.44000,58800
3668,2002-09-23,21.24000,21.30000,20.49000,20.82000,62900
3669,2002-09-20,21.70000,21.85000,21.21000,21.41000,278000
3670,2002-09-19,21.95000,22.00000,21.58000,21.70000,133900
3671,2002-09-18,21.95000,22.54000,21.55000,22.19000,74200
3672,2002-09-17,22.03000,22.32000,21.95000,22.07000,69600
3673,2002-09-16,22.62000,22.63000,21.95000,22.01000,39300
3674,2002-09-13,21.95000,22.61000,21.89000,22.55000,39400
3675,2002-09-12,22.25000,22.64000,21.90000,21.95000,50400
3676,2002-09-11,22.54000,23.45000,22.25000,22.49000,49300
3677,2002-09-10,23.13000,23.37000,22.54000,22.76000,60500
3678,2002-09-09,22.62000,23.44000,22.62000,23.14000,74300
3679,2002-09-06,22.16000,23.51000,22.16000,23.38000,43400
3680,2002-09-05,22.20000,23.15000,22.16000,22.20000,66800
3681,2002-09-04,21.91000,23.12000,21.75000,23.10000,43500
3682,2002-09-03,23.20000,23.40000,21.65000,21.90000,203900
3683,2002-08-30,22.60000,24.13000,22.34000,23.59000,82100
3684,2002-08-29,21.70000,22.55000,21.53000,22.38000,39900
3685,2002-08-28,22.85000,22.98000,21.76000,21.77000,65500
3686,2002-08-27,24.35000,24.40000,22.84000,22.84000,48400
3687,2002-08-26,23.30000,24.20000,23.30000,23.96000,59300
3688,2002-08-23,24.29000,24.50000,23.34000,23.39000,47600
3689,2002-08-22,24.70000,25.00000,24.11000,24.29000,84500
3690,2002-08-21,23.49000,25.20000,23.49000,24.93000,95300
3691,2002-08-20,23.05000,23.95000,22.20000,23.56000,84000
3692,2002-08-19,22.00000,23.00000,22.00000,22.91000,63500
3693,2002-08-16,21.70000,22.66000,21.31000,22.37000,31000
3694,2002-08-15,21.92000,22.21000,21.70000,22.09000,31100
3695,2002-08-14,20.93000,21.94000,20.65000,21.92000,42200
3696,2002-08-13,21.60000,21.95000,20.76000,20.93000,98500
3697,2002-08-12,21.65000,21.65000,20.27000,21.27000,97100
3698,2002-08-09,20.70000,21.62000,20.39000,21.35000,80900
3699,2002-08-08,20.25000,20.70000,19.80000,20.67000,116900
3700,2002-08-07,21.64000,21.64000,19.91000,20.10000,316100
3701,2002-08-06,21.99000,22.00000,21.25000,21.30000,114200
3702,2002-08-05,22.19000,22.63000,21.71000,21.73000,68300
3703,2002-08-02,23.17000,23.70000,21.95000,21.99000,123000
3704,2002-08-01,25.03000,25.19000,22.97000,23.59000,190500
3705,2002-07-31,24.72000,25.03000,24.55000,24.94000,66200
3706,2002-07-30,25.70000,25.78000,24.72000,25.00000,83500
3707,2002-07-29,23.35000,26.10000,23.32000,25.84000,58700
3708,2002-07-26,23.95000,23.95000,22.85000,23.46000,110000
3709,2002-07-25,23.77000,24.15000,22.82000,23.62000,131600
3710,2002-07-24,23.00000,23.78000,22.71000,23.78000,108000
3711,2002-07-23,23.60000,24.45000,23.15000,23.39000,188500
3712,2002-07-22,23.75000,24.75000,23.62000,23.76000,83900
3713,2002-07-19,24.00000,24.73000,23.29000,24.19000,137800
3714,2002-07-18,24.57000,24.99000,24.01000,24.02000,85700
3715,2002-07-17,23.76000,24.87000,23.76000,24.84000,112200
3716,2002-07-16,23.76000,24.21000,23.12000,23.59000,117600
3717,2002-07-15,24.41000,24.41000,22.78000,23.95000,72700
3718,2002-07-12,24.77000,24.92000,23.61000,24.41000,88000
3719,2002-07-11,25.76000,25.76000,24.11000,24.89000,84600
3720,2002-07-10,26.00000,26.25000,25.46000,25.51000,72000
3721,2002-07-09,26.34000,26.67000,25.59000,25.59000,50700
3722,2002-07-08,26.76000,27.15000,26.35000,26.35000,56500
3723,2002-07-05,26.00000,27.05000,25.91000,26.96000,46900
3724,2002-07-03,25.36000,25.93000,25.16000,25.93000,37800
3725,2002-07-02,26.39000,26.83000,25.20000,25.36000,137400
3726,2002-07-01,26.99000,27.37000,26.39000,26.45000,111100
3727,2002-06-28,24.77000,27.99000,24.76000,27.01000,287900
3728,2002-06-27,23.75000,24.96000,23.75000,24.94000,69500
3729,2002-06-26,24.00000,24.20000,23.60000,23.72000,237100
3730,2002-06-25,24.10000,24.26000,24.00000,24.00000,78600
3731,2002-06-24,24.15000,24.23000,23.96000,24.11000,109400
3732,2002-06-21,24.07000,24.36000,23.86000,24.14000,147300
3733,2002-06-20,24.35000,24.42000,24.00000,24.05000,121700
3734,2002-06-19,24.20000,24.35000,24.00000,24.01000,112000
3735,2002-06-18,24.10000,24.27000,24.04000,24.08000,168000
3736,2002-06-17,24.12000,24.31000,24.00000,24.11000,190300
3737,2002-06-14,24.40000,24.40000,23.73000,24.12000,129300
3738,2002-06-13,25.29000,25.87000,24.40000,24.40000,160800
3739,2002-06-12,26.19000,26.29000,25.19000,25.62000,92600
3740,2002-06-11,26.45000,26.50000,26.05000,26.07000,72800
3741,2002-06-10,26.59000,26.77000,26.16000,26.16000,85700
3742,2002-06-07,26.44000,26.82000,26.11000,26.39000,108000
3743,2002-06-06,26.42000,26.60000,26.32000,26.32000,93900
3744,2002-06-05,26.59000,26.75000,26.35000,26.42000,112100
3745,2002-06-04,26.59000,26.91000,26.34000,26.56000,127400
3746,2002-06-03,26.07000,26.85000,26.05000,26.35000,176700
3747,2002-05-31,26.34000,26.65000,26.05000,26.06000,91200
3748,2002-05-30,26.40000,27.05000,26.03000,26.25000,84300
3749,2002-05-29,26.17000,26.66000,26.02000,26.55000,174500
3750,2002-05-28,26.50000,26.96000,26.05000,26.13000,107500
3751,2002-05-24,26.92000,27.36000,26.50000,26.50000,64300
3752,2002-05-23,27.19000,27.38000,26.94000,27.27000,71300
3753,2002-05-22,27.07000,27.59000,26.92000,27.19000,39000
3754,2002-05-21,28.15000,28.49000,27.08000,27.08000,41500
3755,2002-05-20,28.22000,28.57000,28.13000,28.13000,34400
3756,2002-05-17,28.40000,28.55000,28.22000,28.52000,37900
3757,2002-05-16,28.67000,28.84000,28.15000,28.27000,50900
3758,2002-05-15,28.08000,28.68000,28.07000,28.50000,117200
3759,2002-05-14,28.07000,28.53000,28.00000,28.30000,167900
3760,2002-05-13,27.83000,28.15000,27.45000,27.96000,113100
3761,2002-05-10,28.52000,28.52000,27.44000,27.49000,78400
3762,2002-05-09,29.00000,29.00000,28.45000,28.45000,51500
3763,2002-05-08,28.81000,29.00000,28.28000,28.98000,100500
3764,2002-05-07,28.90000,29.05000,28.70000,28.89000,139400
3765,2002-05-06,28.84000,29.10000,28.84000,28.89000,67500
3766,2002-05-03,29.07000,29.07000,28.78000,28.81000,80400
3767,2002-05-02,29.18000,29.18000,28.89000,28.98000,180500
3768,2002-05-01,28.99000,29.20000,28.84000,29.13000,389800
3769,2002-04-30,29.25000,29.50000,28.72000,28.97000,111600
3770,2002-04-29,29.00000,29.15000,28.83000,29.15000,49200
3771,2002-04-26,28.85000,29.23000,28.65000,29.17000,38000
3772,2002-04-25,28.58000,29.15000,28.56000,29.11000,62700
3773,2002-04-24,29.25000,29.47000,28.57000,28.70000,57600
3774,2002-04-23,28.80000,29.28000,28.78000,29.19000,65600
3775,2002-04-22,29.09000,29.25000,28.81000,28.81000,94000
3776,2002-04-19,29.08000,29.42000,29.04000,29.24000,20400
3777,2002-04-18,28.79000,29.27000,28.68000,29.09000,53300
3778,2002-04-17,29.10000,29.18000,28.76000,29.07000,107600
3779,2002-04-16,27.61000,29.25000,27.45000,29.05000,155000
3780,2002-04-15,27.95000,28.59000,27.68000,27.74000,33400
3781,2002-04-12,27.46000,28.25000,27.10000,28.22000,51200
3782,2002-04-11,27.64000,27.98000,27.47000,27.57000,36500
3783,2002-04-10,26.75000,27.85000,26.50000,27.85000,83100
3784,2002-04-09,26.60000,26.95000,26.46000,26.81000,245500
3785,2002-04-08,26.20000,26.70000,25.94000,26.51000,45200
3786,2002-04-05,26.07000,26.60000,26.07000,26.35000,56900
3787,2002-04-04,26.28000,26.50000,25.80000,26.16000,136900
3788,2002-04-03,27.36000,27.36000,26.31000,26.47000,241200
3789,2002-04-02,28.03000,28.28000,27.40000,27.50000,68500
3790,2002-04-01,28.29000,28.49000,27.41000,27.72000,33700
3791,2002-03-28,27.64000,28.68000,27.59000,28.23000,63600
3792,2002-03-27,27.29000,27.75000,27.25000,27.71000,31400
3793,2002-03-26,27.04000,27.45000,27.00000,27.43000,29100
3794,2002-03-25,27.59000,27.70000,26.90000,27.03000,33200
3795,2002-03-22,28.14000,28.14000,27.59000,27.60000,35000
3796,2002-03-21,26.35000,28.10000,26.25000,27.90000,98100
3797,2002-03-20,26.95000,26.95000,25.08000,26.75000,57000
3798,2002-03-19,27.01000,27.25000,26.95000,27.10000,73800
3799,2002-03-18,26.18000,27.21000,25.96000,27.06000,42900
3800,2002-03-15,26.58000,26.73000,26.35000,26.72000,91700
3801,2002-03-14,27.18000,27.40000,26.65000,26.99000,66200
3802,2002-03-13,26.90000,27.18000,26.18000,26.88000,50400
3803,2002-03-12,27.15000,27.26000,26.90000,26.90000,35800
3804,2002-03-11,26.22000,27.45000,26.22000,27.39000,204200
3805,2002-03-08,25.55000,26.29000,25.54000,26.23000,84300
3806,2002-03-07,25.20000,25.61000,25.12000,25.56000,130600
3807,2002-03-06,25.66000,25.86000,25.25000,25.50000,40300
3808,2002-03-05,24.98000,25.66000,24.98000,25.59000,63700
3809,2002-03-04,25.00000,25.40000,24.99000,25.37000,129500
3810,2002-03-01,25.43000,25.43000,24.99000,25.00000,99000
3811,2002-02-28,25.11000,25.40000,24.96000,25.27000,56500
3812,2002-02-27,25.27000,25.39000,25.10000,25.12000,20400
3813,2002-02-26,25.60000,25.80000,25.11000,25.28000,108900
3814,2002-02-25,25.08000,25.91000,24.85000,25.84000,123800
3815,2002-02-22,24.05000,25.24000,23.95000,25.17000,67400
3816,2002-02-21,23.66000,24.92000,23.66000,24.23000,187600
3817,2002-02-20,22.80000,24.00000,22.41000,23.72000,59600
3818,2002-02-19,22.30000,22.75000,22.15000,22.75000,45500
3819,2002-02-15,22.77000,22.78000,22.10000,22.28000,45600
3820,2002-02-14,22.51000,23.25000,22.51000,22.74000,41900
3821,2002-02-13,22.55000,22.67000,22.40000,22.61000,48800
3822,2002-02-12,22.25000,22.54000,22.24000,22.43000,20900
3823,2002-02-11,22.70000,22.77000,22.35000,22.35000,130500
3824,2002-02-08,21.96000,22.68000,21.87000,22.65000,33000
3825,2002-02-07,22.74000,22.74000,21.82000,21.82000,167100
3826,2002-02-06,22.35000,22.80000,22.31000,22.60000,45100
3827,2002-02-05,22.35000,22.97000,22.29000,22.40000,59100
3828,2002-02-04,21.65000,22.79000,21.60000,22.43000,61200
3829,2002-02-01,22.07000,22.07000,21.87000,21.90000,62600
3830,2002-01-31,21.94000,22.44000,21.33000,21.92000,251800
3831,2002-01-30,22.28000,22.43000,21.87000,22.25000,56700
3832,2002-01-29,22.46000,22.53000,21.82000,21.82000,26400
3833,2002-01-28,22.20000,22.45000,22.20000,22.35000,408900
3834,2002-01-25,21.89000,22.54000,21.89000,22.35000,61200
3835,2002-01-24,22.29000,22.69000,22.00000,22.05000,55700
3836,2002-01-23,22.10000,22.68000,21.50000,22.43000,216800
3837,2002-01-22,22.30000,22.74000,22.09000,22.32000,35800
3838,2002-01-18,23.41000,23.42000,22.30000,22.42000,279100
3839,2002-01-17,23.15000,23.70000,23.05000,23.70000,61200
3840,2002-01-16,23.00000,23.28000,22.82000,23.16000,151600
3841,2002-01-15,22.71000,22.99000,22.65000,22.90000,231600
3842,2002-01-14,22.67000,22.90000,22.66000,22.72000,41300
3843,2002-01-11,22.67000,22.90000,22.55000,22.65000,227200
3844,2002-01-10,23.01000,23.01000,22.66000,22.66000,332900
3845,2002-01-09,22.93000,23.29000,22.93000,22.93000,110600
3846,2002-01-08,22.92000,23.10000,22.69000,22.96000,128300
3847,2002-01-07,23.03000,23.29000,22.87000,22.87000,57600
3848,2002-01-04,22.66000,23.40000,22.54000,23.20000,209800
3849,2002-01-03,22.01000,23.00000,22.01000,22.80000,187200
3850,2002-01-02,21.81000,22.40000,21.68000,22.17000,127400
3851,2001-12-31,22.00000,22.18000,21.45000,21.89000,94900
3852,2001-12-28,21.98000,22.23000,21.80000,22.06000,132900
3853,2001-12-27,22.00000,22.23000,21.86000,22.23000,41000
3854,2001-12-26,21.76000,22.00000,21.51000,22.00000,62500
3855,2001-12-24,21.91000,21.95000,21.76000,21.76000,70100
3856,2001-12-21,21.11000,21.93000,20.95000,21.32000,352600
3857,2001-12-20,21.15000,21.23000,20.90000,21.09000,69200
3858,2001-12-19,21.07000,21.19000,20.55000,21.15000,253000
3859,2001-12-18,20.77000,21.10000,20.51000,21.05000,100800
3860,2001-12-17,20.95000,21.23000,20.55000,20.85000,67100
3861,2001-12-14,20.42000,20.83000,20.21000,20.65000,46100
3862,2001-12-13,20.24000,20.73000,20.00000,20.36000,80200
3863,2001-12-12,20.50000,20.73000,20.06000,20.47000,39500
3864,2001-12-11,20.39000,20.79000,20.30000,20.50000,58900
3865,2001-12-10,20.41000,20.74000,20.30000,20.41000,56500
3866,2001-12-07,20.50000,20.80000,20.17000,20.51000,43400
3867,2001-12-06,20.66000,20.88000,20.50000,20.85000,65000
3868,2001-12-05,20.69000,20.90000,20.62000,20.85000,150100
3869,2001-12-04,20.83000,21.05000,20.66000,20.74000,93600
3870,2001-12-03,21.00000,21.18000,20.79000,20.79000,87000
3871,2001-11-30,23.48000,23.48000,21.04000,21.11000,183800
3872,2001-11-29,23.56000,24.12000,23.24000,23.81000,56100
3873,2001-11-28,24.36000,24.36000,23.69000,23.69000,27700
3874,2001-11-27,24.15000,24.70000,24.14000,24.49000,23500
3875,2001-11-26,23.68000,24.53000,23.37000,24.53000,42900
3876,2001-11-23,23.20000,23.68000,23.07000,23.47000,19500
3877,2001-11-21,23.33000,23.33000,22.53000,23.14000,30600
3878,2001-11-20,24.37000,24.44000,23.33000,23.68000,24500
3879,2001-11-19,24.00000,24.44000,23.75000,24.09000,103800
3880,2001-11-16,23.95000,23.98000,23.39000,23.94000,102700
3881,2001-11-15,23.21000,23.92000,23.21000,23.68000,60600
3882,2001-11-14,22.64000,23.50000,22.64000,23.47000,30800
3883,2001-11-13,22.63000,22.90000,22.30000,22.52000,35300
3884,2001-11-12,22.93000,23.06000,22.50000,22.90000,29300
3885,2001-11-09,22.24000,22.93000,22.24000,22.93000,19400
3886,2001-11-08,22.44000,22.50000,22.18000,22.50000,11200
3887,2001-11-07,22.14000,22.35000,21.34000,22.16000,29500
3888,2001-11-06,21.53000,22.59000,21.47000,22.50000,31400
3889,2001-11-05,21.76000,22.30000,21.76000,22.19000,66100
3890,2001-11-02,21.30000,22.02000,21.27000,21.90000,31700
3891,2001-11-01,21.22000,21.40000,21.06000,21.30000,37000
3892,2001-10-31,21.79000,22.03000,21.16000,21.28000,30600
3893,2001-10-30,21.85000,21.95000,21.66000,21.95000,38900
3894,2001-10-29,21.80000,21.99000,21.70000,21.75000,18600
3895,2001-10-26,22.00000,22.00000,21.76000,21.99000,26400
3896,2001-10-25,21.69000,22.00000,21.58000,21.99000,45700
3897,2001-10-24,21.90000,22.00000,21.75000,21.81000,23500
3898,2001-10-23,21.69000,22.09000,21.69000,21.71000,35500
3899,2001-10-22,21.91000,21.91000,21.69000,21.91000,7900
3900,2001-10-19,21.67000,22.10000,21.67000,21.91000,55600
3901,2001-10-18,21.93000,22.29000,21.65000,21.67000,55300
3902,2001-10-17,22.13000,22.61000,21.57000,22.36000,110500
3903,2001-10-16,21.57000,22.25000,21.35000,22.02000,73200
3904,2001-10-15,20.75000,21.55000,20.37000,21.54000,62300
3905,2001-10-12,20.97000,21.26000,20.75000,20.75000,25200
3906,2001-10-11,20.22000,21.51000,20.04000,20.99000,71900
3907,2001-10-10,19.67000,20.22000,19.67000,20.03000,153400
3908,2001-10-09,20.08000,20.08000,19.65000,19.92000,36000
3909,2001-10-08,20.46000,20.68000,19.83000,20.00000,33800
3910,2001-10-05,20.78000,20.83000,20.48000,20.69000,27400
3911,2001-10-04,19.80000,21.22000,19.78000,21.21000,45900
3912,2001-10-03,19.50000,19.80000,19.08000,19.76000,46000
3913,2001-10-02,19.54000,19.70000,19.26000,19.67000,82300
3914,2001-10-01,18.90000,19.55000,18.34000,19.55000,80900
3915,2001-09-28,19.62000,20.70000,19.55000,20.20000,51300
3916,2001-09-27,20.45000,20.55000,19.32000,20.29000,71200
3917,2001-09-26,20.75000,20.80000,19.66000,20.34000,69600
3918,2001-09-25,20.08000,20.70000,19.55000,20.44000,53500
3919,2001-09-24,19.20000,20.67000,19.20000,20.12000,56200
3920,2001-09-21,19.90000,20.65000,17.85000,17.85000,181000
3921,2001-09-20,21.30000,21.41000,20.22000,20.25000,95400
3922,2001-09-19,21.28000,21.90000,20.50000,21.40000,29800
3923,2001-09-18,20.97000,22.15000,20.90000,20.90000,34300
3924,2001-09-17,22.87000,23.55000,21.00000,21.10000,34500
3925,2001-09-10,24.07000,24.15000,23.00000,23.18000,31300
3926,2001-09-07,24.40000,24.65000,23.97000,24.40000,102900
3927,2001-09-06,24.61000,24.61000,24.00000,24.33000,71800
3928,2001-09-05,24.65000,24.66000,24.44000,24.65000,12500
3929,2001-09-04,24.94000,24.96000,24.36000,24.60000,76600
3930,2001-08-31,24.96000,24.96000,24.67000,24.93000,30400
3931,2001-08-30,25.02000,25.05000,24.62000,24.91000,15700
3932,2001-08-29,24.99000,25.05000,24.78000,25.02000,12100
3933,2001-08-28,24.75000,25.05000,24.71000,24.77000,23700
3934,2001-08-27,25.25000,25.25000,24.46000,24.82000,36200
3935,2001-08-24,25.03000,25.50000,24.85000,25.42000,38600
3936,2001-08-23,25.04000,25.09000,24.85000,25.03000,22000
3937,2001-08-22,24.76000,25.04000,24.35000,24.95000,17300
3938,2001-08-21,24.43000,25.05000,24.40000,25.04000,24000
3939,2001-08-20,24.95000,25.05000,24.41000,25.05000,26600
3940,2001-08-17,25.05000,25.05000,24.39000,24.87000,18400
3941,2001-08-16,24.70000,25.05000,24.33000,25.05000,54700
3942,2001-08-15,25.04000,25.05000,24.30000,24.70000,118700
3943,2001-08-14,25.28000,25.40000,25.04000,25.10000,46100
3944,2001-08-13,25.47000,25.89000,25.25000,25.28000,17400
3945,2001-08-10,26.08000,26.21000,25.24000,25.75000,36200
3946,2001-08-09,24.76000,26.50000,24.75000,26.21000,45800
3947,2001-08-08,24.55000,24.99000,24.55000,24.85000,25800
3948,2001-08-07,24.45000,25.12000,24.44000,24.76000,31500
3949,2001-08-06,24.61000,25.10000,24.46000,24.47000,48800
3950,2001-08-03,24.88000,24.88000,24.64000,24.81000,26000
3951,2001-08-02,24.97000,24.97000,24.45000,24.55000,20300
3952,2001-08-01,24.80000,25.25000,24.26000,24.86000,64700
3953,2001-07-31,25.44000,26.06000,24.33000,24.46000,64600
3954,2001-07-30,24.92000,25.45000,24.25000,25.44000,56800
3955,2001-07-27,25.11000,25.97000,24.75000,24.96000,22700
3956,2001-07-26,25.25000,26.20000,24.31000,25.30000,29000
3957,2001-07-25,24.50000,25.10000,24.00000,25.10000,66700
3958,2001-07-24,25.65000,25.79000,24.11000,24.49000,91300
3959,2001-07-23,26.00000,26.00000,25.62000,25.74000,28900
3960,2001-07-20,25.15000,26.04000,25.15000,25.99000,94700
3961,2001-07-19,26.30000,26.30000,25.18000,26.00000,199700
3962,2001-07-18,26.40000,27.09000,26.00000,26.20000,408400
3963,2001-07-17,25.01000,25.09000,24.90000,25.00000,33900
3964,2001-07-16,25.60000,26.03000,25.20000,25.20000,41600
3965,2001-07-13,26.30000,26.30000,25.59000,26.00000,39800
3966,2001-07-12,25.90000,26.50000,25.87000,26.35000,43800
3967,2001-07-11,25.45000,26.24000,25.07000,25.90000,40700
3968,2001-07-10,25.00000,25.70000,25.00000,25.22000,30000
3969,2001-07-09,25.40000,25.69000,25.15000,25.64000,57300
3970,2001-07-06,25.00000,25.95000,25.00000,25.40000,47400
3971,2001-07-05,25.10000,26.35000,24.55000,25.02000,52400
3972,2001-07-03,24.48000,26.36000,24.35000,25.51000,53900
3973,2001-07-02,24.24000,24.94000,24.12000,24.47000,88800
3974,2001-06-29,24.71000,24.92000,24.11000,24.25000,64000
3975,2001-06-28,24.52000,24.80000,24.30000,24.71000,33800
3976,2001-06-27,24.26000,24.85000,24.00000,24.51000,45500
3977,2001-06-26,24.24000,24.94000,23.77000,24.00000,158300
3978,2001-06-25,24.59000,24.59000,23.90000,23.95000,98900
3979,2001-06-22,24.57000,24.65000,23.91000,24.59000,69300
3980,2001-06-21,24.60000,24.66000,24.45000,24.60000,52700
3981,2001-06-20,24.16000,24.60000,24.15000,24.60000,86200
3982,2001-06-19,24.50000,24.54000,24.04000,24.30000,156700
3983,2001-06-18,25.01000,25.01000,24.00000,24.28000,57600
3984,2001-06-15,23.35000,25.04000,23.35000,24.80000,155600
3985,2001-06-14,23.80000,24.02000,23.56000,23.59000,79800
3986,2001-06-13,23.50000,23.88000,23.45000,23.64000,50100
3987,2001-06-12,23.69000,23.99000,23.50000,23.88000,45700
3988,2001-06-11,23.70000,24.02000,23.70000,23.79000,47800
3989,2001-06-08,23.82000,23.85000,23.42000,23.59000,16500
3990,2001-06-07,23.45000,24.02000,23.45000,23.80000,32500
3991,2001-06-06,23.61000,24.00000,23.45000,23.45000,40200
3992,2001-06-05,23.68000,23.93000,23.41000,23.76000,52100
3993,2001-06-04,23.47000,23.76000,23.04000,23.65000,39100
3994,2001-06-01,23.39000,23.50000,22.93000,23.35000,51200
3995,2001-05-31,22.70000,23.62000,22.30000,23.42000,48200
3996,2001-05-30,22.58000,22.70000,22.25000,22.30000,22600
3997,2001-05-29,23.14000,23.14000,22.25000,22.36000,30300
3998,2001-05-25,23.39000,23.39000,22.60000,22.66000,29500
3999,2001-05-24,23.26000,23.43000,22.98000,23.26000,24100
4000,2001-05-23,23.75000,24.00000,23.26000,23.26000,57600
4001,2001-05-22,23.82000,24.15000,23.50000,23.74000,64100
4002,2001-05-21,23.23000,23.82000,23.22000,23.82000,46600
4003,2001-05-18,23.86000,23.86000,23.11000,23.23000,38100
4004,2001-05-17,22.79000,23.84000,22.76000,23.84000,99100
4005,2001-05-16,23.05000,23.38000,22.07000,22.37000,63700
4006,2001-05-15,22.62000,23.10000,22.62000,22.83000,27600
4007,2001-05-14,22.69000,22.81000,22.08000,22.50000,46400
4008,2001-05-11,23.55000,23.55000,22.50000,22.79000,26800
4009,2001-05-10,22.74000,23.70000,22.74000,23.00000,32200
4010,2001-05-09,23.80000,23.80000,22.65000,22.65000,26100
4011,2001-05-08,23.81000,23.81000,22.70000,23.01000,22500
4012,2001-05-07,24.44000,24.75000,23.30000,23.30000,33600
4013,2001-05-04,23.00000,26.00000,22.60000,24.90000,71000
4014,2001-05-03,23.55000,23.62000,23.01000,23.19000,12000
4015,2001-05-02,23.25000,23.80000,22.91000,23.60000,37900
4016,2001-05-01,23.31000,24.36000,22.81000,23.50000,32000
4017,2001-04-30,24.26000,24.40000,23.40000,23.61000,71500
4018,2001-04-27,23.33000,24.26000,23.33000,24.26000,34700
4019,2001-04-26,22.97000,24.24000,22.75000,23.97000,39700
4020,2001-04-25,23.01000,23.20000,22.26000,22.55000,41700
4021,2001-04-24,22.50000,23.32000,22.49000,23.32000,71000
4022,2001-04-23,23.00000,23.67000,22.27000,22.42000,18300
4023,2001-04-20,23.50000,24.00000,22.86000,23.28000,28800
4024,2001-04-19,23.89000,23.89000,23.13000,23.64000,19700
4025,2001-04-18,23.95000,24.25000,23.75000,23.75000,46100
4026,2001-04-17,23.24000,23.94000,23.24000,23.76000,15600
4027,2001-04-16,23.50000,23.97000,23.06000,23.50000,12100
4028,2001-04-12,22.54000,23.60000,22.54000,23.60000,9000
4029,2001-04-11,23.34000,23.83000,22.50000,22.67000,65000
4030,2001-04-10,22.87000,24.37000,22.40000,24.33000,19100
4031,2001-04-09,22.89000,23.25000,22.20000,23.24000,22700
4032,2001-04-06,22.53000,23.91000,22.20000,22.45000,25000
4033,2001-04-05,22.03000,24.00000,22.03000,23.80000,79100
4034,2001-04-04,22.36000,23.00000,22.00000,22.01000,21600
4035,2001-04-03,23.50000,23.50000,21.90000,22.36000,47000
4036,2001-04-02,23.25000,23.78000,22.35000,22.73000,57700
4037,2001-03-30,23.00000,24.82000,22.90000,23.58000,83900
4038,2001-03-29,23.48000,24.00000,22.48000,22.51000,36700
4039,2001-03-28,23.70000,24.27000,23.48000,23.48000,99000
4040,2001-03-27,24.41000,24.45000,23.35000,23.65000,55600
4041,2001-03-26,23.11000,24.76000,23.11000,23.72000,21600
4042,2001-03-23,25.00000,25.37500,23.87500,24.12500,37500
4043,2001-03-22,25.25000,25.43750,25.00000,25.25000,183800
4044,2001-03-21,25.03125,26.06250,25.00000,25.37500,66500
4045,2001-03-20,26.12500,26.50000,25.37500,25.43750,207900
4046,2001-03-19,26.31250,27.50000,22.93750,27.43750,312000
4047,2001-03-16,26.81250,27.43750,26.75000,27.06250,103200
4048,2001-03-15,26.93750,27.18750,26.68750,26.87500,38200
4049,2001-03-14,27.10938,27.43750,26.56250,26.75000,38100
4050,2001-03-13,26.50000,27.18750,26.25000,27.18750,19500
4051,2001-03-12,26.50000,26.87500,26.12500,26.37500,23900
4052,2001-03-09,26.50000,26.70312,25.81250,26.43750,27100
4053,2001-03-08,26.75000,27.12500,26.12500,27.06250,29200
4054,2001-03-07,26.20312,27.25000,26.12500,26.31250,81200
4055,2001-03-06,26.25000,27.00000,26.12500,27.00000,29000
4056,2001-03-05,26.75000,27.43750,26.31250,26.31250,70100
4057,2001-03-02,27.03125,27.37500,26.18750,27.37500,61500
4058,2001-03-01,26.25000,27.06250,26.12500,27.06250,82600
4059,2001-02-28,26.50000,26.50000,26.18750,26.50000,120900
4060,2001-02-27,27.06250,27.42188,26.18750,26.50000,50400
4061,2001-02-26,26.50000,27.50000,26.50000,27.50000,50300
4062,2001-02-23,26.26562,27.00000,26.18750,27.00000,77800
4063,2001-02-22,26.50000,27.12500,26.25000,26.25000,46200
4064,2001-02-21,26.93750,27.25000,26.28125,26.73438,38300
4065,2001-02-20,26.25000,27.25000,26.12500,26.31250,22300
4066,2001-02-16,27.50000,27.50000,26.18750,26.31250,30500
4067,2001-02-15,26.75000,27.50000,26.62500,27.37500,42300
4068,2001-02-14,26.43750,26.75000,26.12500,26.75000,51600
4069,2001-02-13,24.87500,26.68750,24.87500,26.62500,36000
4070,2001-02-12,26.06250,26.06250,24.81250,25.43750,20300
4071,2001-02-09,25.00000,26.06250,24.68750,25.85938,36800
4072,2001-02-08,25.75000,26.00000,25.00000,25.50000,18500
4073,2001-02-07,25.00000,25.75000,24.93750,24.93750,19200
4074,2001-02-06,24.15625,25.46875,23.93750,25.18750,77700
4075,2001-02-05,24.18750,24.93750,23.93750,24.25000,25600
4076,2001-02-02,25.12500,25.12500,23.81250,23.93750,30100
4077,2001-02-01,24.56250,25.25000,23.76562,24.87500,17500
4078,2001-01-31,24.37500,25.37500,24.00000,24.57812,70500
4079,2001-01-30,24.31250,25.12500,23.81250,24.96875,33700
4080,2001-01-29,23.62500,24.68750,23.25000,24.62500,44600
4081,2001-01-26,24.62500,24.62500,23.31250,23.62500,57400
4082,2001-01-25,24.37500,25.00000,24.14062,24.43750,48600
4083,2001-01-24,25.75000,25.75000,24.12500,24.31250,83500
4084,2001-01-23,25.87500,26.37500,24.62500,25.56250,58100
4085,2001-01-22,26.12500,26.25000,25.00000,25.62500,78600
4086,2001-01-19,26.25000,26.59375,26.00000,26.12500,37200
4087,2001-01-18,26.93750,27.00000,25.62500,26.43750,59400
4088,2001-01-17,27.00000,27.81250,25.64062,25.68750,91100
4089,2001-01-16,26.62500,27.75000,25.56250,27.75000,57100
4090,2001-01-12,24.87500,27.00000,24.12500,27.00000,58000
4091,2001-01-11,28.00000,28.00000,25.87500,26.06250,34600
4092,2001-01-10,25.50000,29.25000,25.25000,29.25000,140300
4093,2001-01-09,26.12500,27.25000,25.18750,27.25000,37100
4094,2001-01-08,25.37500,26.18750,24.75000,26.18750,67300
4095,2001-01-05,26.03125,26.31250,25.56250,25.68750,108700
4096,2001-01-04,25.50000,27.50000,25.50000,27.31250,83800
4097,2001-01-03,24.00000,25.50000,24.00000,25.43750,78400
4098,2001-01-02,24.18750,25.00000,22.68750,24.56250,75500
4099,2000-12-29,24.37500,25.12500,23.18750,23.62500,66400
4100,2000-12-28,23.43750,24.56250,22.62500,24.43750,68200
4101,2000-12-27,22.75000,23.00000,22.75000,23.00000,53300
4102,2000-12-26,24.00000,24.31250,22.50000,22.50000,43700
4103,2000-12-22,23.81250,24.81250,23.62500,24.00000,55300
4104,2000-12-21,23.50000,24.50000,23.07812,23.18750,98400
4105,2000-12-20,22.48438,23.75000,22.25000,23.62500,27700
4106,2000-12-19,22.62500,24.00000,22.62500,23.75000,29600
4107,2000-12-18,22.31250,22.50000,22.00000,22.50000,28900
4108,2000-12-15,22.87500,23.81250,21.12500,22.12500,155700
4109,2000-12-14,23.93750,24.50000,23.00000,24.25000,38000
4110,2000-12-13,24.25000,25.18750,23.25000,23.43750,53100
4111,2000-12-12,26.81250,26.81250,24.50000,24.56250,21600
4112,2000-12-11,26.56250,27.43750,26.18750,26.75000,111600
4113,2000-12-08,25.00000,29.00000,24.81250,28.75000,114900
4114,2000-12-07,24.75000,25.12500,24.25000,24.93750,45100
4115,2000-12-06,23.56250,25.00000,23.56250,24.56250,74300
4116,2000-12-05,24.00000,24.00000,23.31250,23.45312,50200
4117,2000-12-04,23.81250,24.00000,23.37500,24.00000,28600
4118,2000-12-01,24.06250,24.81250,23.67188,23.93750,28200
4119,2000-11-30,23.62500,24.50000,23.37500,23.62500,37600
4120,2000-11-29,23.50000,24.12500,22.93750,23.37500,24500
4121,2000-11-28,24.71875,24.87500,23.37500,23.37500,28900
4122,2000-11-27,23.37500,24.62500,23.37500,24.12500,30900
4123,2000-11-24,24.00000,24.50000,23.75000,24.37500,16800
4124,2000-11-22,23.50000,24.12500,23.25000,24.06250,44900
4125,2000-11-21,23.31250,24.12500,22.51562,23.75000,92200
4126,2000-11-20,21.75000,23.25000,21.75000,23.12500,22700
4127,2000-11-17,22.37500,22.93750,21.50000,21.56250,34400
4128,2000-11-16,22.93750,22.93750,22.25000,22.25000,63100
4129,2000-11-15,22.50000,23.00000,22.50000,22.93750,39900
4130,2000-11-14,23.00000,23.00000,22.50000,22.56250,40100
4131,2000-11-13,22.51562,23.25000,22.51562,22.81250,46400
4132,2000-11-10,23.18750,23.31250,22.50000,22.50000,22600
4133,2000-11-09,23.18750,23.37500,22.50000,23.18750,17500
4134,2000-11-08,22.81250,23.43750,22.81250,23.18750,62800
4135,2000-11-07,23.50000,23.50000,22.56250,22.68750,9800
4136,2000-11-06,23.25000,23.62500,22.75000,22.75000,15400
4137,2000-11-03,22.26562,23.50000,22.26562,23.25000,37200
4138,2000-11-02,22.50000,22.62500,22.25000,22.62500,16600
4139,2000-11-01,22.29688,22.43750,22.18750,22.18750,39400
4140,2000-10-31,22.50000,22.50000,22.12500,22.18750,47200
4141,2000-10-30,22.12500,22.50000,22.12500,22.18750,14100
4142,2000-10-27,22.00000,22.68750,22.00000,22.18750,36500
4143,2000-10-26,22.68750,22.68750,22.12500,22.62500,21200
4144,2000-10-25,22.31250,22.87500,22.00000,22.12500,20200
4145,2000-10-24,22.37500,22.62500,22.18750,22.43750,25600
4146,2000-10-23,22.40625,22.56250,22.12500,22.18750,37600
4147,2000-10-20,22.21875,22.50000,22.21875,22.31250,10200
4148,2000-10-19,22.25000,22.31250,21.68750,22.31250,29600
4149,2000-10-18,22.18750,22.87500,21.87500,22.25000,23700
4150,2000-10-17,22.00000,22.56250,21.62500,22.56250,41200
4151,2000-10-16,22.12500,23.00000,22.00000,22.00000,22300
4152,2000-10-13,21.12500,22.62500,20.50000,22.50000,36700
4153,2000-10-12,21.37500,21.50000,20.50000,20.93750,58700
4154,2000-10-11,22.37500,22.56250,20.25000,21.25000,76700
4155,2000-10-10,22.56250,23.06250,22.50000,22.50000,23500
4156,2000-10-09,23.18750,23.18750,22.62500,22.62500,8300
4157,2000-10-06,23.25000,23.62500,23.00000,23.18750,33900
4158,2000-10-05,23.25000,23.25000,23.00000,23.09375,29600
4159,2000-10-04,23.00000,23.75000,23.00000,23.56250,14800
4160,2000-10-03,23.00000,23.50000,23.00000,23.31250,56000
4161,2000-10-02,23.68750,23.87500,23.00000,23.50000,34500
4162,2000-09-29,23.56250,23.93750,22.68750,23.62500,78300
4163,2000-09-28,23.25000,23.68750,22.87500,23.50000,38400
4164,2000-09-27,22.71875,23.06250,22.50000,22.68750,5200
4165,2000-09-26,22.81250,23.18750,22.50000,22.50000,17700
4166,2000-09-25,23.03125,23.18750,23.00000,23.18750,40400
4167,2000-09-22,22.37500,23.06250,22.37500,23.06250,20300
4168,2000-09-21,22.62500,23.00000,22.62500,22.75000,15500
4169,2000-09-20,22.34375,23.00000,22.34375,22.50000,25300
4170,2000-09-19,22.31250,22.81250,22.31250,22.75000,40800
4171,2000-09-18,22.75000,22.75000,22.31250,22.62500,17400
4172,2000-09-15,22.87500,22.87500,22.12500,22.62500,84700
4173,2000-09-14,22.62500,22.75000,22.50000,22.50000,15500
4174,2000-09-13,22.56250,22.87500,22.50000,22.68750,20500
4175,2000-09-12,22.50000,22.56250,22.50000,22.56250,5400
4176,2000-09-11,22.46875,22.56250,22.43750,22.56250,22900
4177,2000-09-08,23.00000,23.25000,22.25000,22.43750,42400
4178,2000-09-07,22.43750,23.43750,22.43750,23.25000,47000
4179,2000-09-06,22.50000,22.81250,22.25000,22.62500,35400
4180,2000-09-05,22.56250,22.75000,22.31250,22.50000,96600
4181,2000-09-01,23.12500,23.12500,22.25000,22.89062,56000
4182,2000-08-31,23.12500,23.25000,22.75000,23.12500,30400
4183,2000-08-30,23.37500,23.37500,22.93750,23.18750,9000
4184,2000-08-29,23.25000,23.37500,22.87500,23.31250,13300
4185,2000-08-28,23.18750,23.25000,22.68750,22.68750,12400
4186,2000-08-25,23.06250,23.50000,23.06250,23.37500,13400
4187,2000-08-24,23.00000,23.50000,23.00000,23.50000,10100
4188,2000-08-23,23.12500,23.25000,23.06250,23.25000,7000
4189,2000-08-22,23.56250,23.56250,23.00000,23.12500,19700
4190,2000-08-21,23.00000,23.56250,23.00000,23.56250,8300
4191,2000-08-18,23.43750,23.62500,23.06250,23.25000,14700
4192,2000-08-17,23.78125,23.78125,23.18750,23.43750,15200
4193,2000-08-16,23.37500,23.93750,23.18750,23.93750,10600
4194,2000-08-15,24.25000,24.75000,22.68750,22.79688,33800
4195,2000-08-14,23.50000,24.81250,23.50000,24.81250,32200
4196,2000-08-11,23.18750,23.68750,22.87500,23.68750,134600
4197,2000-08-10,23.00000,23.37500,22.81250,23.06250,27100
4198,2000-08-09,22.65625,23.18750,22.65625,23.00000,20700
4199,2000-08-08,23.37500,23.75000,22.81250,22.84375,43600
4200,2000-08-07,24.25000,24.81250,22.81250,23.43750,42500
4201,2000-08-04,24.68750,24.71875,24.50000,24.50000,27700
4202,2000-08-03,24.43750,24.87500,23.87500,24.68750,25000
4203,2000-08-02,22.75000,24.37500,22.75000,24.18750,42600
4204,2000-08-01,22.87500,23.67188,22.87500,23.50000,16700
4205,2000-07-31,23.00000,23.18750,22.87500,23.18750,35400
4206,2000-07-28,23.75000,23.75000,22.68750,22.75000,48100
4207,2000-07-27,23.25000,23.37500,22.87500,23.00000,32800
4208,2000-07-26,23.53125,23.81250,23.00000,23.00000,25700
4209,2000-07-25,24.25000,24.25000,23.25000,23.37500,43600
4210,2000-07-24,24.93750,24.93750,23.25000,23.37500,28200
4211,2000-07-21,26.25000,26.25000,24.00000,24.25000,17500
4212,2000-07-20,24.50000,26.68750,23.75000,26.25000,23700
4213,2000-07-19,25.00000,25.00000,24.00000,24.00000,30700
4214,2000-07-18,25.37500,26.25000,25.25000,25.56250,9700
4215,2000-07-17,25.25000,26.62500,25.25000,26.56250,108200
4216,2000-07-14,26.31250,26.87500,25.25000,25.25000,69400
4217,2000-07-13,25.62500,26.87500,25.62500,26.75000,24100
4218,2000-07-12,25.00000,26.50000,25.00000,25.43750,104700
4219,2000-07-11,24.75000,25.50000,24.25000,25.31250,48500
4220,2000-07-10,23.43750,24.87500,23.06250,24.87500,88200
4221,2000-07-07,22.87500,23.59375,22.62500,22.62500,27800
4222,2000-07-06,23.06250,23.50000,22.93750,23.25000,52200
4223,2000-07-05,23.25000,23.50000,22.62500,22.62500,31000
4224,2000-07-03,23.12500,23.18750,22.87500,23.00000,11000
4225,2000-06-30,22.25000,23.62500,22.06250,23.12500,242000
4226,2000-06-29,23.37500,23.37500,22.50000,22.56250,44300
4227,2000-06-28,22.93750,23.37500,22.93750,23.06250,56000
4228,2000-06-27,23.00000,23.50000,22.81250,22.93750,30600
4229,2000-06-26,22.65625,23.25000,22.62500,23.18750,28000
4230,2000-06-23,23.06250,23.18750,23.00000,23.00000,22400
4231,2000-06-22,22.93750,23.25000,22.87500,23.00000,36200
4232,2000-06-21,23.87500,24.00000,22.81250,22.93750,53700
4233,2000-06-20,23.75000,24.00000,23.25000,23.50000,66400
4234,2000-06-19,23.75000,24.37500,23.75000,24.37500,12600
4235,2000-06-16,24.25000,24.56250,23.75000,23.75000,107400
4236,2000-06-15,22.78125,24.37500,22.62500,24.21875,68700
4237,2000-06-14,23.00000,23.00000,22.62500,22.81250,19800
4238,2000-06-13,22.87500,23.31250,22.62500,22.87500,47500
4239,2000-06-12,23.25000,23.62500,22.62500,22.68750,47800
4240,2000-06-09,22.93750,23.00000,22.62500,22.85938,21300
4241,2000-06-08,23.37500,23.37500,23.00000,23.00000,30800
4242,2000-06-07,24.00000,24.00000,22.81250,23.12500,75400
4243,2000-06-06,23.81250,24.25000,23.81250,23.87500,21000
4244,2000-06-05,24.00000,24.03125,23.50000,23.68750,24000
4245,2000-06-02,24.21875,24.62500,23.75000,24.00000,12000
4246,2000-06-01,23.37500,24.31250,23.25000,24.18750,16200
4247,2000-05-31,24.21875,24.21875,23.00000,23.00000,20200
4248,2000-05-30,23.81250,24.06250,22.87500,23.98438,46600
4249,2000-05-26,24.00000,24.50000,22.93750,24.25000,24400
4250,2000-05-25,24.00000,24.75000,24.00000,24.56250,37500
4251,2000-05-24,24.56250,24.62500,23.56250,24.18750,51800
4252,2000-05-23,24.31250,24.75000,23.25000,24.17188,17600
4253,2000-05-22,22.96875,24.75000,22.81250,24.75000,52100
4254,2000-05-19,23.25000,23.50000,23.00000,23.00000,23200
4255,2000-05-18,23.62500,23.62500,23.25000,23.25000,16200
4256,2000-05-17,23.75000,25.00000,22.81250,23.87500,60800
4257,2000-05-16,24.62500,25.00000,24.62500,25.00000,35900
4258,2000-05-15,24.87500,25.00000,23.87500,24.50000,10300
4259,2000-05-12,24.43750,24.68750,23.62500,24.37500,44800
4260,2000-05-11,23.56250,24.75000,23.56250,23.75000,68800
4261,2000-05-10,23.87500,24.50000,23.50000,24.50000,41400
4262,2000-05-09,23.43750,24.50000,22.87500,24.43750,63500
4263,2000-05-08,22.87500,23.29688,22.62500,23.00000,46700
4264,2000-05-05,23.43750,23.62500,23.00000,23.18750,105000
4265,2000-05-04,22.56250,23.50000,22.31250,23.18750,87900
4266,2000-05-03,22.50000,22.93750,22.25000,22.31250,39900
4267,2000-05-02,23.87500,23.87500,22.50000,22.75000,44700
4268,2000-05-01,23.50000,24.18750,23.00000,23.56250,26600
4269,2000-04-28,23.62500,23.81250,23.37500,23.56250,7300
4270,2000-04-27,23.56250,23.56250,23.12500,23.31250,22100
4271,2000-04-26,23.75000,24.75000,23.00000,23.25000,42200
4272,2000-04-25,24.25000,24.56250,23.50000,23.62500,73500
4273,2000-04-24,23.68750,24.25000,23.00000,24.25000,27900
4274,2000-04-20,23.31250,23.75000,22.87500,23.00000,73800
4275,2000-04-19,23.50000,24.00000,22.87500,22.87500,17900
4276,2000-04-18,24.00000,24.25000,22.37500,24.00000,74900
4277,2000-04-17,23.62500,24.12500,22.75000,24.12500,45300
4278,2000-04-14,23.87500,24.43750,23.68750,24.00000,32400
4279,2000-04-13,24.00000,24.40625,23.87500,24.25000,9800
4280,2000-04-12,24.06250,24.50000,24.06250,24.18750,12200
4281,2000-04-11,24.06250,24.50000,24.00000,24.12500,28700
4282,2000-04-10,24.00000,24.50000,24.00000,24.25000,50400
4283,2000-04-07,24.50000,24.50000,23.87500,24.06250,18800
4284,2000-04-06,23.75000,24.50000,23.75000,24.50000,38900
4285,2000-04-05,23.18750,24.37500,23.00000,23.37500,30500
4286,2000-04-04,23.62500,24.25000,22.81250,22.93750,103600
4287,2000-04-03,23.25000,24.43750,23.12500,23.62500,55400
4288,2000-03-31,24.43750,24.43750,23.56250,23.93750,122800
4289,2000-03-30,23.50000,24.06250,23.50000,23.87500,68900
4290,2000-03-29,23.39062,23.65625,23.12500,23.18750,39900
4291,2000-03-28,24.00000,24.00000,23.37500,23.37500,32800
4292,2000-03-27,23.84375,23.93750,23.62500,23.75000,13200
4293,2000-03-24,23.62500,24.00000,23.62500,23.75000,37600
4294,2000-03-23,24.00000,24.06250,23.75000,24.00000,14600
4295,2000-03-22,23.75000,24.00000,23.56250,23.62500,29700
4296,2000-03-21,24.12500,24.43750,23.56250,23.62500,84000
4297,2000-03-20,25.00000,25.50000,24.00000,24.12500,44000
4298,2000-03-17,23.75000,25.18750,23.75000,24.68750,68200
4299,2000-03-16,24.06250,25.37500,23.87500,25.06250,32700
4300,2000-03-15,23.93750,24.12500,23.87500,24.06250,35200
4301,2000-03-14,23.87500,24.12500,23.87500,24.00000,52000
4302,2000-03-13,23.56250,23.87500,23.50000,23.81250,52100
4303,2000-03-10,23.37500,23.62500,23.25000,23.62500,13200
4304,2000-03-09,23.62500,23.62500,23.25000,23.62500,230600
4305,2000-03-08,23.75000,24.00000,23.37500,23.50000,84900
4306,2000-03-07,23.75000,24.18750,23.75000,23.75000,74700
4307,2000-03-06,23.78125,24.04688,23.56250,23.75000,34700
4308,2000-03-03,23.93750,24.06250,23.37500,23.87500,59800
4309,2000-03-02,23.87500,24.06250,23.87500,24.06250,36200
4310,2000-03-01,24.18750,24.37500,23.75000,24.12500,64800
4311,2000-02-29,24.12500,24.62500,23.75000,24.06250,45200
4312,2000-02-28,24.00000,24.31250,23.87500,24.06250,42000
4313,2000-02-25,24.00000,24.06250,23.87500,24.06250,6500
4314,2000-02-24,24.12500,24.12500,24.00000,24.00000,25200
4315,2000-02-23,24.00000,24.25000,23.93750,24.00000,36000
4316,2000-02-22,24.00000,24.12500,23.87500,24.03125,52100
4317,2000-02-18,24.50000,24.56250,24.00000,24.00000,19800
4318,2000-02-17,24.87500,25.00000,24.12500,24.37500,137300
4319,2000-02-16,24.62500,24.87500,23.25000,24.37500,206300
4320,2000-02-15,24.37500,24.43750,23.62500,24.12500,53900
4321,2000-02-14,24.25000,25.31250,23.81250,25.18750,34000
4322,2000-02-11,25.00000,25.37500,24.25000,24.37500,23300
4323,2000-02-10,24.75000,25.75000,24.75000,25.00000,104500
4324,2000-02-09,25.90625,26.00000,24.75000,24.87500,34600
4325,2000-02-08,25.50000,26.25000,25.31250,25.81250,84800
4326,2000-02-07,25.25000,25.50000,25.25000,25.50000,25600
4327,2000-02-04,25.25000,25.37500,25.25000,25.37500,14600
4328,2000-02-03,25.12500,25.37500,25.06250,25.37500,64000
4329,2000-02-02,25.12500,25.50000,25.12500,25.12500,92400
4330,2000-02-01,25.25000,25.50000,24.75000,25.37500,71400
4331,2000-01-31,25.25000,25.56250,23.50000,25.25000,43800
4332,2000-01-28,24.50000,25.25000,24.50000,25.00000,42500
4333,2000-01-27,23.25000,24.56250,23.12500,24.56250,47400
4334,2000-01-26,23.62500,24.25000,23.00000,23.25000,35800
4335,2000-01-25,24.25000,24.25000,23.37500,23.43750,32000
4336,2000-01-24,25.00000,25.25000,24.31250,24.50000,20600
4337,2000-01-21,25.15625,25.25000,25.00000,25.00000,18700
4338,2000-01-20,24.00000,25.25000,24.00000,25.25000,67100
4339,2000-01-19,25.00000,25.00000,24.00000,24.62500,99800
4340,2000-01-18,24.31250,24.75000,24.00000,24.43750,40500
4341,2000-01-14,24.37500,25.00000,24.25000,24.25000,51700
4342,2000-01-13,24.18750,25.00000,24.00000,24.68750,23200
4343,2000-01-12,24.37500,24.37500,23.50000,23.87500,59500
4344,2000-01-11,24.96875,24.96875,24.18750,24.37500,91000
4345,2000-01-10,24.62500,25.18750,24.50000,25.00000,26200
4346,2000-01-07,24.18750,24.87500,24.18750,24.56250,38400
4347,2000-01-06,24.53125,24.87500,24.06250,24.06250,27100
4348,2000-01-05,24.56250,24.78125,24.18750,24.18750,51000
4349,2000-01-04,25.12500,25.12500,24.56250,24.56250,52900
4350,2000-01-03,25.31250,25.43750,24.87500,24.96875,54800
4351,1999-12-31,25.12500,25.62500,25.12500,25.12500,13300
4352,1999-12-30,25.34375,25.34375,25.00000,25.12500,17300
4353,1999-12-29,25.00000,25.56250,24.93750,25.25000,20100
4354,1999-12-28,25.37500,25.37500,25.00000,25.00000,25500
4355,1999-12-27,24.65625,25.25000,24.62500,25.00000,74600
4356,1999-12-23,24.06250,24.81250,24.00000,24.68750,14700
4357,1999-12-22,23.50000,24.06250,23.37500,24.00000,104100
4358,1999-12-21,23.25000,23.50000,23.12500,23.50000,105200
4359,1999-12-20,23.31250,23.62500,22.87500,23.12500,190000
4360,1999-12-17,25.06250,25.46875,23.25000,23.25000,176200
4361,1999-12-16,25.75000,25.75000,25.18750,25.37500,22200
4362,1999-12-15,24.25000,25.62500,24.12500,25.62500,80900
4363,1999-12-14,24.00000,24.87500,23.87500,24.25000,45400
4364,1999-12-13,25.43750,25.50000,23.87500,23.87500,115800
4365,1999-12-10,25.87500,26.25000,25.37500,25.50000,16800
4366,1999-12-09,25.87500,26.37500,25.87500,25.87500,29100
4367,1999-12-08,26.12500,26.12500,25.87500,25.87500,31600
4368,1999-12-07,26.31250,26.31250,25.75000,25.93750,139500
4369,1999-12-06,25.68750,26.31250,25.25000,25.87500,59900
4370,1999-12-03,25.75000,25.93750,25.12500,25.62500,22300
4371,1999-12-02,25.50000,25.87500,24.62500,25.87500,69500
4372,1999-12-01,26.00000,26.50000,24.93750,25.25000,56800
4373,1999-11-30,25.25000,26.25000,25.12500,26.21875,56300
4374,1999-11-29,25.56250,26.56250,25.25000,26.06250,58800
4375,1999-11-26,25.62500,25.87500,25.56250,25.56250,21000
4376,1999-11-24,26.00000,26.43750,25.62500,25.81250,67500
4377,1999-11-23,27.12500,27.25000,25.87500,26.12500,91000
4378,1999-11-22,28.31250,28.56250,27.00000,27.00000,48300
4379,1999-11-19,28.93750,29.00000,28.00000,28.56250,41200
4380,1999-11-18,28.62500,29.00000,28.62500,28.93750,11400
4381,1999-11-17,29.00000,29.00000,28.62500,28.62500,32200
4382,1999-11-16,29.03125,29.25000,28.37500,28.62500,54000
4383,1999-11-15,28.81250,29.50000,28.50000,29.25000,37800
4384,1999-11-12,29.00000,29.00000,28.81250,29.00000,32600
4385,1999-11-11,28.93750,29.00000,28.62500,28.62500,59800
4386,1999-11-10,29.18750,29.62500,28.62500,29.06250,62700
4387,1999-11-09,28.93750,29.62500,28.81250,29.31250,346600
4388,1999-11-08,28.50000,29.25000,28.50000,28.93750,26500
4389,1999-11-05,28.25000,29.25000,28.25000,29.00000,32400
4390,1999-11-04,29.25000,29.25000,27.87500,28.87500,46500
4391,1999-11-03,29.25000,29.37500,27.87500,29.25000,13800
4392,1999-11-02,28.93750,29.12500,27.75000,29.12500,28100
4393,1999-11-01,29.37500,29.37500,27.93750,28.62500,63400
4394,1999-10-29,30.00000,30.00000,28.87500,29.31250,35900
4395,1999-10-28,29.37500,29.62500,29.00000,29.25000,12600
4396,1999-10-27,29.37500,30.00000,29.37500,29.68750,65600
4397,1999-10-26,29.50000,30.75000,29.37500,29.75000,89500
4398,1999-10-25,28.18750,30.25000,28.00000,29.81250,99600
4399,1999-10-22,28.18750,28.25000,28.00000,28.00000,27700
4400,1999-10-21,27.56250,28.37500,27.31250,28.18750,49100
4401,1999-10-20,26.62500,27.87500,26.50000,27.50000,31300
4402,1999-10-19,27.00000,27.00000,26.62500,26.62500,15600
4403,1999-10-18,28.00000,28.00000,26.12500,26.75000,12500
4404,1999-10-15,27.56250,27.87500,26.56250,27.87500,36100
4405,1999-10-14,27.87500,27.87500,26.62500,27.31250,17200
4406,1999-10-13,27.12500,27.68750,27.00000,27.46875,17500
4407,1999-10-12,26.50000,27.37500,26.12500,27.37500,27600
4408,1999-10-11,26.25000,27.00000,25.93750,27.00000,20700
4409,1999-10-08,26.40625,26.40625,25.93750,26.00000,21700
4410,1999-10-07,27.00000,27.00000,26.12500,26.31250,59800
4411,1999-10-06,27.12500,27.12500,26.00000,26.18750,59700
4412,1999-10-05,27.68750,27.87500,26.81250,26.81250,109300
4413,1999-10-04,28.37500,28.56250,27.81250,28.06250,25600
4414,1999-10-01,28.62500,29.06250,27.75000,27.81250,35500
4415,1999-09-30,26.93750,30.50000,26.12500,30.12500,189800
4416,1999-09-29,26.18750,26.62500,25.75000,25.96875,62100
4417,1999-09-28,26.00000,26.50000,25.37500,25.93750,14300
4418,1999-09-27,26.43750,27.00000,26.00000,26.00000,52300
4419,1999-09-24,26.81250,27.00000,26.50000,26.50000,12200
4420,1999-09-23,26.87500,27.25000,26.50000,26.50000,49100
4421,1999-09-22,27.12500,27.56250,26.87500,26.87500,15900
4422,1999-09-21,27.06250,27.43750,27.06250,27.18750,12400
4423,1999-09-20,27.06250,27.62500,27.06250,27.25000,14000
4424,1999-09-17,27.18750,27.25000,27.00000,27.25000,44700
4425,1999-09-16,27.75000,27.81250,26.81250,27.31250,17100
4426,1999-09-15,28.28125,28.56250,27.75000,27.81250,8100
4427,1999-09-14,28.37500,28.43750,27.87500,28.18750,53700
4428,1999-09-13,29.00000,29.00000,27.62500,27.81250,12000
4429,1999-09-10,29.12500,29.12500,28.50000,28.50000,8000
4430,1999-09-09,28.75000,29.12500,28.12500,29.00000,38300
4431,1999-09-08,28.87500,29.62500,28.75000,29.00000,35200
4432,1999-09-07,28.43750,29.75000,28.12500,29.25000,46000
4433,1999-09-03,28.46875,29.00000,28.31250,28.31250,85200
4434,1999-09-02,28.43750,28.43750,27.62500,28.00000,17000
4435,1999-09-01,28.25000,28.50000,27.12500,28.46875,30200
4436,1999-08-31,27.43750,28.12500,26.75000,28.12500,54500
4437,1999-08-30,28.12500,28.12500,27.37500,27.68750,17000
4438,1999-08-27,29.50000,29.50000,26.75000,27.25000,39800
4439,1999-08-26,29.25000,29.87500,28.56250,29.50000,52500
4440,1999-08-25,29.00000,29.25000,28.50000,28.56250,14500
4441,1999-08-24,29.43750,29.75000,28.75000,29.18750,9300
4442,1999-08-23,28.12500,30.87500,28.12500,29.50000,90500
4443,1999-08-20,27.62500,28.00000,27.25000,28.00000,12700
4444,1999-08-19,26.93750,27.50000,26.87500,27.50000,33700
4445,1999-08-18,27.00000,27.06250,26.87500,26.93750,14300
4446,1999-08-17,27.50000,28.37500,26.87500,27.00000,63100
4447,1999-08-16,27.00000,27.50000,26.87500,27.00000,44700
4448,1999-08-13,27.37500,27.75000,27.00000,27.00000,14500
4449,1999-08-12,27.43750,28.25000,27.37500,27.87500,7800
4450,1999-08-11,27.87500,28.25000,26.62500,28.25000,78000
4451,1999-08-10,28.25000,28.81250,26.56250,27.00000,49200
4452,1999-08-09,29.37500,29.43750,28.25000,28.25000,19100
4453,1999-08-06,30.00000,30.06250,29.37500,29.43750,12700
4454,1999-08-05,30.25000,30.37500,29.56250,30.37500,36500
4455,1999-08-04,30.75000,30.75000,30.25000,30.50000,21800
4456,1999-08-03,29.75000,30.93750,29.75000,30.93750,21500
4457,1999-08-02,30.50000,31.00000,29.56250,30.06250,32400
4458,1999-07-30,30.06250,31.00000,29.75000,30.81250,32400
4459,1999-07-29,29.87500,31.00000,29.87500,30.00000,66600
4460,1999-07-28,30.93750,31.06250,30.00000,31.06250,12000
4461,1999-07-27,29.50000,31.25000,29.50000,31.00000,64400
4462,1999-07-26,31.50000,31.50000,29.50000,29.68750,11700
4463,1999-07-23,31.43750,31.56250,31.12500,31.28125,47800
4464,1999-07-22,30.25000,31.62500,30.00000,31.62500,50100
4465,1999-07-21,29.50000,30.43750,29.12500,30.43750,72800
4466,1999-07-20,29.37500,29.37500,29.12500,29.12500,19200
4467,1999-07-19,29.25000,29.75000,29.06250,29.62500,28700
4468,1999-07-16,28.93750,29.37500,28.75000,29.21875,28900
4469,1999-07-15,28.25000,29.00000,27.59375,28.50000,76200
4470,1999-07-14,28.62500,28.62500,28.00000,28.18750,130700
4471,1999-07-13,28.87500,29.40625,27.93750,28.25000,14700
4472,1999-07-12,30.62500,30.62500,29.37500,29.37500,20400
4473,1999-07-09,30.62500,30.81250,29.81250,30.25000,13900
4474,1999-07-08,28.25000,30.62500,28.25000,30.62500,14200
4475,1999-07-07,28.75000,28.81250,28.25000,28.75000,83600
4476,1999-07-06,31.25000,31.50000,28.50000,28.50000,71700
4477,1999-07-02,31.87500,32.37500,31.50000,31.50000,37400
4478,1999-07-01,32.00000,32.25000,31.37500,32.06250,52700
4479,1999-06-30,30.25000,32.50000,30.25000,32.12500,255400
4480,1999-06-29,28.90625,30.62500,28.90625,30.62500,100300
4481,1999-06-28,27.37500,29.18750,27.00000,29.18750,52400
4482,1999-06-25,27.12500,28.00000,27.12500,27.37500,47300
4483,1999-06-24,27.37500,27.87500,26.50000,27.75000,53400
4484,1999-06-23,27.00000,27.75000,27.00000,27.62500,9000
4485,1999-06-22,27.87500,27.87500,26.87500,27.75000,19400
4486,1999-06-21,27.00000,27.87500,26.87500,27.87500,31600
4487,1999-06-18,27.50000,27.62500,26.85938,27.00000,107500
4488,1999-06-17,28.25000,28.37500,26.62500,26.87500,76100
4489,1999-06-16,28.12500,28.12500,27.37500,27.75000,40000
4490,1999-06-15,28.00000,28.12500,27.12500,27.62500,17200
4491,1999-06-14,28.06250,28.25000,26.87500,27.34375,119900
4492,1999-06-11,28.87500,29.00000,27.62500,27.87500,73200
4493,1999-06-10,29.00000,29.25000,28.25000,28.87500,42900
4494,1999-06-09,28.37500,29.56250,28.25000,29.31250,15200
4495,1999-06-08,28.50000,29.12500,27.87500,29.12500,25600
4496,1999-06-07,27.90625,28.00000,27.62500,27.87500,23100
4497,1999-06-04,28.12500,28.62500,28.12500,28.50000,4700
4498,1999-06-03,29.12500,29.12500,28.12500,28.81250,25600
4499,1999-06-02,28.37500,29.37500,28.25000,28.68750,26000
4500,1999-06-01,29.50000,29.75000,28.50000,28.75000,26900
4501,1999-05-28,27.87500,29.75000,27.87500,29.00000,73500
4502,1999-05-27,28.00000,28.50000,27.50000,28.43750,26500
4503,1999-05-26,28.00000,28.00000,27.00000,27.75000,103900
4504,1999-05-25,27.50000,28.25000,26.87500,28.25000,16900
4505,1999-05-24,26.87500,27.87500,26.50000,26.87500,43400
4506,1999-05-21,26.87500,27.12500,26.62500,27.12500,50700
4507,1999-05-20,27.37500,28.00000,26.87500,26.87500,42800
4508,1999-05-19,28.00000,28.00000,27.25000,27.68750,12300
4509,1999-05-18,26.93750,27.81250,26.93750,27.50000,10800
4510,1999-05-17,26.87500,27.18750,26.62500,26.93750,14600
4511,1999-05-14,27.25000,27.75000,27.00000,27.09375,15300
4512,1999-05-13,27.81250,28.50000,27.68750,27.68750,12500
4513,1999-05-12,27.12500,28.12500,26.87500,28.03125,45700
4514,1999-05-11,26.87500,28.25000,26.62500,28.25000,58600
4515,1999-05-10,28.25000,28.25000,26.75000,26.75000,32400
4516,1999-05-07,26.37500,28.18750,26.37500,28.18750,22700
4517,1999-05-06,26.75000,27.12500,26.37500,26.78125,12300
4518,1999-05-05,27.37500,27.37500,26.75000,27.12500,17100
4519,1999-05-04,25.00000,27.37500,25.00000,27.37500,1097600
4520,1999-05-03,25.62500,25.62500,25.00000,25.37500,73700
4521,1999-04-30,25.87500,25.87500,25.25000,25.31250,565700
4522,1999-04-29,26.00000,26.50000,25.25000,25.37500,403200
4523,1999-04-28,26.12500,26.12500,25.62500,25.62500,79900
4524,1999-04-27,26.12500,26.12500,25.62500,25.75000,69200
4525,1999-04-26,25.62500,26.00000,25.62500,25.87500,21000
4526,1999-04-23,26.12500,26.12500,25.50000,25.75000,25400
4527,1999-04-22,26.12500,26.12500,25.62500,25.75000,134600
4528,1999-04-21,26.68750,27.12500,26.12500,26.12500,30200
4529,1999-04-20,27.75000,28.00000,26.00000,26.18750,55100
4530,1999-04-19,26.50000,28.25000,26.50000,27.62500,34800
4531,1999-04-16,27.75000,27.75000,26.25000,27.00000,45600
4532,1999-04-15,26.75000,27.75000,26.75000,27.62500,57800
4533,1999-04-14,26.00000,26.75000,26.00000,26.75000,19900
4534,1999-04-13,25.87500,26.25000,25.50000,25.50000,6600
4535,1999-04-12,25.00000,26.25000,25.00000,25.62500,25800
4536,1999-04-09,26.37500,27.00000,25.00000,25.12500,65400
4537,1999-04-08,26.43750,27.18750,26.12500,26.75000,21900
4538,1999-04-07,26.68750,27.18750,26.43750,26.43750,12200
4539,1999-04-06,26.50000,28.00000,26.25000,26.68750,76500
4540,1999-04-05,26.37500,27.50000,26.37500,26.75000,42000
4541,1999-04-01,27.00000,28.12500,25.75000,26.75000,38800
4542,1999-03-31,25.00000,27.75000,24.87500,27.75000,99300
4543,1999-03-30,25.50000,25.68750,25.00000,25.37500,35500
4544,1999-03-29,25.50000,25.87500,25.50000,25.50000,61200
4545,1999-03-26,25.75000,26.00000,25.50000,25.50000,63000
4546,1999-03-25,26.00000,26.00000,25.75000,26.00000,21600
4547,1999-03-24,25.50000,26.00000,25.50000,26.00000,15600
4548,1999-03-23,25.87500,26.12500,25.50000,25.50000,46800
4549,1999-03-22,25.93750,26.12500,25.87500,26.00000,25900
4550,1999-03-19,25.75000,26.00000,25.75000,26.00000,66900
4551,1999-03-18,26.50000,26.50000,25.81250,26.00000,46800
4552,1999-03-17,26.00000,26.50000,26.00000,26.00000,46100
4553,1999-03-16,25.81250,26.06250,25.81250,25.87500,75800
4554,1999-03-15,26.00000,26.00000,25.75000,25.93750,58000
4555,1999-03-12,25.25000,25.78125,25.25000,25.78125,45900
4556,1999-03-11,25.37500,25.50000,25.00000,25.50000,22900
4557,1999-03-10,24.75000,25.12500,24.53125,25.00000,29600
4558,1999-03-09,24.75000,25.25000,24.25000,24.50000,38600
4559,1999-03-08,24.62500,24.75000,24.12500,24.25000,70800
4560,1999-03-05,25.00000,25.00000,24.50000,24.62500,16500
4561,1999-03-04,24.37500,25.00000,24.37500,24.81250,38100
4562,1999-03-03,26.00000,26.03125,24.25000,24.50000,67400
4563,1999-03-02,25.00000,26.50000,25.00000,26.06250,15800
4564,1999-03-01,25.00000,25.75000,24.75000,25.28125,25600
4565,1999-02-26,25.50000,25.87500,25.00000,25.50000,11200
4566,1999-02-25,25.25000,25.87500,24.12500,25.50000,33200
4567,1999-02-24,27.37500,27.37500,25.25000,25.37500,31700
4568,1999-02-23,26.25000,27.37500,26.00000,26.25000,17000
4569,1999-02-22,25.37500,27.00000,25.00000,26.87500,97900
4570,1999-02-19,25.37500,25.37500,24.56250,25.00000,468600
4571,1999-02-18,25.37500,25.37500,25.12500,25.12500,89800
4572,1999-02-17,26.00000,26.00000,25.12500,25.12500,110500
4573,1999-02-16,25.12500,25.87500,25.00000,25.75000,73900
4574,1999-02-12,26.12500,26.12500,25.25000,25.31250,114000
4575,1999-02-11,26.50000,27.25000,25.68750,26.06250,109500
4576,1999-02-10,27.00000,27.09375,26.62500,26.93750,11600
4577,1999-02-09,26.87500,27.12500,26.43750,26.87500,28500
4578,1999-02-08,27.25000,27.37500,26.75000,26.93750,55100
4579,1999-02-05,27.75000,27.75000,27.37500,27.56250,33000
4580,1999-02-04,27.37500,27.75000,27.37500,27.56250,41900
4581,1999-02-03,27.43750,27.62500,27.37500,27.62500,27600
4582,1999-02-02,27.87500,27.87500,27.37500,27.68750,47400
4583,1999-02-01,26.87500,27.87500,26.87500,27.00000,45900
4584,1999-01-29,27.75000,28.12500,27.00000,27.75000,16700
4585,1999-01-28,28.00000,28.12500,27.75000,28.03125,79300
4586,1999-01-27,28.12500,28.12500,27.75000,27.75000,7200
4587,1999-01-26,28.25000,28.25000,27.87500,28.12500,19400
4588,1999-01-25,28.00000,28.37500,28.00000,28.25000,378300
4589,1999-01-22,28.87500,29.00000,28.50000,28.62500,9000
4590,1999-01-21,28.87500,29.00000,28.87500,29.00000,186600
4591,1999-01-20,29.12500,29.25000,28.93750,29.00000,37000
4592,1999-01-19,29.12500,29.12500,28.93750,29.12500,29700
4593,1999-01-15,29.25000,29.25000,28.75000,29.12500,28800
4594,1999-01-14,29.37500,29.68750,28.75000,29.00000,59600
4595,1999-01-13,28.75000,29.75000,28.75000,29.37500,65100
4596,1999-01-12,29.75000,30.50000,29.50000,29.75000,258800
4597,1999-01-11,30.25000,30.50000,29.37500,29.87500,78800
4598,1999-01-08,31.50000,31.50000,30.37500,30.50000,21100
4599,1999-01-07,30.75000,31.50000,30.62500,31.50000,17700
4600,1999-01-06,31.75000,31.75000,30.25000,31.12500,36200
4601,1999-01-05,32.00000,32.12500,31.50000,31.75000,32800
4602,1999-01-04,31.50000,32.50000,30.25000,32.12500,58600
4603,1998-12-31,30.00000,35.12500,29.43750,31.75000,172400
4604,1998-12-30,29.00000,30.00000,28.75000,30.00000,34500
4605,1998-12-29,28.81250,29.00000,28.75000,29.00000,26600
4606,1998-12-28,29.12500,29.12500,28.75000,29.00000,18700
4607,1998-12-24,28.81250,29.12500,28.75000,28.75000,5800
4608,1998-12-23,29.00000,29.00000,28.87500,29.00000,59300
4609,1998-12-22,28.75000,30.00000,28.50000,28.50000,56600
4610,1998-12-21,30.18750,30.18750,29.00000,29.12500,28300
4611,1998-12-18,28.87500,31.37500,28.87500,29.00000,105100
4612,1998-12-17,28.50000,29.25000,28.18750,29.06250,29100
4613,1998-12-16,27.68750,29.00000,27.68750,27.87500,21900
4614,1998-12-15,26.75000,28.37500,26.75000,27.87500,50600
4615,1998-12-14,28.75000,28.75000,26.00000,27.12500,67100
4616,1998-12-11,28.12500,29.00000,28.12500,28.75000,9900
4617,1998-12-10,29.50000,29.50000,28.62500,29.00000,9700
4618,1998-12-09,27.43750,29.37500,27.43750,29.00000,16100
4619,1998-12-08,27.50000,28.00000,27.50000,27.50000,28900
4620,1998-12-07,28.00000,28.00000,26.25000,27.00000,39600
4621,1998-12-04,29.00000,29.00000,27.56250,27.62500,22300
4622,1998-12-03,29.00000,29.00000,28.31250,28.37500,21000
4623,1998-12-02,28.68750,29.00000,27.75000,28.31250,20300
4624,1998-12-01,29.50000,29.50000,28.68750,28.81250,90000
4625,1998-11-30,32.87500,32.87500,29.00000,29.06250,53000
4626,1998-11-27,32.00000,32.87500,31.37500,31.37500,6900
4627,1998-11-25,31.62500,32.75000,31.62500,32.50000,5300
4628,1998-11-24,32.00000,33.00000,32.00000,32.00000,27000
4629,1998-11-23,33.50000,33.50000,32.00000,32.50000,14500
4630,1998-11-20,34.50000,34.62500,33.37500,33.87500,20100
4631,1998-11-19,33.87500,34.87500,33.50000,34.87500,26100
4632,1998-11-18,32.87500,34.31250,32.12500,34.25000,52800
4633,1998-11-17,31.87500,32.87500,31.87500,32.87500,13400
4634,1998-11-16,32.00000,32.62500,31.62500,32.50000,133600
4635,1998-11-13,31.75000,32.25000,31.37500,31.37500,17800
4636,1998-11-12,31.00000,31.56250,31.00000,31.43750,5000
4637,1998-11-11,31.00000,32.00000,30.75000,31.00000,13200
4638,1998-11-10,31.00000,31.87500,30.56250,30.93750,11400
4639,1998-11-09,31.00000,31.50000,30.75000,30.87500,67700
4640,1998-11-06,31.00000,32.25000,30.93750,31.62500,28400
4641,1998-11-05,33.00000,33.87500,31.75000,32.00000,54500
4642,1998-11-04,32.50000,33.75000,32.00000,33.00000,41300
4643,1998-11-03,33.00000,33.00000,32.06250,32.87500,8300
4644,1998-11-02,30.75000,33.00000,30.75000,33.00000,48700
4645,1998-10-30,30.50000,31.50000,29.75000,31.43750,56900
4646,1998-10-29,29.50000,30.50000,29.50000,30.50000,3800
4647,1998-10-28,29.75000,30.75000,29.75000,30.37500,8800
4648,1998-10-27,31.00000,31.37500,30.12500,30.68750,20500
4649,1998-10-26,30.50000,31.50000,29.93750,31.50000,48200
4650,1998-10-23,29.93750,30.50000,29.50000,30.25000,6400
4651,1998-10-22,30.12500,30.50000,29.62500,29.93750,58800
4652,1998-10-21,29.50000,30.37500,29.06250,29.50000,63900
4653,1998-10-20,27.75000,31.25000,27.25000,29.62500,99900
4654,1998-10-19,25.18750,27.87500,25.00000,26.37500,48200
4655,1998-10-16,25.50000,25.75000,24.50000,25.50000,42700
4656,1998-10-15,25.75000,25.87500,23.75000,24.75000,102200
4657,1998-10-14,25.75000,26.50000,25.50000,25.75000,29600
4658,1998-10-13,26.87500,27.12500,25.75000,26.75000,25300
4659,1998-10-12,27.50000,27.50000,25.75000,27.00000,5700
4660,1998-10-09,26.00000,26.50000,25.75000,26.12500,8900
4661,1998-10-08,27.75000,27.75000,25.62500,27.00000,12900
4662,1998-10-07,28.12500,28.37500,25.50000,27.68750,60800
4663,1998-10-06,29.87500,29.87500,27.00000,27.75000,110900
4664,1998-10-05,30.00000,30.25000,29.87500,29.87500,34000
4665,1998-10-02,30.43750,30.43750,29.87500,30.00000,39100
4666,1998-10-01,31.00000,31.75000,30.00000,30.50000,53200
4667,1998-09-30,29.50000,31.37500,28.62500,31.37500,145400
4668,1998-09-29,28.37500,29.25000,28.37500,29.25000,59500
4669,1998-09-28,29.00000,29.00000,28.12500,29.00000,129800
4670,1998-09-25,28.62500,29.00000,28.12500,28.37500,5400
4671,1998-09-24,28.75000,29.00000,28.50000,28.50000,14100
4672,1998-09-23,28.87500,29.12500,28.50000,29.00000,14900
4673,1998-09-22,28.12500,29.12500,28.12500,28.87500,7300
4674,1998-09-21,28.50000,28.62500,27.75000,28.12500,31500
4675,1998-09-18,27.75000,28.56250,27.50000,28.46875,45200
4676,1998-09-17,27.56250,27.56250,27.18750,27.37500,20300
4677,1998-09-16,27.50000,29.00000,27.50000,29.00000,6500
4678,1998-09-15,28.50000,29.00000,27.50000,28.93750,51100
4679,1998-09-14,27.75000,28.50000,27.68750,28.43750,12100
4680,1998-09-11,28.00000,28.00000,27.50000,27.75000,14800
4681,1998-09-10,28.50000,29.87500,27.75000,28.00000,12900
4682,1998-09-09,30.00000,30.00000,29.00000,29.62500,17400
4683,1998-09-08,29.00000,29.75000,28.50000,29.75000,49900
4684,1998-09-04,28.00000,28.87500,27.50000,28.87500,25200
4685,1998-09-03,27.50000,29.25000,27.50000,28.75000,40900
4686,1998-09-02,27.50000,29.25000,27.25000,29.00000,38200
4687,1998-09-01,25.62500,27.50000,25.62500,27.50000,26900
4688,1998-08-31,28.75000,28.75000,25.62500,25.62500,43200
4689,1998-08-28,28.37500,29.00000,27.87500,28.62500,10800
4690,1998-08-27,29.25000,29.87500,28.75000,28.81250,23800
4691,1998-08-26,29.87500,30.12500,29.62500,29.75000,39600
4692,1998-08-25,29.75000,30.50000,29.75000,30.25000,69400
4693,1998-08-24,29.93750,30.25000,29.93750,30.00000,11000
4694,1998-08-21,31.06250,31.06250,29.75000,30.37500,22600
4695,1998-08-20,30.12500,31.75000,30.12500,31.12500,31500
4696,1998-08-19,31.43750,31.75000,30.18750,30.87500,21700
4697,1998-08-18,31.00000,31.62500,30.00000,31.50000,44600
4698,1998-08-17,30.50000,31.50000,29.62500,29.62500,27800
4699,1998-08-14,30.00000,31.50000,30.00000,31.12500,126300
4700,1998-08-13,30.75000,31.12500,30.00000,31.12500,73500
4701,1998-08-12,32.00000,32.43750,30.50000,30.50000,204000
4702,1998-08-11,32.75000,33.37500,32.37500,32.37500,75400
4703,1998-08-10,33.25000,33.62500,33.00000,33.06250,24000
4704,1998-08-07,33.12500,34.75000,33.12500,34.50000,10000
4705,1998-08-06,33.00000,34.00000,33.00000,33.12500,10600
4706,1998-08-05,32.87500,33.62500,32.87500,33.37500,23800
4707,1998-08-04,33.25000,33.62500,32.87500,33.00000,32300
4708,1998-08-03,33.12500,33.75000,33.12500,33.50000,70400
4709,1998-07-31,34.00000,34.62500,32.87500,34.18750,64000
4710,1998-07-30,33.25000,34.25000,33.12500,34.00000,26100
4711,1998-07-29,32.00000,33.62500,32.00000,33.31250,35100
4712,1998-07-28,33.37500,33.37500,31.68750,32.75000,54500
4713,1998-07-27,33.00000,33.50000,31.75000,33.37500,28400
4714,1998-07-24,33.50000,33.50000,31.62500,32.75000,76000
4715,1998-07-23,32.62500,33.37500,32.12500,32.12500,23800
4716,1998-07-22,34.06250,34.50000,32.50000,32.50000,39700
4717,1998-07-21,34.25000,34.50000,34.06250,34.06250,9300
4718,1998-07-20,34.75000,35.00000,33.75000,34.87500,36900
4719,1998-07-17,32.75000,34.68750,32.75000,34.56250,52000
4720,1998-07-16,33.00000,33.75000,32.50000,33.75000,33300
4721,1998-07-15,32.50000,33.00000,32.00000,33.00000,54800
4722,1998-07-14,32.00000,32.75000,32.00000,32.12500,44600
4723,1998-07-13,32.12500,32.50000,31.50000,31.50000,46800
4724,1998-07-10,32.50000,33.75000,32.12500,32.75000,47900
4725,1998-07-09,33.62500,33.87500,32.37500,32.96875,83200
4726,1998-07-08,33.31250,34.12500,33.25000,34.00000,50300
4727,1998-07-07,33.37500,34.12500,33.37500,33.75000,25800
4728,1998-07-06,32.50000,34.40625,32.21875,33.56250,42800
4729,1998-07-02,31.75000,32.75000,31.75000,31.75000,36600
4730,1998-07-01,35.00000,35.12500,31.62500,32.12500,111700
4731,1998-06-30,32.75000,35.62500,32.50000,35.37500,148500
4732,1998-06-29,31.50000,32.87500,31.50000,32.81250,89800
4733,1998-06-26,30.62500,32.37500,30.62500,32.37500,66100
4734,1998-06-25,31.00000,31.87500,30.62500,31.56250,29000
4735,1998-06-24,31.62500,31.62500,30.25000,31.50000,42000
4736,1998-06-23,32.75000,32.87500,30.25000,30.25000,168900
4737,1998-06-22,34.00000,34.00000,32.87500,32.93750,88100
4738,1998-06-19,34.00000,34.50000,33.50000,33.50000,89600
4739,1998-06-18,34.00000,35.37500,34.00000,34.12500,95400
4740,1998-06-17,33.75000,35.04688,33.75000,35.00000,69800
4741,1998-06-16,33.75000,34.75000,33.75000,34.75000,39000
4742,1998-06-15,34.25000,35.25000,33.50000,34.62500,52200
4743,1998-06-12,34.25000,34.25000,33.75000,34.25000,13200
4744,1998-06-11,34.87500,35.25000,33.00000,34.25000,70800
