,datetime,open,high,low,close,volume
0,2023-04-19,0.43000,0.46000,0.41000,0.46000,122500
1,2023-04-18,0.43000,0.46000,0.42000,0.44000,82700
2,2023-04-17,0.46000,0.46000,0.42000,0.42000,83700
3,2023-04-14,0.48000,0.48000,0.42000,0.43000,110500
4,2023-04-13,0.43000,0.44000,0.41000,0.43000,157200
5,2023-04-12,0.41000,0.42000,0.40000,0.40000,68900
6,2023-04-11,0.38000,0.42000,0.38000,0.41000,73100
7,2023-04-10,0.40000,0.41000,0.39000,0.41000,42500
8,2023-04-06,0.38000,0.40000,0.38000,0.40000,61000
9,2023-04-05,0.37000,0.39000,0.37000,0.39000,69100
10,2023-04-04,0.41000,0.42000,0.37000,0.38000,147500
11,2023-04-03,0.40000,0.44000,0.40000,0.42000,177300
12,2023-03-31,0.42000,0.42000,0.40000,0.40000,34300
13,2023-03-30,0.41000,0.43000,0.41000,0.42000,62000
14,2023-03-29,0.40000,0.43000,0.40000,0.41000,73600
15,2023-03-28,0.39000,0.40000,0.39000,0.39000,39400
16,2023-03-27,0.40000,0.43000,0.40000,0.41000,47500
17,2023-03-24,0.39000,0.41000,0.39000,0.41000,70400
18,2023-03-23,0.39000,0.40000,0.38000,0.39000,81900
19,2023-03-22,0.40000,0.40000,0.39000,0.40000,29400
20,2023-03-21,0.41000,0.41000,0.39000,0.39000,221100
21,2023-03-20,0.42000,0.42000,0.40000,0.40000,50300
22,2023-03-17,0.42000,0.42000,0.41000,0.41000,79700
23,2023-03-16,0.41000,0.43000,0.41000,0.41000,50300
24,2023-03-15,0.42000,0.44000,0.42000,0.42000,67100
25,2023-03-14,0.43000,0.45000,0.43000,0.43000,45200
26,2023-03-13,0.43000,0.45000,0.41000,0.43000,103000
27,2023-03-10,0.46000,0.46000,0.42000,0.43000,178700
28,2023-03-09,0.48000,0.48000,0.44000,0.45000,319300
29,2023-03-08,0.48000,0.48000,0.47000,0.48000,73400
30,2023-03-07,0.47000,0.49000,0.47000,0.49000,45600
31,2023-03-06,0.49000,0.50000,0.48000,0.48000,57000
32,2023-03-03,0.48000,0.51000,0.48000,0.51000,115300
33,2023-03-02,0.48000,0.49000,0.47000,0.49000,52000
34,2023-03-01,0.51000,0.51000,0.46000,0.47000,130600
35,2023-02-28,0.48000,0.51000,0.47000,0.49000,194800
36,2023-02-27,0.49000,0.49000,0.46000,0.46000,105300
37,2023-02-24,0.50000,0.50000,0.45000,0.46000,149700
38,2023-02-23,0.48000,0.48000,0.46000,0.47000,66800
39,2023-02-22,0.47000,0.51000,0.47000,0.49000,71200
40,2023-02-21,0.53000,0.53000,0.47000,0.48000,215600
41,2023-02-17,0.51000,0.53000,0.50000,0.51000,114300
42,2023-02-16,0.50000,0.52000,0.50000,0.52000,59300
43,2023-02-15,0.51000,0.52000,0.49000,0.51000,143200
44,2023-02-14,0.51000,0.53000,0.50000,0.51000,178000
45,2023-02-13,0.53000,0.55000,0.50000,0.51000,509500
46,2023-02-10,0.60000,0.62000,0.56000,0.57000,596100
47,2023-02-09,0.61000,0.65000,0.60000,0.63000,1158600
48,2023-02-08,0.58000,0.63000,0.54000,0.62000,1674300
49,2023-02-07,0.82000,0.82000,0.62000,0.64000,23069800
50,2023-02-06,0.60000,0.60000,0.57000,0.59000,22000
51,2023-02-03,0.58000,0.62000,0.56000,0.59000,70100
52,2023-02-02,0.64000,0.65000,0.57000,0.59000,96300
53,2023-02-01,0.58000,0.62000,0.57000,0.59000,51400
54,2023-01-31,0.60000,0.63000,0.57000,0.60000,88500
55,2023-01-30,0.64000,0.64000,0.60000,0.60000,57100
56,2023-01-27,0.57000,0.62000,0.57000,0.60000,63700
57,2023-01-26,0.58000,0.60000,0.56000,0.59000,64400
58,2023-01-25,0.58000,0.60000,0.58000,0.58000,89900
59,2023-01-24,0.60000,0.61000,0.59000,0.60000,32800
60,2023-01-23,0.61000,0.61000,0.57000,0.58000,73500
61,2023-01-20,0.60000,0.63000,0.57000,0.59000,40500
62,2023-01-19,0.63000,0.63000,0.56000,0.61000,73500
63,2023-01-18,0.65000,0.65000,0.61000,0.62000,46300
64,2023-01-17,0.62000,0.65000,0.62000,0.62000,64400
65,2023-01-13,0.64000,0.64000,0.59000,0.64000,42400
66,2023-01-12,0.62000,0.65000,0.62000,0.62000,26000
67,2023-01-11,0.64000,0.68000,0.63000,0.64000,41200
68,2023-01-10,0.67000,0.67000,0.62000,0.64000,42200
69,2023-01-09,0.61000,0.68000,0.61000,0.65000,42200
70,2023-01-06,0.63000,0.65000,0.61000,0.64000,16400
71,2023-01-05,0.64000,0.65000,0.60000,0.61000,16500
72,2023-01-04,0.61000,0.65000,0.61000,0.64000,22000
73,2023-01-03,0.62000,0.66000,0.59000,0.63000,36900
74,2022-12-30,0.66000,0.66000,0.59000,0.64000,50500
75,2022-12-29,0.59000,0.66000,0.56000,0.65000,109500
76,2022-12-28,0.65000,0.67000,0.58000,0.58000,43800
77,2022-12-27,0.62000,0.67000,0.55000,0.60000,60200
78,2022-12-23,0.66000,0.70000,0.62000,0.68000,38400
79,2022-12-22,0.67000,0.70000,0.67000,0.68000,43700
80,2022-12-21,0.65000,0.70000,0.65000,0.67000,46600
81,2022-12-20,0.67000,0.70000,0.67000,0.67000,17100
82,2022-12-19,0.67000,0.74000,0.66000,0.69000,73200
83,2022-12-16,0.68000,0.73000,0.68000,0.70000,42800
84,2022-12-15,0.66000,0.74000,0.66000,0.70000,28100
85,2022-12-14,0.71000,0.75000,0.68000,0.70000,31700
86,2022-12-13,0.71000,0.74000,0.67000,0.74000,41900
87,2022-12-12,0.65000,0.74000,0.65000,0.72000,39400
88,2022-12-09,0.65000,0.65000,0.60000,0.65000,36100
89,2022-12-08,0.75000,0.75000,0.64000,0.67000,76600
90,2022-12-07,0.75000,0.78000,0.70000,0.74000,108600
91,2022-12-06,0.72000,0.76000,0.70000,0.71000,65200
92,2022-12-05,0.68000,0.76000,0.66000,0.74000,236200
93,2022-12-02,0.63000,0.70000,0.57000,0.65000,154000
94,2022-12-01,0.53000,0.61000,0.50000,0.60000,85300
95,2022-11-30,0.47000,0.53000,0.47000,0.50000,51700
96,2022-11-29,0.50000,0.50000,0.45000,0.46000,86600
97,2022-11-28,0.50000,0.53000,0.45000,0.49000,193500
98,2022-11-25,0.49000,0.50000,0.41000,0.44000,86800
99,2022-11-23,0.47000,0.50000,0.47000,0.47000,16100
100,2022-11-22,0.47000,0.49000,0.46000,0.46000,29800
101,2022-11-21,0.56000,0.56000,0.47000,0.47000,36300
102,2022-11-18,0.52000,0.55000,0.50000,0.52000,39000
103,2022-11-17,0.51000,0.54000,0.51000,0.53000,20100
104,2022-11-16,0.54000,0.55000,0.51000,0.51000,111700
105,2022-11-15,0.61000,0.61000,0.56000,0.57000,43500
106,2022-11-14,0.59000,0.62000,0.57000,0.59000,26400
107,2022-11-11,0.61000,0.65000,0.59000,0.60000,25200
108,2022-11-10,0.59000,0.63000,0.58000,0.60000,66900
109,2022-11-09,0.56000,0.62000,0.56000,0.57000,34500
110,2022-11-08,0.57000,0.62000,0.57000,0.59000,9400
111,2022-11-07,0.55000,0.62000,0.55000,0.62000,19400
112,2022-11-04,0.61000,0.61000,0.57000,0.57000,7600
113,2022-11-03,0.58000,0.62000,0.56000,0.57000,7500
114,2022-11-02,0.61000,0.62000,0.58000,0.59000,16700
115,2022-11-01,0.60000,0.63000,0.58000,0.61000,41500
116,2022-10-31,0.60000,0.61000,0.56000,0.59000,32700
117,2022-10-28,0.62000,0.63000,0.58000,0.58000,23900
118,2022-10-27,0.61000,0.63000,0.58000,0.60000,19900
119,2022-10-26,0.59000,0.64000,0.56000,0.58000,89000
120,2022-10-25,0.47000,0.62000,0.47000,0.59000,360400
121,2022-10-24,0.51000,0.52000,0.47000,0.48000,43300
122,2022-10-21,0.51000,0.51000,0.49000,0.49000,46000
123,2022-10-20,0.52000,0.54000,0.49000,0.49000,45600
124,2022-10-19,0.52000,0.53000,0.50000,0.52000,64800
125,2022-10-18,0.54000,0.54000,0.50000,0.51000,45000
126,2022-10-17,0.55000,0.55000,0.53000,0.53000,10600
127,2022-10-14,0.51000,0.56000,0.51000,0.54000,14100
128,2022-10-13,0.55000,0.56000,0.50000,0.53000,78600
129,2022-10-12,0.55000,0.57000,0.55000,0.57000,8600
130,2022-10-11,0.58000,0.58000,0.51000,0.58000,34500
131,2022-10-10,0.57000,0.63000,0.55000,0.56000,80600
132,2022-10-07,0.59000,0.60000,0.56000,0.59000,48600
133,2022-10-06,0.65000,0.65000,0.59000,0.62000,13000
134,2022-10-05,0.58000,0.62000,0.56000,0.61000,76800
135,2022-10-04,0.55000,0.62000,0.55000,0.59000,56100
136,2022-10-03,0.53000,0.53000,0.50000,0.53000,48600
137,2022-09-30,0.48000,0.51000,0.48000,0.50000,22300
138,2022-09-29,0.50000,0.51000,0.47000,0.49000,37400
139,2022-09-28,0.48000,0.56000,0.48000,0.52000,250900
140,2022-09-27,0.48000,0.49000,0.45000,0.48000,24600
141,2022-09-26,0.50000,0.50000,0.47000,0.48000,20200
142,2022-09-23,0.53000,0.55000,0.45000,0.48000,320500
143,2022-09-22,0.65000,0.65000,0.50000,0.56000,327000
144,2022-09-21,0.68000,0.69000,0.66000,0.66000,37900
145,2022-09-20,0.74000,0.74000,0.69000,0.69000,57400
146,2022-09-19,0.79000,0.79000,0.71000,0.74000,166600
147,2022-09-16,0.79000,0.83000,0.76000,0.80000,82400
148,2022-09-15,0.76000,0.81000,0.76000,0.79000,19100
149,2022-09-14,0.76000,0.81000,0.76000,0.77000,59800
150,2022-09-13,0.75000,0.80000,0.73000,0.77000,77300
151,2022-09-12,0.74000,0.75000,0.72000,0.73000,102300
152,2022-09-09,0.76000,0.76000,0.71000,0.73000,268100
153,2022-09-08,0.76000,0.78000,0.70000,0.74000,39000
154,2022-09-07,0.75000,0.79000,0.74000,0.76000,70300
155,2022-09-06,0.79000,0.82000,0.76000,0.77000,87200
156,2022-09-02,0.85000,0.85000,0.79000,0.80000,53200
157,2022-09-01,0.87000,0.87000,0.79000,0.82000,229000
158,2022-08-31,0.91000,0.92000,0.84000,0.87000,171300
159,2022-08-30,0.92000,0.96000,0.90000,0.91000,41300
160,2022-08-29,0.98000,0.99000,0.91000,0.92000,99100
161,2022-08-26,1.01000,1.03000,0.97000,0.99000,81000
162,2022-08-25,1.02000,1.04000,1.01000,1.02000,48700
163,2022-08-24,1.01000,1.04000,1.01000,1.02000,19000
164,2022-08-23,1.00000,1.04000,0.99000,1.03000,53300
165,2022-08-22,1.01000,1.03000,1.00000,1.00000,43000
166,2022-08-19,1.03000,1.05000,1.00000,1.00000,36000
167,2022-08-18,1.08000,1.08000,1.02000,1.05000,67200
168,2022-08-17,1.04000,1.13000,1.02000,1.05000,165200
169,2022-08-16,1.07000,1.09000,1.04000,1.04000,86200
170,2022-08-15,1.08000,1.12000,1.04000,1.07000,83400
171,2022-08-12,1.08000,1.11000,1.05000,1.10000,65400
172,2022-08-11,1.09000,1.12000,1.05000,1.08000,94300
173,2022-08-10,1.03000,1.15000,1.00000,1.11000,345500
174,2022-08-09,1.08000,1.14000,1.04000,1.06000,201600
175,2022-08-08,1.06000,1.50000,1.00000,1.09000,3465400
176,2022-08-05,1.08000,1.08000,1.02000,1.03000,87600
177,2022-08-04,1.04000,1.09000,1.02000,1.03000,53100
178,2022-08-03,1.02000,1.08000,1.02000,1.06000,78400
179,2022-08-02,1.03000,1.13000,1.02000,1.03000,95500
180,2022-08-01,1.06000,1.08000,1.01000,1.02000,99100
181,2022-07-29,1.04000,1.05000,1.00000,1.05000,82700
182,2022-07-28,1.01000,1.05000,1.00000,1.03000,97500
183,2022-07-27,1.09000,1.09000,0.99000,1.02000,200600
184,2022-07-26,1.05000,1.12000,1.04000,1.07000,61800
185,2022-07-25,1.11000,1.18000,1.09000,1.09000,32600
186,2022-07-22,1.16000,1.16000,1.11000,1.12000,32500
187,2022-07-21,1.18000,1.20000,1.13000,1.16000,33200
188,2022-07-20,1.15000,1.18000,1.11000,1.15000,36600
189,2022-07-19,1.14000,1.20000,1.10000,1.11000,37500
190,2022-07-18,1.18000,1.19000,1.10000,1.15000,53500
191,2022-07-15,1.17000,1.20000,1.14000,1.18000,22200
192,2022-07-14,1.19000,1.19000,1.12000,1.17000,43000
193,2022-07-13,1.18000,1.22000,1.16000,1.20000,40600
194,2022-07-12,1.12000,1.21000,1.12000,1.19000,54700
195,2022-07-11,1.20000,1.20000,1.15000,1.16000,37200
196,2022-07-08,1.03000,1.20000,1.02000,1.18000,122700
197,2022-07-07,1.00000,1.10000,1.00000,1.06000,36200
198,2022-07-06,1.03000,1.08000,1.00000,1.01000,47800
199,2022-07-05,1.00000,1.06000,1.00000,1.03000,37100
200,2022-07-01,1.02000,1.10000,1.02000,1.04000,62700
201,2022-06-30,1.04000,1.10000,1.04000,1.08000,64800
202,2022-06-29,1.05000,1.10000,1.03000,1.06000,50900
203,2022-06-28,1.07000,1.12000,1.04000,1.08000,36400
204,2022-06-27,1.12000,1.14000,1.08000,1.09000,21700
205,2022-06-24,1.08000,1.14000,1.06000,1.14000,78600
206,2022-06-23,1.04000,1.11000,1.04000,1.08000,38300
207,2022-06-22,1.09000,1.14000,1.05000,1.05000,72600
208,2022-06-21,1.04000,1.16000,1.04000,1.12000,80500
209,2022-06-17,1.15000,1.28000,1.00000,1.07000,236000
210,2022-06-16,1.12000,1.18000,1.08000,1.12000,103100
211,2022-06-15,1.15000,1.23000,1.10000,1.17000,211500
212,2022-06-14,1.15000,1.16000,1.09000,1.12000,78200
213,2022-06-13,1.17000,1.20000,1.15000,1.16000,67600
214,2022-06-10,1.32000,1.32000,1.17000,1.27000,92300
215,2022-06-09,1.28000,1.35000,1.22000,1.31000,95500
216,2022-06-08,1.27000,1.33000,1.22000,1.29000,111700
217,2022-06-07,1.30000,1.33000,1.23000,1.29000,79900
218,2022-06-06,1.37000,1.37000,1.23000,1.29000,122700
219,2022-06-03,1.33000,1.35000,1.30000,1.35000,77900
220,2022-06-02,1.24000,1.34000,1.17000,1.32000,72900
221,2022-06-01,1.13000,1.24000,1.13000,1.23000,250500
222,2022-05-31,1.23000,1.35000,1.12000,1.14000,828700
223,2022-05-27,1.23000,1.29000,1.16000,1.27000,174000
224,2022-05-26,1.16000,1.25000,1.16000,1.20000,275300
225,2022-05-25,1.12000,1.20000,1.12000,1.18000,49700
226,2022-05-24,1.10000,1.20000,1.07000,1.16000,139400
227,2022-05-23,1.17000,1.17000,1.09000,1.13000,277800
228,2022-05-20,1.16000,1.30000,1.12000,1.20000,201100
229,2022-05-19,1.14000,1.19000,1.14000,1.16000,35900
230,2022-05-18,1.13000,1.19000,1.12000,1.14000,87300
231,2022-05-17,1.17000,1.22000,1.13000,1.13000,154300
232,2022-05-16,1.19000,1.20000,1.12000,1.18000,47600
233,2022-05-13,1.12000,1.20000,1.12000,1.19000,25500
234,2022-05-12,1.12000,1.17000,1.12000,1.12000,50200
235,2022-05-11,1.16000,1.20000,1.12000,1.12000,52500
236,2022-05-10,1.17000,1.26000,1.13000,1.20000,102700
237,2022-05-09,1.22000,1.26000,1.16000,1.18000,89100
238,2022-05-06,1.30000,1.33000,1.23000,1.26000,46000
239,2022-05-05,1.37000,1.42000,1.30000,1.33000,45500
240,2022-05-04,1.39000,1.43000,1.30000,1.39000,24900
241,2022-05-03,1.36000,1.42000,1.34000,1.38000,52800
242,2022-05-02,1.33000,1.40000,1.30000,1.37000,76900
243,2022-04-29,1.19000,1.32000,1.17000,1.32000,44600
244,2022-04-28,1.20000,1.30000,1.13000,1.22000,133900
245,2022-04-27,1.20000,1.22000,1.14000,1.19000,102600
246,2022-04-26,1.23000,1.25000,1.16000,1.22000,194800
247,2022-04-25,1.24000,1.27000,1.21000,1.22000,41800
248,2022-04-22,1.25000,1.25000,1.22000,1.25000,29000
249,2022-04-21,1.27000,1.28000,1.25000,1.27000,50800
250,2022-04-20,1.24000,1.27000,1.18000,1.26000,50600
251,2022-04-19,1.21000,1.26000,1.21000,1.24000,75400
252,2022-04-18,1.20000,1.24000,1.18000,1.20000,44900
253,2022-04-14,1.25000,1.29000,1.20000,1.23000,58800
254,2022-04-13,1.29000,1.32000,1.24000,1.26000,59800
255,2022-04-12,1.38000,1.38000,1.28000,1.28000,117900
256,2022-04-11,1.30000,1.37000,1.24000,1.32000,197500
257,2022-04-08,1.33000,1.33000,1.26000,1.30000,57500
258,2022-04-07,1.28000,1.33000,1.28000,1.31000,71300
259,2022-04-06,1.30000,1.32000,1.25000,1.29000,50100
260,2022-04-05,1.37000,1.37000,1.29000,1.30000,137800
261,2022-04-04,1.27000,1.36000,1.27000,1.35000,67200
262,2022-04-01,1.34000,1.36000,1.29000,1.29000,98500
263,2022-03-31,1.45000,1.45000,1.31000,1.32000,88500
264,2022-03-30,1.40000,1.40000,1.32000,1.32000,61900
265,2022-03-29,1.35000,1.43000,1.32000,1.34000,78400
266,2022-03-28,1.39000,1.45000,1.32000,1.34000,119700
267,2022-03-25,1.38000,1.41000,1.36000,1.39000,42200
268,2022-03-24,1.42000,1.43000,1.36000,1.41000,53500
269,2022-03-23,1.42000,1.43000,1.34000,1.41000,49300
270,2022-03-22,1.40000,1.43000,1.35000,1.43000,69200
271,2022-03-21,1.40000,1.46000,1.36000,1.38000,110600
272,2022-03-18,1.47000,1.47000,1.40000,1.46000,171700
273,2022-03-17,1.34000,1.44000,1.28000,1.44000,134100
274,2022-03-16,1.39000,1.39000,1.27000,1.38000,146000
275,2022-03-15,1.15000,1.40000,1.15000,1.36000,509300
276,2022-03-14,1.18000,1.21000,1.13000,1.18000,126000
277,2022-03-11,1.23000,1.23000,1.18000,1.20000,44100
278,2022-03-10,1.27000,1.29000,1.20000,1.23000,76900
279,2022-03-09,1.11000,1.32000,1.11000,1.30000,512400
280,2022-03-08,1.03000,1.13000,1.02000,1.09000,192100
281,2022-03-07,1.06000,1.12000,1.02000,1.06000,355500
282,2022-03-04,1.17000,1.20000,1.06000,1.09000,493700
283,2022-03-03,1.35000,1.39000,1.16000,1.20000,135600
284,2022-03-02,1.33000,1.36000,1.30000,1.32000,191300
285,2022-03-01,1.43000,1.44000,1.34000,1.36000,179400
286,2022-02-28,1.47000,1.48000,1.41000,1.43000,86100
287,2022-02-25,1.41000,1.46000,1.35000,1.45000,390500
288,2022-02-24,1.22000,1.33000,1.19000,1.33000,225700
289,2022-02-23,1.31000,1.35000,1.28000,1.30000,183200
290,2022-02-22,1.25000,1.35000,1.22000,1.31000,327900
291,2022-02-18,1.54000,1.55000,1.26000,1.26000,711100
292,2022-02-17,1.65000,1.70000,1.51000,1.55000,309800
293,2022-02-16,1.57000,1.63000,1.53000,1.63000,262500
294,2022-02-15,1.68000,1.77000,1.50000,1.54000,816000
295,2022-02-14,1.73000,1.79000,1.62000,1.63000,351800
296,2022-02-11,1.91000,1.92000,1.71000,1.77000,983900
297,2022-02-10,1.59000,2.28000,1.53000,1.94000,7863700
298,2022-02-09,1.51000,1.60000,1.51000,1.56000,210200
299,2022-02-08,1.51000,1.61000,1.50000,1.53000,262300
300,2022-02-07,1.67000,1.68000,1.56000,1.56000,436500
301,2022-02-04,1.53000,1.65000,1.48000,1.65000,540200
302,2022-02-03,1.62000,1.62000,1.44000,1.56000,1073400
303,2022-02-02,1.61000,1.85000,1.55000,1.68000,2132400
304,2022-02-01,1.54000,1.69000,1.44000,1.57000,2622500
305,2022-01-31,1.13000,1.54000,1.09000,1.51000,4056200
306,2022-01-28,1.05000,1.14000,0.98000,1.13000,4780600
307,2022-01-27,1.08000,1.08000,0.90000,0.92000,2614500
308,2022-01-26,1.24000,1.28000,1.10000,1.11000,42348100
309,2022-01-25,1.10000,1.10000,0.99000,1.02000,88900
310,2022-01-24,1.03000,1.04000,0.93000,1.01000,131500
311,2022-01-21,1.07000,1.08000,1.03000,1.04000,80100
312,2022-01-20,1.09000,1.13000,1.06000,1.09000,82800
313,2022-01-19,1.10000,1.12000,1.06000,1.09000,39800
314,2022-01-18,1.08000,1.14000,1.07000,1.11000,48100
315,2022-01-14,1.13000,1.14000,1.09000,1.12000,61800
316,2022-01-13,1.13000,1.15000,1.11000,1.13000,43800
317,2022-01-12,1.17000,1.20000,1.13000,1.15000,54500
318,2022-01-11,1.17000,1.17000,1.13000,1.17000,97000
319,2022-01-10,1.11000,1.21000,1.11000,1.17000,159700
320,2022-01-07,1.10000,1.16000,1.06000,1.12000,204200
321,2022-01-06,1.13000,1.40000,1.11000,1.12000,1545500
322,2022-01-05,1.15000,1.15000,1.08000,1.09000,64300
323,2022-01-04,1.11000,1.18000,1.08000,1.11000,218800
324,2022-01-03,1.03000,1.13000,1.02000,1.11000,201400
325,2021-12-31,1.07000,1.13000,1.04000,1.04000,203900
326,2021-12-30,1.10000,1.14000,1.04000,1.09000,280500
327,2021-12-29,1.06000,1.12000,1.05000,1.11000,196800
328,2021-12-28,1.17000,1.19000,1.07000,1.07000,221000
329,2021-12-27,1.28000,1.28000,1.18000,1.19000,216500
330,2021-12-23,1.30000,1.31000,1.26000,1.30000,184300
331,2021-12-22,1.28000,1.34000,1.28000,1.30000,83900
332,2021-12-21,1.28000,1.35000,1.24000,1.29000,88900
333,2021-12-20,1.22000,1.37000,1.11000,1.29000,162100
334,2021-12-17,1.33000,1.40000,1.26000,1.32000,109100
335,2021-12-16,1.40000,1.40000,1.34000,1.36000,68600
336,2021-12-15,1.37000,1.40000,1.29000,1.38000,72900
337,2021-12-14,1.46000,1.46000,1.38000,1.39000,35500
338,2021-12-13,1.48000,1.49000,1.40000,1.46000,96800
339,2021-12-10,1.51000,1.56000,1.48000,1.48000,34500
340,2021-12-09,1.59000,1.64000,1.51000,1.52000,32900
341,2021-12-08,1.52000,1.59000,1.50000,1.59000,38900
342,2021-12-07,1.48000,1.59000,1.46000,1.52000,88500
343,2021-12-06,1.41000,1.49000,1.36000,1.46000,102600
344,2021-12-03,1.50000,1.55000,1.40000,1.42000,159400
345,2021-12-02,1.50000,1.59000,1.47000,1.53000,136700
346,2021-12-01,1.59000,1.65000,1.50000,1.50000,115800
347,2021-11-30,1.62000,1.63000,1.53000,1.59000,103900
348,2021-11-29,1.76000,1.76000,1.60000,1.63000,156900
349,2021-11-26,1.60000,1.81000,1.60000,1.70000,96300
350,2021-11-24,1.58000,1.89000,1.55000,1.66000,1566200
351,2021-11-23,1.58000,1.76000,1.50000,1.61000,459000
352,2021-11-22,1.65000,1.67000,1.55000,1.57000,118000
353,2021-11-19,1.67000,1.72000,1.65000,1.67000,130300
354,2021-11-18,1.81000,1.84000,1.70000,1.71000,160900
355,2021-11-17,1.85000,1.90000,1.80000,1.82000,140000
356,2021-11-16,1.92000,1.92000,1.83000,1.87000,98700
357,2021-11-15,1.91000,1.96000,1.89000,1.92000,42500
358,2021-11-12,1.95000,1.97000,1.89000,1.92000,55400
359,2021-11-11,1.96000,1.99000,1.91000,1.92000,74300
360,2021-11-10,2.02000,2.09000,1.90000,1.99000,149500
361,2021-11-09,1.97000,2.07000,1.97000,2.05000,157000
362,2021-11-08,1.97000,1.99000,1.92000,1.98000,76700
363,2021-11-05,2.08000,2.14000,1.95000,2.02000,134000
364,2021-11-04,2.11000,2.18000,2.03000,2.09000,314800
365,2021-11-03,1.88000,2.37000,1.87000,2.12000,2042600
366,2021-11-02,1.91000,1.94000,1.84000,1.88000,78400
367,2021-11-01,1.87000,1.99000,1.86000,1.93000,89400
368,2021-10-29,1.88000,1.95000,1.86000,1.91000,85200
369,2021-10-28,1.86000,1.92000,1.83000,1.89000,59300
370,2021-10-27,1.91000,1.95000,1.82000,1.87000,72200
371,2021-10-26,1.82000,1.94000,1.82000,1.91000,130500
372,2021-10-25,1.81000,1.87000,1.80000,1.81000,59300
373,2021-10-22,1.88000,1.88000,1.82000,1.83000,70500
374,2021-10-21,1.89000,1.92000,1.87000,1.90000,38200
375,2021-10-20,1.91000,1.93000,1.80000,1.90000,109300
376,2021-10-19,1.88000,1.95000,1.87000,1.92000,78900
377,2021-10-18,1.99000,2.00000,1.89000,1.94000,100100
378,2021-10-15,2.10000,2.12000,2.00000,2.02000,75200
379,2021-10-14,2.08000,2.14000,1.94000,2.10000,73800
380,2021-10-13,2.10000,2.13000,2.06000,2.10000,13400
381,2021-10-12,2.07000,2.10000,2.03000,2.10000,32300
382,2021-10-11,2.01000,2.08000,1.98000,2.08000,27100
383,2021-10-08,2.05000,2.09000,1.95000,2.02000,87400
384,2021-10-07,2.00000,2.10000,2.00000,2.06000,60500
385,2021-10-06,2.10000,2.12000,2.05000,2.06000,35500
386,2021-10-05,2.11000,2.15000,2.05000,2.09000,32400
387,2021-10-04,2.08000,2.10000,2.05000,2.08000,48200
388,2021-10-01,2.17000,2.17000,2.05000,2.08000,90500
389,2021-09-30,2.13000,2.18000,2.07000,2.16000,40200
390,2021-09-29,2.16000,2.17000,2.10000,2.11000,47300
391,2021-09-28,2.22000,2.24000,2.12000,2.14000,97500
392,2021-09-27,2.23000,2.30000,2.18000,2.24000,88600
393,2021-09-24,2.21000,2.27000,2.17000,2.25000,66500
394,2021-09-23,2.20000,2.25000,2.16000,2.24000,57000
395,2021-09-22,2.16000,2.23000,2.13000,2.20000,54600
396,2021-09-21,2.12000,2.22000,2.11000,2.16000,146600
397,2021-09-20,2.22000,2.30000,2.15000,2.18000,82800
398,2021-09-17,2.22000,2.33000,2.18000,2.28000,69200
399,2021-09-16,2.22000,2.25000,2.19000,2.25000,86500
400,2021-09-15,2.25000,2.35000,2.21000,2.24000,80400
401,2021-09-14,2.33000,2.37000,2.21000,2.27000,120000
402,2021-09-13,2.32000,2.37000,2.27000,2.32000,44300
403,2021-09-10,2.32000,2.37000,2.25000,2.33000,44100
404,2021-09-09,2.27000,2.34000,2.27000,2.34000,31100
405,2021-09-08,2.32000,2.34000,2.22000,2.29000,72100
406,2021-09-07,2.40000,2.44000,2.30000,2.34000,106800
407,2021-09-03,2.41000,2.49000,2.35000,2.40000,200600
408,2021-09-02,2.40000,2.49000,2.40000,2.44000,49600
409,2021-09-01,2.37000,2.49000,2.35000,2.41000,171800
410,2021-08-31,2.31000,2.40000,2.27000,2.40000,95400
411,2021-08-30,2.40000,2.42000,2.26000,2.32000,113700
412,2021-08-27,2.42000,2.53000,2.39000,2.40000,124600
413,2021-08-26,2.33000,2.45000,2.33000,2.44000,95000
414,2021-08-25,2.34000,2.42000,2.32000,2.35000,53400
415,2021-08-24,2.32000,2.42000,2.32000,2.37000,111000
416,2021-08-23,2.20000,2.37000,2.20000,2.34000,78900
417,2021-08-20,2.15000,2.24000,2.15000,2.18000,64900
418,2021-08-19,2.24000,2.30000,2.15000,2.17000,176600
419,2021-08-18,2.35000,2.37000,2.16000,2.28000,57700
420,2021-08-17,2.23000,2.26000,2.12000,2.22000,192400
421,2021-08-16,2.46000,2.46000,2.24000,2.25000,157500
422,2021-08-13,2.35000,2.40000,2.31000,2.35000,42700
423,2021-08-12,2.39000,2.48000,2.35000,2.35000,58600
424,2021-08-11,2.50000,2.57000,2.38000,2.42000,236800
425,2021-08-10,2.54000,2.59000,2.46000,2.50000,143900
426,2021-08-09,2.50000,2.60000,2.42000,2.55000,154100
427,2021-08-06,2.40000,2.50000,2.35000,2.48000,91400
428,2021-08-05,2.35000,2.43000,2.31000,2.36000,53700
429,2021-08-04,2.43000,2.48000,2.32000,2.35000,118400
430,2021-08-03,2.45000,2.67000,2.44000,2.46000,339100
431,2021-08-02,2.45000,2.46000,2.39000,2.43000,59000
432,2021-07-30,2.50000,2.53000,2.39000,2.45000,276200
433,2021-07-29,2.52000,2.60000,2.41000,2.50000,125000
434,2021-07-28,2.36000,2.51000,2.33000,2.49000,99500
435,2021-07-27,2.34000,2.39000,2.25000,2.32000,127100
436,2021-07-26,2.31000,2.40000,2.30000,2.34000,131700
437,2021-07-23,2.43000,2.49000,2.30000,2.33000,115000
438,2021-07-22,2.42000,2.48000,2.33000,2.44000,72000
439,2021-07-21,2.37000,2.50000,2.36000,2.45000,137000
440,2021-07-20,2.35000,2.47000,2.34000,2.38000,314100
441,2021-07-19,2.38000,2.45000,2.25000,2.37000,531200
442,2021-07-16,2.42000,2.52000,2.38000,2.38000,117500
443,2021-07-15,2.45000,2.56000,2.34000,2.42000,128000
444,2021-07-14,2.60000,2.68000,2.45000,2.47000,222200
445,2021-07-13,2.59000,2.66000,2.52000,2.59000,159000
446,2021-07-12,2.59000,2.67000,2.54000,2.63000,87200
447,2021-07-09,2.60000,2.63000,2.50000,2.59000,97800
448,2021-07-08,2.50000,2.60000,2.45000,2.56000,235500
449,2021-07-07,2.69000,2.75000,2.52000,2.56000,273000
450,2021-07-06,2.80000,2.81000,2.62000,2.67000,388800
451,2021-07-02,2.76000,2.83000,2.71000,2.74000,192600
452,2021-07-01,2.80000,2.84000,2.73000,2.81000,170300
453,2021-06-30,2.73000,2.83000,2.72000,2.80000,169400
454,2021-06-29,2.90000,2.91000,2.72000,2.72000,270000
455,2021-06-28,2.92000,2.94000,2.80000,2.87000,226600
456,2021-06-25,2.78000,2.93000,2.74000,2.92000,423900
457,2021-06-24,2.92000,2.94000,2.78000,2.84000,237400
458,2021-06-23,2.64000,2.90000,2.64000,2.86000,420400
459,2021-06-22,2.62000,2.70000,2.55000,2.68000,171600
460,2021-06-21,2.63000,2.66000,2.53000,2.66000,246900
461,2021-06-18,2.70000,2.85000,2.63000,2.63000,381800
462,2021-06-17,2.56000,2.75000,2.53000,2.72000,417900
463,2021-06-16,2.60000,2.62000,2.46000,2.60000,291600
464,2021-06-15,2.67000,2.69000,2.56000,2.58000,226200
465,2021-06-14,2.62000,2.75000,2.62000,2.68000,515800
466,2021-06-11,2.58000,2.67000,2.58000,2.64000,258000
467,2021-06-10,2.65000,2.74000,2.54000,2.57000,435700
468,2021-06-09,2.87000,2.95000,2.61000,2.61000,1151700
469,2021-06-08,3.12000,3.14000,2.66000,2.94000,2609600
470,2021-06-07,2.35000,3.28000,2.32000,3.00000,10819500
471,2021-06-04,2.37000,2.37000,2.28000,2.30000,123600
472,2021-06-03,2.44000,2.46000,2.33000,2.35000,208900
473,2021-06-02,2.43000,2.53000,2.41000,2.49000,138500
474,2021-06-01,2.39000,2.48000,2.27000,2.42000,186400
475,2021-05-28,2.48000,2.48000,2.35000,2.38000,160200
476,2021-05-27,2.35000,2.48000,2.35000,2.48000,315500
477,2021-05-26,2.20000,2.36000,2.18000,2.34000,325300
478,2021-05-25,2.23000,2.29000,2.17000,2.20000,91400
479,2021-05-24,2.34000,2.34000,2.23000,2.24000,170200
480,2021-05-21,2.31000,2.45000,2.18000,2.33000,907500
481,2021-05-20,2.24000,2.30000,2.20000,2.26000,147600
482,2021-05-19,2.16000,2.30000,2.12000,2.24000,169900
483,2021-05-18,2.17000,2.30000,2.17000,2.28000,227700
484,2021-05-17,2.15000,2.31000,2.13000,2.16000,331500
485,2021-05-14,2.07000,2.15000,2.01000,2.11000,143000
486,2021-05-13,2.09000,2.15000,1.97000,2.01000,219800
487,2021-05-12,2.12000,2.15000,2.05000,2.06000,109000
488,2021-05-11,2.09000,2.19000,2.03000,2.15000,212100
489,2021-05-10,2.20000,2.22000,2.12000,2.15000,284300
490,2021-05-07,2.20000,2.33000,2.19000,2.23000,180500
491,2021-05-06,2.38000,2.38000,2.18000,2.23000,279100
492,2021-05-05,2.50000,2.54000,2.35000,2.37000,271800
493,2021-05-04,2.60000,2.60000,2.41000,2.50000,317000
494,2021-05-03,2.75000,2.76000,2.53000,2.64000,489800
495,2021-04-30,2.55000,2.60000,2.51000,2.58000,152300
496,2021-04-29,2.62000,2.65000,2.51000,2.56000,204100
497,2021-04-28,2.49000,2.66000,2.44000,2.66000,319400
498,2021-04-27,2.55000,2.59000,2.44000,2.50000,595400
499,2021-04-26,2.46000,2.61000,2.46000,2.55000,247700
500,2021-04-23,2.41000,2.50000,2.38000,2.47000,155000
501,2021-04-22,2.51000,2.54000,2.36000,2.43000,278300
502,2021-04-21,2.36000,2.53000,2.32000,2.49000,398600
503,2021-04-20,2.33000,2.37000,2.21000,2.32000,245900
504,2021-04-19,2.38000,2.40000,2.28000,2.33000,346100
505,2021-04-16,2.42000,2.46000,2.27000,2.41000,524200
506,2021-04-15,2.52000,2.55000,2.38000,2.42000,416800
507,2021-04-14,2.58000,2.60000,2.47000,2.51000,579900
508,2021-04-13,2.51000,2.61000,2.48000,2.54000,218000
509,2021-04-12,2.74000,2.74000,2.47000,2.52000,412800
510,2021-04-09,2.78000,2.86000,2.71000,2.71000,256900
511,2021-04-08,2.95000,2.96000,2.75000,2.82000,349300
512,2021-04-07,2.98000,2.98000,2.86000,2.87000,235900
513,2021-04-06,2.89000,2.99000,2.82000,2.90000,258100
514,2021-04-05,2.95000,3.04000,2.83000,2.88000,294400
515,2021-04-01,3.02000,3.07000,2.92000,2.93000,386900
516,2021-03-31,3.10000,3.12000,2.97000,2.98000,566300
517,2021-03-30,2.98000,3.15000,2.86000,3.05000,304700
518,2021-03-29,3.10000,3.18000,2.98000,3.03000,278200
519,2021-03-26,3.18000,3.37000,3.07000,3.15000,630000
520,2021-03-25,2.94000,3.22000,2.90000,3.17000,370600
521,2021-03-24,3.23000,3.37000,3.01000,3.02000,334700
522,2021-03-23,3.42000,3.43000,3.17000,3.19000,348800
523,2021-03-22,3.52000,3.54000,3.38000,3.43000,538100
524,2021-03-19,3.45000,3.65000,3.38000,3.56000,648800
525,2021-03-18,3.47000,3.75000,3.32000,3.45000,584600
526,2021-03-17,3.53000,3.80000,3.42000,3.59000,809600
527,2021-03-16,3.84000,4.15000,3.50000,3.64000,3583800
528,2021-03-15,3.70000,3.70000,3.51000,3.56000,706600
529,2021-03-12,3.31000,4.16000,3.22000,3.71000,3394500
530,2021-03-11,3.15000,3.32000,3.08000,3.31000,639900
531,2021-03-10,3.17000,3.21000,3.01000,3.08000,532300
532,2021-03-09,2.88000,3.18000,2.88000,3.05000,748100
533,2021-03-08,2.88000,3.04000,2.80000,2.87000,643500
534,2021-03-05,3.01000,3.05000,2.61000,2.88000,806400
535,2021-03-04,3.34000,3.43000,2.86000,2.96000,1467600
536,2021-03-03,3.41000,3.55000,3.29000,3.36000,891300
537,2021-03-02,3.68000,3.79000,3.43000,3.49000,1296000
538,2021-03-01,3.80000,3.87000,3.60000,3.78000,1269000
539,2021-02-26,3.85000,4.00000,3.53000,3.72000,1779200
540,2021-02-25,4.10000,4.21000,3.70000,3.70000,2470800
541,2021-02-24,4.03000,4.63000,4.02000,4.22000,2743800
542,2021-02-23,4.45000,4.46000,3.75000,3.99000,3973600
543,2021-02-22,5.50000,5.79000,5.02000,5.11000,15415700
544,2021-02-19,5.95000,9.56000,4.70000,4.88000,278622000
545,2021-02-18,2.95000,2.98000,2.76000,2.87000,196200
546,2021-02-17,3.14000,3.17000,2.87000,2.99000,252600
547,2021-02-16,3.17000,3.31000,3.04000,3.19000,459100
548,2021-02-12,3.12000,3.21000,3.06000,3.19000,326000
549,2021-02-11,3.16000,3.28000,3.05000,3.09000,385000
550,2021-02-10,3.32000,3.36000,2.81000,3.14000,854000
551,2021-02-09,3.35000,3.35000,3.20000,3.28000,360200
552,2021-02-08,3.16000,3.38000,3.12000,3.27000,688900
553,2021-02-05,3.33000,3.35000,2.96000,3.08000,1452800
554,2021-02-04,2.95000,3.49000,2.76000,3.45000,3268100
555,2021-02-03,2.85000,2.89000,2.71000,2.86000,1100500
556,2021-02-02,2.51000,3.30000,2.45000,2.86000,2933400
557,2021-02-01,2.43000,2.51000,2.36000,2.50000,334000
558,2021-01-29,2.42000,2.50000,2.30000,2.36000,284800
559,2021-01-28,2.44000,2.52000,2.39000,2.40000,317800
560,2021-01-27,2.70000,2.75000,2.38000,2.45000,570000
561,2021-01-26,2.72000,2.80000,2.64000,2.70000,469900
562,2021-01-25,2.57000,2.77000,2.51000,2.76000,739500
563,2021-01-22,2.77000,2.85000,2.51000,2.55000,1337300
564,2021-01-21,2.61000,2.74000,2.50000,2.67000,736200
565,2021-01-20,2.44000,2.59000,2.36000,2.51000,328800
566,2021-01-19,2.41000,2.52000,2.38000,2.47000,275700
567,2021-01-15,2.59000,2.59000,2.36000,2.40000,317300
568,2021-01-14,2.44000,2.60000,2.40000,2.56000,443400
569,2021-01-13,2.45000,2.48000,2.32000,2.42000,352000
570,2021-01-12,2.50000,2.65000,2.41000,2.52000,1200500
571,2021-01-11,2.31000,2.44000,2.28000,2.38000,801300
572,2021-01-08,2.30000,2.34000,2.22000,2.32000,514300
573,2021-01-07,2.16000,2.25000,2.13000,2.23000,283200
574,2021-01-06,2.14000,2.22000,2.09000,2.10000,373300
575,2021-01-05,2.10000,2.15000,2.08000,2.13000,138100
576,2021-01-04,2.10000,2.13000,2.04000,2.09000,139100
577,2020-12-31,2.15000,2.15000,2.00000,2.07000,294000
578,2020-12-30,2.04000,2.15000,2.01000,2.13000,320200
579,2020-12-29,2.12000,2.12000,2.00000,2.04000,379000
580,2020-12-28,2.25000,2.25000,2.12000,2.14000,213400
581,2020-12-24,2.35000,2.35000,2.16000,2.21000,277900
582,2020-12-23,2.21000,2.35000,2.16000,2.30000,472900
583,2020-12-22,2.20000,2.28000,2.08000,2.18000,751300
584,2020-12-21,1.99000,2.20000,1.98000,2.13000,695400
585,2020-12-18,2.06000,2.09000,2.01000,2.01000,215500
586,2020-12-17,2.05000,2.09000,2.00000,2.05000,207400
587,2020-12-16,2.04000,2.06000,2.00000,2.02000,154200
588,2020-12-15,2.02000,2.08000,1.97000,2.03000,292600
589,2020-12-14,2.16000,2.19000,1.97000,1.98000,441800
590,2020-12-11,2.27000,2.32000,2.05000,2.12000,492600
591,2020-12-10,2.20000,2.36000,2.19000,2.26000,263100
592,2020-12-09,2.35000,2.39000,2.20000,2.30000,608000
593,2020-12-08,2.07000,2.45000,2.05000,2.35000,1461600
594,2020-12-07,2.14000,2.18000,2.04000,2.06000,436400
595,2020-12-04,2.10000,2.14000,2.07000,2.12000,184000
596,2020-12-03,2.08000,2.13000,2.02000,2.09000,196400
597,2020-12-02,2.06000,2.09000,2.02000,2.08000,203700
598,2020-12-01,2.14000,2.21000,2.06000,2.08000,444700
599,2020-11-30,2.11000,2.13000,2.04000,2.11000,326700
600,2020-11-27,2.12000,2.15000,2.08000,2.10000,293000
601,2020-11-25,2.02000,2.12000,2.00000,2.07000,471400
602,2020-11-24,2.01000,2.05000,1.96000,1.98000,363800
603,2020-11-23,1.98000,2.09000,1.95000,2.05000,485800
604,2020-11-20,1.99000,2.00000,1.94000,1.96000,284500
605,2020-11-19,2.04000,2.04000,1.88000,1.96000,328400
606,2020-11-18,1.96000,2.09000,1.94000,2.00000,576900
607,2020-11-17,1.96000,1.96000,1.90000,1.96000,288800
608,2020-11-16,2.00000,2.00000,1.84000,1.97000,372500
609,2020-11-13,2.09000,2.18000,1.96000,1.99000,768000
610,2020-11-12,2.11000,2.15000,1.93000,1.98000,697100
611,2020-11-11,2.05000,2.29000,2.00000,2.19000,1370900
612,2020-11-10,1.82000,3.21000,1.72000,2.30000,12456700
613,2020-11-09,1.86000,1.86000,1.76000,1.82000,333000
614,2020-11-06,1.80000,1.82000,1.71000,1.75000,306200
615,2020-11-05,1.81000,1.87000,1.76000,1.79000,209900
616,2020-11-04,1.80000,1.84000,1.76000,1.83000,279800
617,2020-11-03,1.73000,1.77000,1.71000,1.76000,109800
618,2020-11-02,1.73000,1.79000,1.64000,1.77000,362100
619,2020-10-30,1.77000,1.79000,1.70000,1.72000,321600
620,2020-10-29,1.83000,1.87000,1.73000,1.77000,252100
621,2020-10-28,1.86000,1.86000,1.74000,1.80000,430000
622,2020-10-27,2.00000,2.02000,1.86000,1.89000,267300
623,2020-10-26,2.01000,2.07000,1.92000,2.00000,569100
624,2020-10-23,1.96000,1.96000,1.85000,1.88000,199000
625,2020-10-22,1.79000,1.92000,1.76000,1.89000,437200
626,2020-10-21,1.98000,1.98000,1.78000,1.83000,598800
627,2020-10-20,2.06000,2.06000,1.87000,1.96000,868000
628,2020-10-19,2.02000,2.12000,1.98000,2.06000,1057900
629,2020-10-16,2.05000,2.06000,1.95000,1.98000,696100
630,2020-10-15,2.04000,2.11000,1.95000,2.04000,656800
631,2020-10-14,2.12000,2.12000,2.00000,2.05000,821500
632,2020-10-13,2.13000,2.14000,2.03000,2.06000,1409800
633,2020-10-12,2.04000,2.19000,1.90000,2.09000,2398300
634,2020-10-09,1.74000,2.29000,1.71000,2.22000,6795300
635,2020-10-08,1.68000,1.73000,1.66000,1.69000,496500
636,2020-10-07,1.66000,1.69000,1.65000,1.68000,306500
637,2020-10-06,1.71000,1.72000,1.65000,1.66000,467700
638,2020-10-05,1.72000,1.74000,1.68000,1.70000,486400
639,2020-10-02,1.69000,1.76000,1.68000,1.70000,439600
640,2020-10-01,1.72000,1.76000,1.71000,1.75000,570400
641,2020-09-30,1.77000,1.82000,1.75000,1.78000,702900
642,2020-09-29,1.70000,1.82000,1.63000,1.81000,998100
643,2020-09-28,1.81000,1.83000,1.72000,1.75000,1225600
644,2020-09-25,1.78000,2.00000,1.77000,1.79000,5700900
645,2020-09-24,1.72000,1.85000,1.70000,1.81000,1302100
646,2020-09-23,2.19000,2.22000,1.85000,1.86000,3787900
647,2020-09-22,2.29000,2.54000,2.26000,2.32000,11151400
648,2020-09-21,5.60000,5.75000,5.14000,5.47000,230000
649,2020-09-18,6.00000,6.18000,5.45000,5.65000,417400
650,2020-09-17,6.06000,6.61000,5.78000,5.93000,6326800
651,2020-09-16,5.61000,5.65000,5.27000,5.29000,87700
652,2020-09-15,5.20000,5.76000,5.03000,5.64000,123500
653,2020-09-14,4.89000,5.44000,4.78000,5.21000,206400
654,2020-09-11,4.90000,5.06000,4.72000,4.78000,88800
655,2020-09-10,5.10000,5.10000,4.72000,4.81000,102400
656,2020-09-09,5.19000,5.20000,5.06000,5.20000,47000
657,2020-09-08,4.93000,5.24000,4.74000,5.05000,124900
658,2020-09-04,5.05000,5.17000,4.68000,4.96000,99900
659,2020-09-03,5.40000,5.41000,4.98000,5.09000,162000
660,2020-09-02,5.16000,5.54000,5.02000,5.41000,129200
661,2020-09-01,5.63000,5.69000,5.08000,5.22000,261400
662,2020-08-31,5.43000,5.75000,5.35000,5.67000,125000
663,2020-08-28,5.05000,5.60000,4.94000,5.29000,93600
664,2020-08-27,5.12000,5.46000,4.94000,5.09000,91900
665,2020-08-26,5.12000,5.44000,5.03000,5.18000,196600
666,2020-08-25,5.06000,5.40000,4.98000,5.16000,181300
667,2020-08-24,5.52000,5.52000,4.93000,5.18000,298300
668,2020-08-21,5.61000,5.65000,5.32000,5.38000,132000
669,2020-08-20,5.59000,5.81000,5.48000,5.70000,143200
670,2020-08-19,5.77000,5.85000,5.50000,5.62000,158800
671,2020-08-18,5.98000,6.06000,5.71000,5.87000,173500
672,2020-08-17,5.98000,6.11000,5.90000,6.04000,98300
673,2020-08-14,5.62000,6.45000,5.43000,6.14000,226500
674,2020-08-13,5.48000,5.78000,5.32000,5.49000,132000
675,2020-08-12,5.55000,5.90000,5.30000,5.52000,352400
676,2020-08-11,5.70000,5.94000,5.55000,5.58000,252300
677,2020-08-10,6.00000,6.17000,5.65000,5.72000,186300
678,2020-08-07,6.40000,6.57000,5.90000,5.97000,292500
679,2020-08-06,6.66000,6.74000,6.23000,6.45000,180800
680,2020-08-05,6.95000,7.20000,6.67000,6.76000,204300
681,2020-08-04,6.44000,6.91000,6.22000,6.67000,175500
682,2020-08-03,6.28000,6.40000,5.84000,6.40000,200400
683,2020-07-31,6.26000,6.45000,6.01000,6.33000,170600
684,2020-07-30,5.73000,6.90000,5.66000,6.28000,309400
685,2020-07-29,6.27000,6.34000,5.65000,5.82000,245900
686,2020-07-28,6.39000,6.48000,6.03000,6.34000,152500
687,2020-07-27,7.01000,7.15000,6.15000,6.49000,374700
688,2020-07-24,7.54000,7.54000,7.00000,7.04000,206600
689,2020-07-23,7.65000,7.87000,7.31000,7.55000,344200
690,2020-07-22,8.00000,8.32000,7.58000,7.78000,464900
691,2020-07-21,7.65000,8.44000,7.60000,8.19000,573200
692,2020-07-20,8.23000,8.68000,7.17000,7.90000,1932200
693,2020-07-17,8.93000,9.40000,7.17000,7.94000,19584700
694,2020-07-16,5.29000,5.85000,4.90000,5.66000,350500
695,2020-07-15,5.38000,5.64000,4.92000,5.16000,345400
696,2020-07-14,4.65000,6.64000,4.64000,5.44000,2228900
697,2020-07-13,4.39000,4.95000,4.36000,4.65000,495500
698,2020-07-10,3.95000,4.17000,3.71000,3.95000,480400
699,2020-07-09,3.58000,5.00000,3.50000,4.26000,2154700
700,2020-07-08,3.93000,3.93000,3.51000,3.60000,163000
701,2020-07-07,3.71000,3.85000,3.42000,3.75000,297500
702,2020-07-06,3.40000,3.82000,3.30000,3.60000,194200
703,2020-07-02,3.42000,3.50000,3.27000,3.33000,46800
704,2020-07-01,3.61000,3.65000,3.28000,3.47000,49100
705,2020-06-30,3.39000,3.61000,3.39000,3.61000,58100
706,2020-06-29,3.80000,3.84000,3.38000,3.42000,69800
707,2020-06-26,3.46000,3.93000,3.46000,3.60000,219400
708,2020-06-25,3.39000,3.50000,3.22000,3.49000,66100
709,2020-06-24,3.51000,3.51000,3.25000,3.28000,56300
710,2020-06-23,3.53000,3.55000,3.44000,3.49000,20000
711,2020-06-22,3.52000,3.58000,3.45000,3.50000,24400
712,2020-06-19,3.43000,3.61000,3.40000,3.50000,48400
713,2020-06-18,3.50000,3.53000,3.39000,3.43000,36900
714,2020-06-17,3.51000,3.55000,3.46000,3.50000,31200
715,2020-06-16,3.63000,3.63000,3.41000,3.50000,41000
716,2020-06-15,3.50000,3.60000,3.40000,3.48000,16900
717,2020-06-12,3.59000,3.59000,3.40000,3.47000,20600
718,2020-06-11,3.71000,3.71000,3.30000,3.51000,66200
719,2020-06-10,3.68000,3.68000,3.57000,3.64000,33500
720,2020-06-09,3.70000,3.72000,3.55000,3.62000,83200
721,2020-06-08,3.64000,3.72000,3.60000,3.69000,65000
722,2020-06-05,3.85000,3.87000,3.59000,3.64000,50000
723,2020-06-04,3.69000,3.75000,3.60000,3.70000,64200
724,2020-06-03,3.76000,3.76000,3.62000,3.69000,25500
725,2020-06-02,3.74000,3.82000,3.60000,3.77000,51300
726,2020-06-01,3.84000,3.84000,3.65000,3.73000,17400
727,2020-05-29,3.90000,3.95000,3.71000,3.84000,38200
728,2020-05-28,3.80000,3.82000,3.63000,3.70000,27100
729,2020-05-27,3.77000,3.85000,3.65000,3.77000,32300
730,2020-05-26,3.93000,3.93000,3.75000,3.85000,49900
731,2020-05-22,3.94000,3.97000,3.70000,3.86000,35700
732,2020-05-21,3.98000,3.98000,3.84000,3.93000,27300
733,2020-05-20,3.88000,4.00000,3.76000,3.94000,45600
734,2020-05-19,3.80000,3.90000,3.65000,3.81000,46000
735,2020-05-18,3.98000,4.05000,3.71000,3.80000,66100
736,2020-05-15,4.04000,4.10000,3.75000,3.80000,44100
737,2020-05-14,3.75000,4.09000,3.54000,3.95000,98900
738,2020-05-13,3.90000,3.91000,3.54000,3.65000,36800
739,2020-05-12,3.86000,3.91000,3.73000,3.85000,31000
740,2020-05-11,3.82000,3.88000,3.75000,3.75000,61100
741,2020-05-08,3.67000,3.89000,3.59000,3.75000,40000
742,2020-05-07,3.65000,3.78000,3.60000,3.60000,22400
743,2020-05-06,3.64000,3.68000,3.55000,3.65000,23500
744,2020-05-05,3.70000,3.80000,3.51000,3.69000,89100
745,2020-05-04,3.68000,3.76000,3.55000,3.63000,55200
746,2020-05-01,3.77000,3.77000,3.51000,3.65000,43400
747,2020-04-30,4.06000,4.13000,3.38000,3.65000,182400
748,2020-04-29,4.17000,4.24000,3.85000,4.11000,127600
749,2020-04-28,4.40000,4.44000,4.20000,4.24000,127800
750,2020-04-27,4.57000,4.60000,4.11000,4.17000,434300
751,2020-04-24,3.60000,4.19000,3.60000,3.88000,196800
752,2020-04-23,3.63000,3.67000,3.50000,3.60000,13800
753,2020-04-22,3.53000,3.69000,3.53000,3.63000,22500
754,2020-04-21,3.69000,3.70000,3.52000,3.54000,36200
755,2020-04-20,3.80000,3.83000,3.70000,3.78000,27700
756,2020-04-17,3.93000,3.93000,3.52000,3.83000,24500
757,2020-04-16,3.70000,3.90000,3.65000,3.82000,44300
758,2020-04-15,3.63000,3.77000,3.50000,3.71000,19200
759,2020-04-14,3.82000,3.92000,3.70000,3.72000,27800
760,2020-04-13,3.85000,3.99000,3.77000,3.78000,10300
761,2020-04-09,3.99000,4.03000,3.72000,3.90000,20800
762,2020-04-08,4.09000,4.09000,3.75000,3.98000,4000
763,2020-04-07,4.10000,4.10000,3.82000,3.82000,31700
764,2020-04-06,4.15000,4.15000,3.85000,3.85000,9600
765,2020-04-03,3.76000,4.07000,3.59000,3.82000,9300
766,2020-04-02,3.99000,4.09000,3.56000,3.59000,13300
767,2020-04-01,4.00000,4.00000,3.70000,3.95000,8800
768,2020-03-31,4.00000,4.10000,3.80000,4.00000,23600
769,2020-03-30,4.10000,4.46000,4.02000,4.02000,21300
770,2020-03-27,4.32000,4.56000,4.06000,4.06000,11200
771,2020-03-26,4.53000,4.69000,4.29000,4.42000,10300
772,2020-03-25,4.37000,4.53000,4.27000,4.40000,4900
773,2020-03-24,4.63000,4.69000,4.04000,4.07000,26000
774,2020-03-23,4.21000,4.69000,4.21000,4.49000,14400
775,2020-03-20,4.11000,5.00000,4.11000,4.25000,13700
776,2020-03-19,4.62000,4.62000,4.05000,4.34000,14200
777,2020-03-18,4.35000,4.73000,4.00000,4.40000,13600
778,2020-03-17,4.45000,4.75000,3.96000,4.01000,17200
779,2020-03-16,4.15000,4.99000,4.15000,4.74000,18700
780,2020-03-13,4.46000,4.46000,3.80000,3.96000,20500
781,2020-03-12,4.17000,4.49000,4.10000,4.46000,11300
782,2020-03-11,4.50000,4.53000,4.11000,4.17000,9200
783,2020-03-10,4.35000,4.63000,4.10000,4.50000,34500
784,2020-03-09,5.00000,5.21000,4.22000,4.65000,12400
785,2020-03-06,4.92000,5.36000,4.80000,4.80000,16900
786,2020-03-05,4.91000,5.06000,4.78000,4.78000,15000
787,2020-03-04,4.87000,5.42000,4.87000,5.10000,21900
788,2020-03-03,5.49000,5.49000,4.82000,4.86000,36300
789,2020-03-02,5.60000,5.60000,4.89000,5.28000,10400
790,2020-02-28,6.44000,7.11000,4.89000,5.35000,52700
791,2020-02-27,7.20000,7.35000,6.25000,6.55000,33600
792,2020-02-26,6.01000,7.35000,6.01000,6.75000,60400
793,2020-02-25,6.35000,6.50000,6.06000,6.06000,21100
794,2020-02-24,5.50000,6.40000,5.50000,6.35000,21900
795,2020-02-21,5.81000,5.94000,5.51000,5.51000,4500
796,2020-02-20,5.78000,5.99000,5.57000,5.62000,10600
797,2020-02-19,5.44000,5.95000,5.35000,5.60000,35100
798,2020-02-18,5.43000,5.69000,5.11000,5.41000,21000
799,2020-02-14,5.89000,5.89000,5.42000,5.64000,21000
800,2020-02-13,6.46000,6.79000,5.91000,5.92000,27000
801,2020-02-12,6.23000,6.84000,6.23000,6.48000,11400
802,2020-02-11,6.62000,6.69000,6.26000,6.49000,11200
803,2020-02-10,6.15000,6.99000,6.15000,6.51000,18600
804,2020-02-07,6.75000,6.77000,6.15000,6.21000,12400
805,2020-02-06,6.75000,7.57000,6.15000,6.43000,20700
806,2020-02-05,6.60000,6.95000,6.22000,6.22000,12300
807,2020-02-04,7.23000,8.02000,6.40000,6.70000,63200
808,2020-02-03,7.77000,8.99000,7.02000,7.20000,50300
809,2020-01-31,7.32000,7.64000,6.50000,6.95000,51200
810,2020-01-30,7.42000,8.09000,6.91000,7.50000,54000
811,2020-01-29,8.28000,9.60000,7.31000,7.42000,88300
812,2020-01-28,7.80000,8.84000,7.50000,8.37000,173100
813,2020-01-27,9.70000,12.23000,7.03000,7.03000,426500
814,2020-01-24,5.25000,8.25000,5.22000,6.89000,163300
815,2020-01-23,5.29000,5.42000,5.08000,5.08000,4500
816,2020-01-22,5.22000,5.30000,5.10000,5.30000,4800
817,2020-01-21,5.11000,5.22000,5.01000,5.22000,2700
818,2020-01-17,5.10000,5.11000,5.00000,5.09000,4100
819,2020-01-16,5.18000,5.18000,5.00000,5.06000,1600
820,2020-01-15,5.04000,5.31000,4.88000,5.00000,5300
821,2020-01-14,5.10000,5.10000,5.00000,5.07000,2800
822,2020-01-13,4.99000,5.49000,4.96000,5.25000,10800
823,2020-01-10,4.99000,5.13000,4.90000,4.96000,5900
824,2020-01-09,5.03000,5.20000,4.90000,4.95000,8600
825,2020-01-08,5.08000,5.23000,4.90000,4.91000,2900
826,2020-01-07,4.99000,5.05000,4.90000,4.90000,3800
827,2020-01-06,4.91000,5.05000,4.91000,4.99000,1200
828,2020-01-03,4.91000,5.39000,4.91000,4.94000,3300
829,2020-01-02,5.05000,5.24000,4.94000,5.01000,5000
830,2019-12-31,4.82000,4.93000,4.82000,4.85000,2900
831,2019-12-30,5.12000,5.39000,4.91000,4.91000,1700
832,2019-12-27,5.46000,5.46000,5.01000,5.14000,6900
833,2019-12-26,4.90000,5.32000,4.80000,5.01000,1900
834,2019-12-24,5.00000,5.79000,4.78000,5.24000,3700
835,2019-12-23,4.99000,5.53000,4.85000,5.01000,5300
836,2019-12-20,5.42000,5.42000,4.66000,5.35000,32900
837,2019-12-19,5.66000,6.11000,5.58000,5.58000,3200
838,2019-12-18,6.03000,6.17000,5.80000,5.85000,21300
839,2019-12-17,6.00000,6.20000,5.77000,5.88000,27100
840,2019-12-16,5.34000,5.93000,5.34000,5.60000,11500
841,2019-12-13,5.62000,6.00000,5.50000,5.52000,18600
842,2019-12-12,5.40000,5.75000,5.10000,5.25000,10100
843,2019-12-11,5.32000,6.00000,5.10000,5.27000,27500
844,2019-12-10,5.49000,5.50000,4.90000,4.90000,9500
845,2019-12-09,4.88000,5.19000,4.86000,4.86000,2000
846,2019-12-06,5.15000,5.15000,4.56000,4.80000,5000
847,2019-12-05,5.40000,5.40000,4.96000,4.96000,3600
848,2019-12-04,5.00000,5.00000,4.95000,4.95000,2600
849,2019-12-03,5.21000,5.50000,4.99000,5.00000,5300
850,2019-12-02,5.00000,5.00000,4.95000,4.95000,3300
851,2019-11-29,4.89000,4.95000,4.76000,4.95000,900
852,2019-11-27,4.85000,4.85000,4.75000,4.75000,1600
853,2019-11-26,4.85000,4.85000,4.85000,4.85000,100
854,2019-11-25,4.85000,4.85000,4.85000,4.85000,400
855,2019-11-22,4.65000,4.65000,4.60000,4.61000,1300
856,2019-11-21,4.78000,4.80000,4.60000,4.60000,900
857,2019-11-20,4.95000,5.13000,4.75000,4.75000,3300
858,2019-11-19,5.42000,5.42000,4.60000,4.60000,2700
859,2019-11-18,5.05000,5.05000,4.60000,4.60000,1000
860,2019-11-15,5.00000,5.38000,5.00000,5.00000,1200
861,2019-11-14,4.75000,4.75000,4.75000,4.75000,100
862,2019-11-13,5.50000,5.50000,4.56000,4.56000,1700
863,2019-11-12,4.93000,5.40000,4.93000,5.40000,1200
864,2019-11-11,5.49000,5.49000,4.82000,4.82000,4600
865,2019-11-08,5.45000,5.45000,5.45000,5.45000,100
866,2019-11-07,5.45000,5.45000,5.45000,5.45000,600
867,2019-11-06,4.86000,5.00000,4.82000,5.00000,6300
868,2019-11-05,5.01000,5.01000,4.94000,5.00000,2600
869,2019-11-04,5.25000,5.25000,4.57000,4.78000,4900
870,2019-11-01,5.00000,5.50000,5.00000,5.01000,1100
871,2019-10-31,5.63000,5.65000,5.55000,5.55000,1500
872,2019-10-30,5.69000,5.69000,5.69000,5.69000,400
873,2019-10-29,6.26000,6.26000,5.63000,5.69000,700
874,2019-10-28,6.45000,6.45000,6.45000,6.45000,200
875,2019-10-25,5.90000,6.45000,5.90000,6.45000,2100
876,2019-10-24,5.39000,6.00000,4.98000,5.97000,10100
877,2019-10-23,4.80000,5.01000,4.60000,4.72000,2200
878,2019-10-22,5.33000,5.39000,4.78000,5.20000,6500
879,2019-10-21,5.77000,5.77000,5.08000,5.53000,5200
880,2019-10-18,5.51000,5.99000,5.51000,5.99000,400
881,2019-10-17,5.56000,5.56000,5.56000,5.56000,300
882,2019-10-16,5.58000,5.58000,5.58000,5.58000,100
883,2019-10-15,6.11000,6.15000,5.54000,5.58000,3000
884,2019-10-14,5.97000,6.05000,5.96000,5.99000,1500
885,2019-10-11,6.02000,6.02000,6.02000,6.02000,300
886,2019-10-10,6.34000,6.34000,5.73000,5.90000,4300
887,2019-10-09,6.80000,6.80000,6.80000,6.80000,100
888,2019-10-08,6.00000,6.80000,6.00000,6.80000,700
889,2019-10-07,6.65000,6.65000,6.24000,6.24000,2700
890,2019-10-04,7.10000,7.10000,6.66000,6.66000,2400
891,2019-10-03,7.06000,7.06000,6.65000,6.74000,1600
892,2019-10-02,7.10000,7.20000,6.91000,6.91000,6100
893,2019-10-01,7.27000,7.60000,7.03000,7.45000,2900
894,2019-09-30,7.28000,7.83000,7.09000,7.17000,30400
895,2019-09-27,7.81000,7.81000,6.69000,7.22000,20000
896,2019-09-26,7.95000,7.95000,7.25000,7.66000,15300
897,2019-09-25,7.90000,7.96000,6.93000,7.70000,18400
898,2019-09-24,7.25000,7.96000,7.00000,7.93000,45700
899,2019-09-23,7.97000,7.97000,6.92000,7.19000,19300
900,2019-09-20,6.55000,7.36000,6.55000,7.31000,8400
901,2019-09-19,6.12000,6.85000,6.03000,6.55000,10200
902,2019-09-18,5.63000,6.07000,5.63000,6.07000,5900
903,2019-09-17,5.84000,5.90000,5.84000,5.90000,800
904,2019-09-16,5.90000,6.25000,5.90000,6.08000,4200
905,2019-09-13,5.62000,6.00000,5.60000,5.97000,2200
906,2019-09-12,5.89000,5.98000,5.88000,5.98000,1300
907,2019-09-11,5.85000,5.96000,5.33000,5.77000,8200
908,2019-09-10,5.70000,5.95000,5.32000,5.84000,6000
909,2019-09-09,5.95000,6.01000,5.70000,5.80000,5200
910,2019-09-06,6.00000,6.02000,5.63000,5.97000,10200
911,2019-09-05,5.45000,6.00000,5.45000,5.99000,2200
912,2019-09-04,5.51000,5.80000,5.43000,5.43000,1200
913,2019-09-03,5.72000,5.74000,5.40000,5.40000,500
914,2019-08-30,5.72000,5.74000,5.70000,5.74000,800
915,2019-08-29,5.69000,5.73000,5.61000,5.72000,1100
916,2019-08-28,5.80000,5.80000,5.38000,5.70000,1100
917,2019-08-27,5.40000,5.70000,5.26000,5.70000,6600
918,2019-08-26,5.50000,5.50000,4.90000,5.26000,1100
919,2019-08-23,5.51000,5.83000,5.51000,5.70000,1000
920,2019-08-22,5.35000,5.89000,5.35000,5.63000,1600
921,2019-08-21,5.15000,5.15000,5.15000,5.15000,0
922,2019-08-20,4.95000,5.28000,4.95000,5.15000,11900
923,2019-08-19,4.90000,5.00000,4.85000,5.00000,6700
924,2019-08-16,4.78000,4.99000,4.63000,4.99000,1800
925,2019-08-15,4.84000,4.89000,4.84000,4.89000,700
926,2019-08-14,4.64000,4.90000,4.64000,4.90000,1300
927,2019-08-13,4.99000,5.00000,4.82000,4.96000,5300
928,2019-08-12,4.63000,4.90000,4.63000,4.90000,1000
929,2019-08-09,4.85000,4.93000,4.67000,4.93000,2000
930,2019-08-08,4.98000,5.00000,4.86000,4.90000,14400
931,2019-08-07,5.00000,5.00000,4.85000,4.90000,2900
932,2019-08-06,4.73000,5.00000,4.68000,5.00000,4600
933,2019-08-05,4.75000,4.79000,4.61000,4.74000,10700
934,2019-08-02,4.48000,4.93000,4.44000,4.79000,5400
935,2019-08-01,4.60000,4.60000,4.40000,4.40000,9600
936,2019-07-31,4.76000,4.98000,4.17000,4.60000,9500
937,2019-07-30,4.98000,4.98000,4.80000,4.80000,1700
938,2019-07-29,4.99000,4.99000,4.75000,4.87000,7600
939,2019-07-26,3.94000,4.99000,3.94000,4.86000,23000
940,2019-07-25,4.12000,4.12000,4.01000,4.02000,7000
941,2019-07-24,4.10000,4.14000,4.09000,4.09000,2900
942,2019-07-23,4.15000,4.35000,4.09000,4.10000,4200
943,2019-07-22,4.34000,4.34000,4.34000,4.34000,100
944,2019-07-19,4.16000,4.19000,4.09000,4.09000,10300
945,2019-07-18,4.12000,4.23000,4.11000,4.14000,4000
946,2019-07-17,4.38000,4.41000,4.11000,4.11000,11900
947,2019-07-16,4.20000,4.49000,4.06000,4.28000,8400
948,2019-07-15,4.15000,4.23000,4.01000,4.15000,3700
949,2019-07-12,4.30000,4.69000,4.15000,4.15000,3000
950,2019-07-11,4.72000,4.72000,4.30000,4.32000,14000
951,2019-07-10,5.15000,5.15000,4.31000,4.40000,15100
952,2019-07-09,5.20000,5.25000,4.77000,4.97000,11600
953,2019-07-08,5.43000,5.50000,5.12000,5.21000,8400
954,2019-07-05,5.47000,5.50000,5.20000,5.20000,900
955,2019-07-03,5.14000,5.27000,5.10000,5.20000,8600
956,2019-07-02,5.14000,5.40000,5.05000,5.30000,16000
957,2019-07-01,5.52000,6.07000,5.46000,5.50000,4600
958,2019-06-28,5.31000,5.52000,5.31000,5.52000,6800
959,2019-06-27,5.25000,5.25000,5.05000,5.05000,900
960,2019-06-26,5.10000,5.45000,5.10000,5.29000,10400
961,2019-06-25,5.21000,5.21000,5.05000,5.06000,1100
962,2019-06-24,5.20000,5.25000,5.10000,5.25000,2900
963,2019-06-21,4.99000,5.32000,4.95000,5.32000,11700
964,2019-06-20,4.70000,5.40000,4.70000,4.89000,11400
965,2019-06-19,5.17000,5.31000,5.00000,5.11000,6100
966,2019-06-18,5.31000,5.64000,5.17000,5.17000,3600
967,2019-06-17,5.40000,5.93000,5.25000,5.26000,8000
968,2019-06-14,5.92000,5.92000,5.43000,5.56000,5800
969,2019-06-13,5.80000,5.90000,5.41000,5.41000,6300
970,2019-06-12,5.94000,5.94000,5.54000,5.54000,2700
971,2019-06-11,5.82000,5.82000,5.27000,5.50000,7000
972,2019-06-10,6.24000,6.24000,5.80000,6.05000,4900
973,2019-06-07,6.00000,6.40000,5.99000,5.99000,8200
974,2019-06-06,6.05000,7.09000,5.68000,6.10000,9100
975,2019-06-05,6.28000,6.29000,5.71000,5.71000,19800
976,2019-06-04,6.42000,6.74000,5.75000,6.01000,17200
977,2019-06-03,6.89000,7.25000,5.80000,6.19000,33800
978,2019-05-31,6.91000,7.09000,6.50000,6.64000,6600
979,2019-05-30,6.78000,7.00000,6.16000,6.79000,11700
980,2019-05-29,6.76000,6.80000,6.50000,6.80000,2100
981,2019-05-28,6.49000,6.99000,6.34000,6.40000,5100
982,2019-05-24,6.67000,6.80000,6.25000,6.41000,6500
983,2019-05-23,6.79000,6.79000,6.79000,6.79000,300
984,2019-05-22,7.00000,7.00000,6.62000,6.79000,5300
985,2019-05-21,6.72000,7.33000,6.65000,7.01000,5200
986,2019-05-20,6.80000,7.04000,6.30000,6.71000,3000
987,2019-05-17,7.30000,7.58000,6.50000,6.90000,10800
988,2019-05-16,8.05000,8.15000,7.13000,7.57000,10600
989,2019-05-15,7.86000,8.10000,7.42000,7.78000,10200
990,2019-05-14,8.10000,8.49000,7.80000,8.11000,20700
991,2019-05-13,7.54000,8.02000,7.01000,7.76000,8200
992,2019-05-10,7.04000,8.02000,7.03000,8.00000,7700
993,2019-05-09,7.50000,7.70000,7.35000,7.40000,6000
994,2019-05-08,7.07000,7.50000,6.69000,7.24000,11000
995,2019-05-07,6.51000,7.06000,6.50000,6.82000,2600
996,2019-05-06,6.70000,7.29000,6.24000,7.00000,8200
997,2019-05-03,6.84000,7.00000,6.70000,6.95000,2700
998,2019-05-02,6.75000,6.82000,6.56000,6.56000,1400
999,2019-05-01,6.20000,7.00000,6.20000,6.56000,13100
1000,2019-04-30,6.45000,6.50000,6.21000,6.21000,5800
1001,2019-04-29,7.04000,7.04000,6.10000,6.43000,7800
1002,2019-04-26,6.74000,7.12000,6.68000,6.75000,7900
1003,2019-04-25,6.50000,7.00000,6.50000,6.60000,16000
1004,2019-04-24,6.21000,6.58000,6.06000,6.35000,17700
1005,2019-04-23,5.67000,6.72000,5.52000,6.25000,30800
1006,2019-04-22,5.59000,5.59000,5.29000,5.50000,15500
1007,2019-04-18,5.38000,5.57000,5.00000,5.14000,12600
1008,2019-04-17,5.30000,6.10000,5.15000,5.50000,19100
1009,2019-04-16,5.56000,5.69000,5.00000,5.55000,12800
1010,2019-04-15,6.25000,6.25000,5.06000,5.50000,44600
1011,2019-04-12,7.48000,7.48000,6.00000,6.40000,24100
1012,2019-04-11,7.25000,7.59000,6.84000,6.91000,17300
1013,2019-04-10,7.57000,7.88000,7.15000,7.21000,12400
1014,2019-04-09,7.36000,7.89000,6.94000,7.46000,31400
1015,2019-04-08,6.86000,7.75000,6.86000,7.50000,26900
1016,2019-04-05,6.65000,7.49000,6.65000,6.95000,20000
1017,2019-04-04,7.11000,7.55000,6.07000,6.30000,11800
1018,2019-04-03,7.31000,7.46000,6.44000,7.46000,11000
1019,2019-04-02,6.50000,8.00000,6.50000,7.16000,76900
1020,2019-04-01,5.42000,6.71000,5.42000,6.45000,18200
1021,2019-03-29,5.58000,6.30000,5.10000,5.26000,25300
1022,2019-03-28,5.45000,5.84000,5.18000,5.39000,16800
1023,2019-03-27,4.93000,5.87000,4.85000,5.18000,10100
1024,2019-03-26,4.98000,4.98000,4.76000,4.85000,10000
1025,2019-03-25,5.08000,5.08000,4.75000,4.97000,7900
1026,2019-03-22,5.00000,5.00000,4.59000,4.92000,15800
1027,2019-03-21,4.30000,5.00000,4.30000,4.90000,41500
1028,2019-03-20,4.15000,4.48000,4.15000,4.30000,4400
1029,2019-03-19,4.11000,4.50000,3.98000,4.11000,26600
1030,2019-03-18,3.77000,4.16000,3.77000,4.05000,30900
1031,2019-03-15,3.93000,4.01000,3.85000,3.90000,37600
1032,2019-03-14,4.17000,4.17000,3.90000,3.90000,7100
1033,2019-03-13,4.41000,4.44000,4.00000,4.00000,9300
1034,2019-03-12,4.27000,4.44000,4.07000,4.30000,3500
1035,2019-03-11,4.59000,4.59000,4.17000,4.23000,10400
1036,2019-03-08,4.20000,4.99000,4.00000,4.62000,5800
1037,2019-03-07,4.65000,4.65000,4.15000,4.17000,1300
1038,2019-03-06,4.24000,4.51000,4.05000,4.30000,4600
1039,2019-03-05,4.97000,4.97000,4.15000,4.31000,20100
1040,2019-03-04,3.96000,4.25000,3.80000,4.25000,8200
1041,2019-03-01,4.32000,4.49000,3.92000,3.92000,17900
1042,2019-02-28,4.12000,4.65000,4.10000,4.17000,9400
1043,2019-02-27,4.65000,4.65000,4.22000,4.22000,5100
1044,2019-02-26,4.50000,4.92000,4.46000,4.46000,19500
1045,2019-02-25,4.60000,4.89000,4.46000,4.50000,21200
1046,2019-02-22,4.80000,4.98000,4.70000,4.81000,2000
1047,2019-02-21,4.85000,4.90000,4.85000,4.90000,1100
1048,2019-02-20,4.66000,4.76000,4.62000,4.76000,2600
1049,2019-02-19,4.90000,4.90000,4.58000,4.58000,4800
1050,2019-02-15,4.92000,5.15000,4.90000,4.90000,2000
1051,2019-02-14,5.02000,5.25000,4.90000,4.90000,5500
1052,2019-02-13,4.91000,5.05000,4.91000,5.05000,2700
1053,2019-02-12,5.00000,5.05000,4.90000,5.04000,2200
1054,2019-02-11,4.90000,4.90000,4.90000,4.90000,300
1055,2019-02-08,5.14000,5.14000,4.90000,5.05000,3500
1056,2019-02-07,4.87000,5.76000,4.73000,5.17000,9100
1057,2019-02-06,4.57000,4.90000,4.57000,4.57000,1300
1058,2019-02-05,4.43000,4.43000,4.43000,4.43000,200
1059,2019-02-04,4.70000,4.83000,4.70000,4.83000,1100
1060,2019-02-01,4.90000,4.90000,4.75000,4.75000,1600
1061,2019-01-31,5.06000,5.06000,4.84000,4.84000,1800
1062,2019-01-30,5.01000,5.01000,5.01000,5.01000,100
1063,2019-01-29,5.00000,5.01000,5.00000,5.01000,700
1064,2019-01-28,4.96000,5.28000,4.75000,5.19000,2200
1065,2019-01-25,5.30000,5.30000,4.96000,4.98000,4100
1066,2019-01-24,5.10000,5.10000,5.00000,5.00000,800
1067,2019-01-23,5.21000,5.29000,4.92000,4.99000,2500
1068,2019-01-22,4.94000,5.25000,4.94000,5.25000,2000
1069,2019-01-18,5.39000,5.39000,4.93000,4.93000,9700
1070,2019-01-17,5.70000,5.75000,5.50000,5.50000,14800
1071,2019-01-16,4.50000,5.56000,4.50000,5.33000,27800
1072,2019-01-15,4.12000,4.40000,4.10000,4.40000,6700
1073,2019-01-14,3.98000,4.00000,3.67000,3.99000,4100
1074,2019-01-11,3.93000,3.93000,3.88000,3.90000,1900
1075,2019-01-10,3.72000,3.90000,3.72000,3.90000,300
1076,2019-01-09,3.79000,3.79000,3.71000,3.72000,1700
1077,2019-01-08,3.50000,3.84000,3.32000,3.73000,7000
1078,2019-01-07,3.75000,3.81000,3.67000,3.67000,3800
1079,2019-01-04,4.05000,4.05000,3.35000,3.95000,4900
1080,2019-01-03,3.72000,4.00000,3.72000,4.00000,3700
1081,2019-01-02,3.70000,4.20000,3.70000,4.20000,500
1082,2018-12-31,3.60000,4.00000,3.60000,3.64000,7700
1083,2018-12-28,4.00000,4.24000,3.76000,3.80000,8200
1084,2018-12-27,3.95000,4.20000,3.80000,3.94000,2700
1085,2018-12-26,4.52000,4.85000,4.04000,4.04000,4200
1086,2018-12-24,4.10000,4.10000,4.10000,4.10000,500
1087,2018-12-21,4.58000,4.58000,4.00000,4.50000,4700
1088,2018-12-20,4.53000,4.70000,4.10000,4.38000,10000
1089,2018-12-19,4.55000,4.77000,4.50000,4.77000,1100
1090,2018-12-18,4.78000,5.15000,4.57000,4.72000,2300
1091,2018-12-17,4.74000,4.74000,4.60000,4.60000,800
1092,2018-12-14,4.70000,4.70000,4.50000,4.60000,700
1093,2018-12-13,4.65000,5.47000,4.65000,4.72000,1700
1094,2018-12-12,5.08000,5.09000,4.60000,4.60000,8100
1095,2018-12-11,5.00000,5.25000,4.92000,5.25000,3000
1096,2018-12-10,5.57000,5.66000,5.18000,5.25000,1700
1097,2018-12-07,5.66000,5.66000,5.66000,5.66000,200
1098,2018-12-06,5.54000,5.76000,5.11000,5.66000,10400
1099,2018-12-04,5.84000,5.84000,5.84000,5.84000,1400
1100,2018-12-03,6.08000,6.15000,5.78000,5.85000,6600
1101,2018-11-30,5.60000,6.14000,5.59000,5.59000,18400
1102,2018-11-29,5.33000,5.91000,5.33000,5.53000,2200
1103,2018-11-28,5.98000,5.99000,5.28000,5.28000,12500
1104,2018-11-27,5.41000,5.85000,5.10000,5.63000,5500
1105,2018-11-26,5.64000,6.00000,5.37000,5.41000,5600
1106,2018-11-23,6.00000,6.00000,5.50000,5.52000,1200
1107,2018-11-21,6.00000,6.00000,5.70000,6.00000,3200
1108,2018-11-20,6.11000,6.11000,5.72000,5.72000,700
1109,2018-11-19,6.19000,6.20000,6.15000,6.15000,1600
1110,2018-11-16,6.35000,6.35000,6.35000,6.35000,800
1111,2018-11-15,6.50000,6.50000,5.87000,6.20000,1400
1112,2018-11-14,6.61000,6.80000,6.25000,6.25000,1100
1113,2018-11-13,6.37000,6.52000,6.37000,6.52000,500
1114,2018-11-12,6.09000,6.89000,6.09000,6.15000,1800
1115,2018-11-09,5.71000,6.21000,5.71000,6.09000,4700
1116,2018-11-08,6.45000,6.80000,5.59000,6.13000,7700
1117,2018-11-07,6.25000,6.69000,6.06000,6.25000,1800
1118,2018-11-06,6.11000,6.58000,6.11000,6.58000,1000
1119,2018-11-05,6.30000,6.30000,6.30000,6.30000,700
1120,2018-11-02,6.24000,6.55000,6.24000,6.50000,1100
1121,2018-11-01,6.00000,6.49000,6.00000,6.00000,1800
1122,2018-10-31,6.04000,6.20000,5.75000,6.00000,3800
1123,2018-10-30,6.30000,6.50000,6.07000,6.07000,700
1124,2018-10-29,5.55000,6.35000,5.55000,6.35000,12800
1125,2018-10-26,6.27000,6.74000,6.00000,6.05000,2800
1126,2018-10-25,6.50000,6.50000,6.25000,6.25000,1200
1127,2018-10-24,6.45000,6.45000,6.35000,6.35000,500
1128,2018-10-23,6.56000,6.81000,6.44000,6.44000,1100
1129,2018-10-22,6.25000,6.25000,6.25000,6.25000,1800
1130,2018-10-19,7.16000,7.16000,7.00000,7.00000,500
1131,2018-10-18,6.04000,8.20000,6.04000,7.00000,4200
1132,2018-10-17,6.06000,6.50000,5.51000,6.25000,19100
1133,2018-10-16,6.18000,6.39000,5.80000,6.12000,14000
1134,2018-10-15,6.28000,6.28000,6.28000,6.28000,0
1135,2018-10-12,6.62000,6.64000,6.07000,6.28000,12700
1136,2018-10-11,6.79000,7.18000,6.55000,6.55000,10300
1137,2018-10-10,6.88000,6.94000,6.65000,6.78000,4200
1138,2018-10-09,6.92000,6.96000,6.63000,6.89000,3800
1139,2018-10-08,6.92000,7.16000,6.92000,6.93000,4300
1140,2018-10-05,6.90000,7.40000,6.80000,6.87000,3500
1141,2018-10-04,7.07000,7.19000,6.64000,6.92000,6900
1142,2018-10-03,6.92000,7.18000,6.65000,7.12000,9400
1143,2018-10-02,6.86000,6.90000,6.40000,6.90000,21200
1144,2018-10-01,7.01000,7.39000,6.76000,6.92000,9200
1145,2018-09-28,6.95000,7.50000,6.81000,7.29000,3700
1146,2018-09-27,6.96000,7.50000,6.66000,6.95000,16400
1147,2018-09-26,7.22000,7.80000,6.85000,7.05000,17800
1148,2018-09-25,7.63000,7.73000,6.75000,7.28000,34600
1149,2018-09-24,8.12000,8.50000,7.53000,7.68000,19500
1150,2018-09-21,9.47000,9.47000,8.18000,8.18000,84900
1151,2018-09-20,9.40000,9.40000,8.82000,8.90000,10900
1152,2018-09-19,9.89000,9.89000,8.73000,8.75000,9400
1153,2018-09-18,8.62000,10.05000,8.56000,10.05000,12600
1154,2018-09-17,9.06000,9.63000,8.56000,8.79000,13800
1155,2018-09-14,9.50000,9.80000,8.90000,9.00000,9900
1156,2018-09-13,9.75000,9.75000,9.00000,9.55000,16700
1157,2018-09-12,10.04000,10.13000,9.35000,9.37000,7400
1158,2018-09-11,10.13000,10.13000,9.30000,10.05000,5300
1159,2018-09-10,9.67000,10.18000,8.83000,10.05000,10500
1160,2018-09-07,9.95000,10.00000,9.46000,9.83000,21700
1161,2018-09-06,10.15000,10.18000,9.84000,9.97000,11100
1162,2018-09-05,10.25000,10.80000,9.84000,10.00000,24500
1163,2018-09-04,10.05000,10.73000,10.05000,10.35000,61000
1164,2018-08-31,9.80000,10.97000,9.80000,9.99000,22600
1165,2018-08-30,10.30000,10.76000,9.91000,10.08000,65900
1166,2018-08-29,9.29000,10.49000,9.18000,10.16000,68900
1167,2018-08-28,10.30000,11.18000,9.05000,9.21000,81400
1168,2018-08-27,10.22000,10.57000,10.00000,10.38000,17600
1169,2018-08-24,10.99000,11.20000,10.20000,10.38000,19600
1170,2018-08-23,11.14000,11.20000,10.80000,10.95000,21300
1171,2018-08-22,11.09000,11.32000,10.99000,11.00000,19600
1172,2018-08-21,11.15000,11.48000,10.82000,11.01000,49500
1173,2018-08-20,11.60000,11.60000,11.01000,11.32000,17100
1174,2018-08-17,11.49000,11.63000,11.16000,11.50000,47000
1175,2018-08-16,11.69000,11.69000,11.21000,11.49000,41900
1176,2018-08-15,11.50000,11.64000,11.22000,11.64000,44300
1177,2018-08-14,11.72000,11.72000,11.20000,11.50000,50600
1178,2018-08-13,11.50000,11.54000,10.91000,11.37000,127900
1179,2018-08-10,10.62000,11.50000,10.28000,11.50000,135800
1180,2018-08-09,12.00000,12.00000,10.59000,11.38000,688500
