,datetime,open,high,low,close,volume
0,2023-04-19,46.11000,47.00000,46.08500,46.39000,789500
1,2023-04-18,46.10000,46.87000,46.10000,46.41000,801000
2,2023-04-17,46.60000,46.91000,45.65000,45.91000,764600
3,2023-04-14,46.19000,47.20000,46.19000,46.80000,813000
4,2023-04-13,45.61000,46.54500,45.30000,46.12000,615200
5,2023-04-12,45.63000,45.76000,44.98000,45.20000,703400
6,2023-04-11,44.08000,45.36000,43.90500,45.22000,757900
7,2023-04-10,43.73000,44.46000,43.57500,43.90000,698700
8,2023-04-06,43.71000,44.15000,43.30000,43.98000,952600
9,2023-04-05,43.37000,43.68000,42.87000,43.48000,916100
10,2023-04-04,44.10000,44.23000,43.25000,43.58000,704800
11,2023-04-03,44.24000,44.60000,43.51000,43.87000,1048800
12,2023-03-31,43.99000,44.59000,43.74500,44.43000,1191800
13,2023-03-30,43.33000,43.86000,43.17000,43.47000,792100
14,2023-03-29,42.68000,43.06000,42.35000,42.91000,558800
15,2023-03-28,42.07000,42.50000,41.71000,42.08000,468700
16,2023-03-27,42.30000,42.37500,41.40500,42.15000,683600
17,2023-03-24,41.80000,41.83000,40.87500,41.67000,878000
18,2023-03-23,43.18000,43.95000,41.92000,42.31000,938600
19,2023-03-22,44.09000,44.63000,43.05000,43.10000,720800
20,2023-03-21,44.11000,44.88000,44.03500,44.27000,1306900
21,2023-03-20,42.87000,43.85000,42.48000,43.24000,1130400
22,2023-03-17,42.70000,42.98000,41.33000,42.47000,12227500
23,2023-03-16,42.26000,43.54500,42.25000,42.80000,1195000
24,2023-03-15,42.80000,43.41900,41.89000,43.04000,1195700
25,2023-03-14,44.76000,45.14000,43.56000,44.19000,1042100
26,2023-03-13,44.00000,44.36500,42.85500,43.56000,1166700
27,2023-03-10,46.54000,46.61000,44.95000,45.08000,1079400
28,2023-03-09,48.70000,48.78000,46.77000,46.82000,977900
29,2023-03-08,49.14000,49.50000,48.45000,48.67000,992600
30,2023-03-07,50.18000,50.64000,49.05000,49.14000,1251100
31,2023-03-06,49.96000,51.81000,49.50000,50.21000,3249900
32,2023-03-03,48.27000,48.33000,47.48000,47.68000,638300
33,2023-03-02,47.57000,48.52000,47.43000,47.90000,938700
34,2023-03-01,47.63000,49.94000,46.77000,47.57000,864200
35,2023-02-28,47.38000,48.27000,47.19000,47.74000,978100
36,2023-02-27,47.32000,47.91000,46.93000,47.69000,620200
37,2023-02-24,46.04000,47.00000,45.90000,46.71000,505700
38,2023-02-23,46.64000,47.34000,45.63000,46.78000,448700
39,2023-02-22,45.61000,46.93000,45.40000,46.59000,914900
40,2023-02-21,46.37000,47.19000,45.27000,45.39000,661400
41,2023-02-17,47.65000,47.90000,46.51000,47.06000,519700
42,2023-02-16,47.65000,48.71000,47.49000,47.76000,553000
43,2023-02-15,47.30000,48.79000,47.15000,48.47000,688600
44,2023-02-14,46.58000,48.06500,46.51000,47.57000,524500
45,2023-02-13,45.77000,47.27500,45.77000,46.99000,350400
46,2023-02-10,46.25000,46.25000,45.47000,45.60000,424700
47,2023-02-09,47.52000,48.14000,46.64000,46.77000,446600
48,2023-02-08,47.66000,47.99000,46.71000,47.00000,453400
49,2023-02-07,46.83000,48.29000,46.54000,48.27000,499800
50,2023-02-06,48.32000,48.40000,46.81000,47.03000,643900
51,2023-02-03,48.20000,49.38000,47.36000,48.86000,1036100
52,2023-02-02,48.35000,50.22000,48.35000,49.57000,1130500
53,2023-02-01,47.33000,48.28000,46.64000,47.93000,604400
54,2023-01-31,46.33000,47.41000,46.19000,47.36000,488100
55,2023-01-30,45.91000,46.56000,45.85000,46.18000,351600
56,2023-01-27,46.55000,46.84000,46.20000,46.46000,340600
57,2023-01-26,46.53000,46.88000,45.87000,46.70000,439400
58,2023-01-25,45.26000,46.59000,45.26000,46.33000,407600
59,2023-01-24,45.34000,46.43000,45.19000,45.78000,341700
60,2023-01-23,45.97000,46.50000,45.37000,45.61000,614600
61,2023-01-20,44.67000,46.04000,44.13000,46.01000,490100
62,2023-01-19,43.52000,44.54000,43.51000,44.27000,543100
63,2023-01-18,44.78000,45.49000,43.76000,43.82000,565500
64,2023-01-17,44.45000,44.79000,44.31000,44.42000,516500
65,2023-01-13,43.70000,44.58000,43.42900,44.51000,532800
66,2023-01-12,44.04000,44.72500,43.88000,44.18000,572500
67,2023-01-11,42.41000,43.98000,42.23000,43.94000,679900
68,2023-01-10,41.62000,42.16000,41.44000,42.14000,542500
69,2023-01-09,41.63000,42.67000,41.59000,41.83000,671100
70,2023-01-06,40.92000,41.75000,40.58000,41.53000,946700
71,2023-01-05,39.80000,40.41000,39.43000,40.03000,749500
72,2023-01-04,39.05000,40.35000,38.93000,40.02000,1151200
73,2023-01-03,39.13000,39.36500,38.27000,38.47000,809000
74,2022-12-30,38.11000,38.61000,37.82000,38.54000,396200
75,2022-12-29,37.77000,38.54000,37.55000,38.49000,507300
76,2022-12-28,38.35000,38.69000,37.46000,37.49000,417500
77,2022-12-27,38.96000,38.96000,38.34000,38.37000,280600
78,2022-12-23,38.02000,38.95000,37.83000,38.95000,457400
79,2022-12-22,39.07000,39.11500,37.76000,38.28000,612700
80,2022-12-21,39.71000,40.08000,39.17000,39.47000,493300
81,2022-12-20,39.47000,39.62500,39.09000,39.50000,616000
82,2022-12-19,41.09000,41.30000,39.39000,39.53000,725500
83,2022-12-16,41.08000,41.34000,40.18000,40.97000,1248300
84,2022-12-15,42.46000,42.78000,41.57000,41.76000,697500
85,2022-12-14,42.45000,43.28900,42.32000,42.85000,890200
86,2022-12-13,43.37000,43.46000,42.24000,42.61000,967000
87,2022-12-12,41.17000,41.81000,40.69000,41.74000,617500
88,2022-12-09,41.06000,41.61500,40.90000,41.18000,674700
89,2022-12-08,40.88000,41.85000,40.82000,41.33000,1076500
90,2022-12-07,41.66000,41.98000,40.47000,40.54000,863000
91,2022-12-06,42.70000,43.25000,41.31000,42.14000,1198100
92,2022-12-05,43.17000,43.66000,42.64500,42.89000,553900
93,2022-12-02,43.23000,43.95000,43.22000,43.59000,587900
94,2022-12-01,44.19000,44.47000,42.67000,43.85000,1349500
95,2022-11-30,43.01000,44.06000,42.76000,44.02000,882700
96,2022-11-29,42.39000,43.23000,42.39000,43.03000,1319300
97,2022-11-28,42.80000,43.52000,42.04000,42.33000,770400
98,2022-11-25,42.27000,43.99000,42.10000,43.12000,717600
99,2022-11-23,42.30000,43.17000,41.73000,42.07000,4516700
100,2022-11-22,42.46000,42.82000,41.68000,42.33000,2087500
101,2022-11-21,41.62000,42.30000,41.38000,42.02000,673200
102,2022-11-18,43.10000,43.36000,41.63000,42.02000,451400
103,2022-11-17,41.88000,42.42000,41.53000,42.33000,399700
104,2022-11-16,42.05000,43.05000,42.05000,42.66000,682100
105,2022-11-15,44.02000,45.71000,42.24000,42.47000,1724500
106,2022-11-14,43.57000,44.12000,42.77000,42.96000,1889500
107,2022-11-11,44.52000,45.56000,43.63500,43.80000,1571400
108,2022-11-10,41.72000,44.58000,41.50000,44.24000,1155600
109,2022-11-09,39.81000,42.01000,38.70000,40.19000,1115300
110,2022-11-08,37.22000,37.95000,36.69000,37.52000,564900
111,2022-11-07,37.81000,37.95000,36.03000,36.99000,584900
112,2022-11-04,37.78000,38.13000,36.76000,37.49000,490500
113,2022-11-03,36.40000,37.20000,35.86100,36.86000,539800
114,2022-11-02,38.85000,39.04000,37.03000,37.16000,592100
115,2022-11-01,39.97000,39.97000,38.53000,39.07000,300100
116,2022-10-31,38.44000,39.60000,37.96000,39.24000,423200
117,2022-10-28,37.69000,38.65000,37.51000,38.44000,301900
118,2022-10-27,38.49000,38.71000,37.45000,37.60000,344100
119,2022-10-26,38.24000,39.19500,37.71000,38.02000,387300
120,2022-10-25,36.96000,38.37000,36.93000,37.96000,477900
121,2022-10-24,37.38000,37.54000,36.62000,37.12000,451200
122,2022-10-21,37.17000,37.66500,36.58000,37.32000,758700
123,2022-10-20,37.87000,38.53000,36.78000,37.03000,245200
124,2022-10-19,37.51000,38.33000,37.40000,37.70000,488600
125,2022-10-18,38.37000,38.88000,37.71000,37.93000,425500
126,2022-10-17,37.27000,37.56000,37.02000,37.27000,492300
127,2022-10-14,37.11000,37.69500,36.20000,36.24000,432900
128,2022-10-13,34.94000,36.98000,34.60000,36.76000,445200
129,2022-10-12,35.51000,36.26000,35.20000,35.85000,357300
130,2022-10-11,35.22000,35.83000,34.59000,35.47000,484900
131,2022-10-10,35.24000,35.66000,34.86000,35.16000,615300
132,2022-10-07,35.00000,35.25000,34.59000,35.11000,426900
133,2022-10-06,36.05000,36.65000,35.63000,35.71000,317300
134,2022-10-05,35.12000,36.65500,35.12000,36.28000,473400
135,2022-10-04,35.00000,36.32000,35.00000,35.95000,626500
136,2022-10-03,33.25000,34.35000,32.12000,33.97000,1030200
137,2022-09-30,33.80000,34.17500,32.85000,32.89000,958500
138,2022-09-29,34.34000,34.50000,33.27000,34.00000,1615400
139,2022-09-28,34.63000,35.59000,34.43000,35.17000,928800
140,2022-09-27,34.38000,35.36000,34.11000,34.45000,687900
141,2022-09-26,34.03000,35.07000,33.59000,33.65000,890100
142,2022-09-23,34.48000,34.48000,33.07500,33.97000,1027700
143,2022-09-22,37.20000,37.20000,34.85500,35.12000,637600
144,2022-09-21,38.70000,38.71000,36.86000,37.24000,552700
145,2022-09-20,38.66000,38.92000,37.95000,38.56000,380000
146,2022-09-19,38.19000,39.46000,38.17000,38.94000,497600
147,2022-09-16,39.42000,39.42000,37.98500,38.67000,1496100
148,2022-09-15,39.60000,41.06000,39.60000,40.03000,743000
149,2022-09-14,40.01000,40.24000,38.99000,40.21000,450000
150,2022-09-13,40.34000,41.12600,39.83000,39.92000,438900
151,2022-09-12,42.15000,42.52000,41.70000,42.01000,441300
152,2022-09-09,40.16000,41.67000,40.16000,41.66000,529900
153,2022-09-08,39.27000,39.96000,38.81000,39.90000,617500
154,2022-09-07,39.14000,40.00000,39.06000,39.96000,516300
155,2022-09-06,40.42000,40.63500,38.61000,39.15000,478100
156,2022-09-02,41.25000,41.53000,40.19000,40.45000,385000
157,2022-09-01,40.21000,40.64000,39.47000,40.62000,392600
158,2022-08-31,41.39000,41.79000,40.73000,40.78000,419900
159,2022-08-30,42.45000,42.73000,41.12000,41.38000,443600
160,2022-08-29,41.40000,42.42000,41.07000,42.20000,365400
161,2022-08-26,43.81000,44.02500,41.73000,41.80000,297300
162,2022-08-25,43.59000,44.64000,43.59000,44.00000,268100
163,2022-08-24,43.00000,44.24000,42.63900,43.50000,508100
164,2022-08-23,42.50000,43.48000,42.50000,43.13000,306800
165,2022-08-22,42.51000,42.85500,41.98000,42.40000,391500
166,2022-08-19,44.21000,44.22000,43.23000,43.53000,393900
167,2022-08-18,44.03000,44.57000,44.00000,44.53000,378000
168,2022-08-17,44.36000,44.73000,43.93000,44.36000,343500
169,2022-08-16,44.51000,45.41000,44.51000,45.05000,365100
170,2022-08-15,44.27000,44.98000,44.27000,44.96000,409400
171,2022-08-12,44.09000,44.97000,43.90500,44.96000,442300
172,2022-08-11,44.50000,44.56000,43.40000,43.48000,485700
173,2022-08-10,42.96000,43.77000,42.41000,43.64000,837900
174,2022-08-09,43.00000,43.25000,40.55000,41.83000,924500
175,2022-08-08,42.26000,43.60000,41.93000,42.97000,1073100
176,2022-08-05,42.13000,42.80000,41.73000,41.94000,564000
177,2022-08-04,42.62000,43.14000,42.05000,42.66000,556700
178,2022-08-03,41.54000,42.54000,41.54000,42.35000,425500
179,2022-08-02,41.36000,41.67000,40.83000,41.26000,238700
180,2022-08-01,40.66000,41.71000,40.18000,41.62000,388500
181,2022-07-29,40.50000,41.02000,40.06000,40.77000,330100
182,2022-07-28,40.91000,41.38000,39.82000,40.76000,357200
183,2022-07-27,40.03000,41.13000,39.98000,40.91000,606700
184,2022-07-26,39.98000,40.07000,39.30000,39.39000,349100
185,2022-07-25,39.87000,40.26000,39.44000,40.16000,312400
186,2022-07-22,40.28000,40.80000,39.32000,39.77000,393800
187,2022-07-21,39.06000,40.23000,38.61000,40.22000,544800
188,2022-07-20,39.33000,39.89000,38.75000,39.59000,740700
189,2022-07-19,38.43000,39.94000,38.43000,39.38000,634700
190,2022-07-18,38.09000,39.39000,37.59000,37.85000,590000
191,2022-07-15,37.44000,37.75000,36.75000,37.48000,653300
192,2022-07-14,36.31000,36.94000,36.27000,36.62000,512800
193,2022-07-13,36.10000,37.50000,35.72000,37.22000,349300
194,2022-07-12,36.66000,37.60000,36.66000,36.96000,593800
195,2022-07-11,36.86000,37.09500,36.04000,36.75000,370400
196,2022-07-08,37.62000,38.37500,36.82000,37.50000,921400
197,2022-07-07,35.82000,37.72000,35.82000,37.50000,958300
198,2022-07-06,36.35000,36.77000,34.93000,35.28000,620700
199,2022-07-05,35.32000,36.64000,34.95000,36.49000,622300
200,2022-07-01,35.49000,36.57500,35.32000,36.36000,555900
201,2022-06-30,35.73000,36.14000,34.51000,35.73000,905100
202,2022-06-29,37.77000,37.77000,36.20000,36.49000,607700
203,2022-06-28,38.34000,39.32000,37.22000,37.37000,426700
204,2022-06-27,38.00000,38.28000,37.36000,37.73000,437500
205,2022-06-24,35.33000,37.91000,35.09000,37.73000,1029900
206,2022-06-23,35.89000,36.10000,34.31000,34.96000,1066000
207,2022-06-22,35.93000,36.73000,35.62000,35.97000,589000
208,2022-06-21,38.23000,38.23000,36.51000,36.55000,845100
209,2022-06-17,38.73000,38.73000,37.48000,37.52000,1589500
210,2022-06-16,40.69000,40.83000,37.83000,38.09000,815800
211,2022-06-15,42.05000,42.95000,41.57000,42.00000,545000
212,2022-06-14,40.99000,41.71000,40.56500,41.26000,649300
213,2022-06-13,41.83000,42.41000,40.74000,41.02000,932100
214,2022-06-10,45.09000,46.00000,43.26000,43.50000,707000
215,2022-06-09,47.50000,47.50000,45.98000,46.12000,662500
216,2022-06-08,47.69000,48.34000,47.32000,47.66000,672400
217,2022-06-07,46.63000,48.26000,46.63000,48.23000,718200
218,2022-06-06,47.00000,47.69000,46.41200,47.30000,853400
219,2022-06-03,46.19000,46.66500,45.94000,46.32000,612200
220,2022-06-02,45.61000,46.86000,45.61000,46.60000,948700
221,2022-06-01,45.99000,46.64000,44.61000,45.41000,816600
222,2022-05-31,45.78000,46.10000,45.12000,45.75000,490000
223,2022-05-27,45.43000,46.31000,45.43000,46.11000,322400
224,2022-05-26,42.99000,45.63500,42.99000,45.10000,763700
225,2022-05-25,40.40000,42.55500,40.40000,42.41000,1102200
226,2022-05-24,41.03000,41.03000,39.50000,40.73000,1438100
227,2022-05-23,42.29000,42.34000,40.91000,41.70000,955100
228,2022-05-20,42.76000,42.76000,40.28000,41.50000,1244800
229,2022-05-19,41.60000,43.01000,41.54900,42.25000,1026000
230,2022-05-18,43.00000,44.08000,41.97000,42.18000,840100
231,2022-05-17,44.60000,45.30000,43.53000,44.17000,852100
232,2022-05-16,44.08000,44.31000,43.22000,43.40000,708000
233,2022-05-13,43.51000,44.97000,43.51000,44.35000,1102700
234,2022-05-12,43.42000,43.77000,41.01000,42.58000,1374500
235,2022-05-11,44.74000,45.55000,43.21000,43.83000,1450100
236,2022-05-10,42.74000,45.18000,42.74000,44.57000,2620500
237,2022-05-09,43.68000,44.55000,40.99000,41.56000,1278500
238,2022-05-06,43.08000,44.33000,42.42000,43.70000,1967500
239,2022-05-05,44.63000,45.27000,42.83000,43.12000,711100
240,2022-05-04,45.41000,45.60000,42.68000,45.12000,977700
241,2022-05-03,46.92000,47.24000,45.13000,45.27000,1138100
242,2022-05-02,47.10000,47.31000,45.06000,46.98000,867500
243,2022-04-29,48.22000,48.84000,46.53000,46.83000,516300
244,2022-04-28,48.62000,49.12000,47.46000,48.53000,547000
245,2022-04-27,47.04000,48.34000,47.03000,47.90000,578000
246,2022-04-26,48.82000,49.36000,47.11000,47.44000,651000
247,2022-04-25,48.32000,49.50000,47.86000,49.25000,763400
248,2022-04-22,49.76000,50.16000,48.32000,48.59000,488000
249,2022-04-21,52.01000,52.69000,49.80000,50.10000,566700
250,2022-04-20,50.34000,51.61000,50.34000,50.82000,365400
251,2022-04-19,49.23000,50.70000,49.23000,50.17000,434400
252,2022-04-18,48.89000,49.74000,48.31000,48.82000,348700
253,2022-04-14,49.44000,50.15000,49.16000,49.28000,642000
254,2022-04-13,48.35000,49.44000,48.05500,49.14000,659900
255,2022-04-12,47.63000,48.39000,47.32000,47.95000,666000
256,2022-04-11,47.43000,48.92000,46.80000,47.02000,537800
257,2022-04-08,47.96000,48.59000,47.06000,47.74000,579500
258,2022-04-07,48.03000,48.31000,46.50000,48.30000,1108500
259,2022-04-06,49.69000,49.92000,47.97000,48.01000,508300
260,2022-04-05,51.79000,52.62000,50.31000,50.49000,593400
261,2022-04-04,51.74000,52.17500,50.64000,51.92000,373700
262,2022-04-01,52.70000,52.91500,51.72000,51.94000,408000
263,2022-03-31,52.81000,53.40000,51.86000,52.01000,896700
264,2022-03-30,53.00000,53.62000,52.29500,52.91000,470200
265,2022-03-29,53.28000,54.55000,53.25000,53.49000,501400
266,2022-03-28,52.69000,53.26000,51.67000,52.23000,255100
267,2022-03-25,53.07000,53.96000,52.65000,52.88000,403200
268,2022-03-24,51.64000,52.92000,51.15000,52.86000,365500
269,2022-03-23,52.49000,53.14000,50.81000,51.51000,946300
270,2022-03-22,52.54000,53.62000,51.93000,53.24000,641500
271,2022-03-21,52.05000,52.34000,51.41000,52.28000,592900
272,2022-03-18,52.60000,53.03000,51.36000,52.59000,1045800
273,2022-03-17,52.13000,52.30000,50.90000,51.83000,658700
274,2022-03-16,50.60000,52.61000,50.60000,52.52000,584000
275,2022-03-15,49.22000,50.86000,49.09000,49.93000,398600
276,2022-03-14,49.82000,50.23500,47.78000,48.79000,436900
277,2022-03-11,49.81000,50.39000,49.02000,49.28000,439100
278,2022-03-10,45.96000,49.51000,45.96000,49.34000,421000
279,2022-03-09,48.15000,48.85000,46.98000,47.14000,672200
280,2022-03-08,44.70000,47.22000,43.22000,46.00000,1042400
281,2022-03-07,48.50000,48.50000,43.94000,44.09000,1158600
282,2022-03-04,48.87000,49.76500,47.26000,48.50000,856600
283,2022-03-03,51.62000,51.84500,49.82000,50.09000,468800
284,2022-03-02,50.47000,52.12000,50.24000,51.11000,636600
285,2022-03-01,50.57000,51.85000,48.50000,49.30000,1325200
286,2022-02-28,50.74000,51.89000,49.77400,51.86000,1071300
287,2022-02-25,50.06000,51.93000,49.24000,51.89000,598100
288,2022-02-24,47.94000,49.79000,47.63000,49.66000,661800
289,2022-02-23,51.81000,51.99000,49.98000,50.06000,419700
290,2022-02-22,51.18000,52.06000,50.18000,50.90000,510500
291,2022-02-18,51.73000,54.35000,51.32000,51.59000,438500
292,2022-02-17,53.47000,54.08000,51.91000,52.01000,414800
293,2022-02-16,53.28000,54.76000,53.26000,54.35000,670600
294,2022-02-15,50.91000,53.94500,50.86000,53.75000,607100
295,2022-02-14,50.50000,51.78000,49.80000,50.13000,658000
296,2022-02-11,51.98000,52.19000,49.65900,50.73000,682900
297,2022-02-10,50.03000,52.91000,50.03000,51.58000,445200
298,2022-02-09,50.77000,51.37000,50.44500,51.00000,304800
299,2022-02-08,48.93000,50.22000,48.88000,49.95000,394200
300,2022-02-07,47.55000,49.00000,47.16500,48.71000,283400
301,2022-02-04,46.43000,47.59000,45.90000,47.20000,403600
302,2022-02-03,46.62000,47.90000,46.32900,46.88000,774200
303,2022-02-02,48.80000,49.18000,47.16000,47.21000,692300
304,2022-02-01,48.74000,49.70000,48.22000,48.76000,929700
305,2022-01-31,46.70000,48.90000,46.70000,48.86000,487900
306,2022-01-28,45.73000,47.26000,45.08000,47.24000,369600
307,2022-01-27,47.86000,48.49000,45.64000,46.03000,323700
308,2022-01-26,48.69000,49.39000,46.53000,47.16000,371800
309,2022-01-25,46.82000,48.33000,45.64000,47.65000,413100
310,2022-01-24,45.11000,48.21000,44.59000,47.94000,730400
311,2022-01-21,46.97000,47.47900,46.05000,46.38000,553900
312,2022-01-20,47.94000,49.28000,47.13000,47.28000,369900
313,2022-01-19,49.35000,49.69000,47.68000,47.81000,420500
314,2022-01-18,51.01000,51.36000,49.34000,49.35000,413500
315,2022-01-14,52.01000,52.18000,50.92000,51.70000,370900
316,2022-01-13,53.12000,54.07500,52.38000,52.51000,404200
317,2022-01-12,51.99000,53.29000,51.66000,52.82000,579300
318,2022-01-11,52.29000,52.59000,51.19000,51.90000,1438000
319,2022-01-10,54.13000,54.36000,52.00000,52.49000,656200
320,2022-01-07,53.13000,55.23000,53.13000,54.33000,576900
321,2022-01-06,53.04000,54.00000,51.75000,53.40000,522500
322,2022-01-05,54.31000,54.31000,52.31000,52.41000,472800
323,2022-01-04,53.02000,54.34000,52.96000,53.96000,594200
324,2022-01-03,52.51000,53.36000,52.24000,52.33000,602300
325,2021-12-31,51.22000,52.33000,50.92000,52.11000,291700
326,2021-12-30,52.11000,53.30000,51.56000,51.63000,287300
327,2021-12-29,52.25000,52.88500,52.07000,52.39000,366900
328,2021-12-28,51.64000,52.82000,51.64000,52.34000,363300
329,2021-12-27,51.03000,52.33000,50.20000,52.16000,368900
330,2021-12-23,50.48000,51.32500,49.68000,51.17000,508100
331,2021-12-22,48.16000,50.09000,48.16000,49.75000,593300
332,2021-12-21,46.46000,48.50000,46.30000,48.31000,589600
333,2021-12-20,45.00000,46.07000,44.42500,45.76000,812100
334,2021-12-17,45.42000,47.69500,45.30000,46.64000,904200
335,2021-12-16,47.15000,47.30500,45.49000,45.66000,786700
336,2021-12-15,47.04000,47.31500,45.81000,46.93000,984000
337,2021-12-14,47.42000,48.63000,47.03000,47.19000,707800
338,2021-12-13,49.98000,50.37000,47.44000,47.84000,719500
339,2021-12-10,51.56000,51.79000,49.94500,50.74000,363200
340,2021-12-09,50.81000,51.55000,50.62000,50.87000,249300
341,2021-12-08,51.02000,52.06500,50.58000,51.55000,381800
342,2021-12-07,50.98000,52.28000,50.30000,50.50000,555100
343,2021-12-06,49.91000,51.38000,49.16000,50.05000,559900
344,2021-12-03,49.78000,49.98000,47.94000,48.71000,471500
345,2021-12-02,46.74000,49.89000,46.54500,49.50000,666400
346,2021-12-01,48.70000,49.48000,45.16000,45.35000,788700
347,2021-11-30,48.43000,48.79000,47.19000,47.50000,1160100
348,2021-11-29,50.14000,50.55000,48.71000,49.13000,842100
349,2021-11-26,49.80000,50.73000,46.92000,49.22000,984900
350,2021-11-24,52.05000,54.00000,51.41000,52.69000,408500
351,2021-11-23,53.00000,53.39000,52.28000,52.65000,401300
352,2021-11-22,53.68000,54.18000,52.52000,52.55000,555000
353,2021-11-19,54.08000,54.47000,52.30000,53.31000,1003500
354,2021-11-18,54.35000,55.75000,53.38000,55.00000,1457500
355,2021-11-17,51.80000,52.44000,51.47000,51.96000,791800
356,2021-11-16,51.79000,52.54000,51.41000,52.01000,817900
357,2021-11-15,51.54000,52.16000,50.76000,51.95000,532700
358,2021-11-12,51.77000,52.32000,50.98000,51.15000,438700
359,2021-11-11,52.32000,52.99000,51.73500,51.77000,453900
360,2021-11-10,51.44000,53.10000,51.33000,52.36000,558800
361,2021-11-09,55.75000,56.33000,51.04000,51.70000,1061400
362,2021-11-08,55.00000,55.28000,53.88000,54.15000,1182000
363,2021-11-05,53.87000,55.53000,53.81000,54.68000,733200
364,2021-11-04,53.26000,53.55000,52.33000,52.64000,603400
365,2021-11-03,51.27000,53.09000,50.93000,53.03000,692700
366,2021-11-02,51.84000,51.99000,50.98000,51.29000,551600
367,2021-11-01,50.64000,52.34500,50.54000,51.91000,1020500
368,2021-10-29,49.29000,50.53000,49.20700,50.28000,658900
369,2021-10-28,49.24000,50.31000,49.02000,49.42000,598500
370,2021-10-27,50.16000,50.36000,49.04000,49.06000,456700
371,2021-10-26,50.00000,50.54000,49.50000,50.38000,565600
372,2021-10-25,49.54000,50.16000,49.33000,49.85000,328600
373,2021-10-22,48.79000,49.73000,48.59000,49.38000,517500
374,2021-10-21,47.52000,49.43000,47.52000,49.24000,574100
375,2021-10-20,46.66000,47.82000,46.33000,47.53000,600700
376,2021-10-19,48.36000,48.57900,46.37000,46.50000,459900
377,2021-10-18,48.48000,48.73000,48.08000,48.16000,313700
378,2021-10-15,49.38000,49.67000,48.71000,48.87000,874100
379,2021-10-14,48.44000,48.95000,47.95000,48.34000,979700
380,2021-10-13,48.73000,49.11000,47.54000,47.78000,396100
381,2021-10-12,47.85000,49.06000,47.52000,48.73000,441200
382,2021-10-11,47.48000,48.12000,47.09000,47.70000,438000
383,2021-10-08,48.51000,48.63000,47.47000,47.48000,667300
384,2021-10-07,48.16000,48.88000,47.54000,48.51000,608000
385,2021-10-06,47.83000,48.68500,46.73000,47.69000,651400
386,2021-10-05,47.93000,48.77000,47.57000,48.45000,842900
387,2021-10-04,49.55000,49.67000,47.57000,47.87000,753100
388,2021-10-01,47.95000,49.74000,47.75000,49.23000,711700
389,2021-09-30,49.06000,49.24000,47.57000,47.57000,1002800
390,2021-09-29,49.56000,49.81000,48.86000,49.18000,545400
391,2021-09-28,49.93000,50.25000,48.93500,49.12000,1045600
392,2021-09-27,49.81000,50.50000,49.71000,49.93000,623000
393,2021-09-24,48.24000,49.79000,48.24000,49.31000,755600
394,2021-09-23,46.82000,49.33000,46.82000,48.43000,1126800
395,2021-09-22,45.32000,46.53000,45.13000,46.38000,630200
396,2021-09-21,45.59000,45.75000,44.75000,45.08000,681400
397,2021-09-20,44.90000,46.10000,44.39000,45.18000,689400
398,2021-09-17,46.71000,46.90800,45.53000,46.00000,1414900
399,2021-09-16,46.14000,46.95000,46.09500,46.48000,652400
400,2021-09-15,46.20000,46.60000,45.66000,46.14000,815600
401,2021-09-14,45.21000,46.68000,45.20000,46.57000,638300
402,2021-09-13,44.76000,45.31000,43.59000,45.20000,790800
403,2021-09-10,44.81000,45.20000,44.12000,44.30000,612200
404,2021-09-09,43.42000,44.68000,43.35000,44.27000,627300
405,2021-09-08,43.77000,43.92500,43.19000,43.53000,522300
406,2021-09-07,43.65000,44.09000,43.21000,43.69000,887900
407,2021-09-03,44.30000,44.95000,43.59000,43.82000,753900
408,2021-09-02,44.40000,45.01500,43.71000,44.64000,424000
409,2021-09-01,43.88000,44.24000,43.42000,44.12000,374300
410,2021-08-31,43.13000,43.84000,42.62000,43.69000,839300
411,2021-08-30,43.32000,43.57000,42.51100,43.11000,524300
412,2021-08-27,40.91000,43.38000,40.68000,43.19000,729900
413,2021-08-26,41.54000,41.88000,40.70000,41.09000,341100
414,2021-08-25,41.23000,42.37000,40.66000,41.68000,587700
415,2021-08-24,39.68000,41.82000,39.64000,41.23000,580000
416,2021-08-23,38.84000,39.38500,38.61000,39.29000,408000
417,2021-08-20,37.63000,38.42000,36.95000,38.40000,676100
418,2021-08-19,37.97000,38.25000,37.08000,37.64000,517700
419,2021-08-18,38.85000,39.13000,38.31500,38.36000,561100
420,2021-08-17,39.69000,39.91000,39.05000,39.09000,409700
421,2021-08-16,39.39000,40.36000,39.10000,40.19000,540500
422,2021-08-13,40.44500,40.44500,39.16000,39.91000,967700
423,2021-08-12,41.32000,41.43500,40.10000,40.37000,677200
424,2021-08-11,42.14000,42.32000,41.34000,41.52000,861800
425,2021-08-10,41.35000,42.39000,41.00000,42.24000,503300
426,2021-08-09,41.54000,42.00000,40.81000,41.60000,1286400
427,2021-08-06,41.80000,42.05000,40.99000,41.75000,580200
428,2021-08-05,40.18000,41.50000,40.05500,41.35000,724200
429,2021-08-04,39.32000,40.43000,39.23500,39.80000,1330900
430,2021-08-03,39.99000,40.24000,39.19500,39.98000,2328600
431,2021-08-02,41.14000,41.95500,39.99000,40.27000,1136700
432,2021-07-30,40.36000,40.91000,40.34000,40.67000,1313500
433,2021-07-29,38.56000,41.38000,37.51000,40.84000,943900
434,2021-07-28,40.80000,40.99500,39.53000,40.45000,1259600
435,2021-07-27,40.00000,40.50000,39.97000,40.40000,552500
436,2021-07-26,40.30000,40.57000,39.91000,40.39000,408800
437,2021-07-23,40.24000,40.33000,39.75000,40.02000,276100
438,2021-07-22,40.20000,40.28500,39.56500,39.82000,264500
439,2021-07-21,39.74000,40.89000,39.74000,40.51000,738600
440,2021-07-20,37.88000,39.70000,37.54000,39.24000,897200
441,2021-07-19,38.01000,38.88000,37.07000,37.91000,664100
442,2021-07-16,40.33000,40.56000,38.83000,39.01000,419700
443,2021-07-15,40.33000,40.38500,39.46000,39.89000,335600
444,2021-07-14,40.26000,40.87000,39.51000,40.56000,953500
445,2021-07-13,40.34000,40.46000,39.89000,40.02000,332500
446,2021-07-12,40.20000,41.01000,39.83000,40.73000,388100
447,2021-07-09,40.09000,40.74000,39.80000,40.72000,343200
448,2021-07-08,38.93000,40.29000,38.02000,39.44000,525200
449,2021-07-07,40.31000,40.79000,39.61000,39.69000,767500
450,2021-07-06,41.84000,41.84000,40.31000,40.63000,609100
451,2021-07-02,42.92000,43.04000,41.86000,41.90000,467700
452,2021-07-01,41.75000,42.81500,41.75000,42.71000,727100
453,2021-06-30,41.50000,42.32000,41.27000,41.39000,676500
454,2021-06-29,42.13000,42.21000,41.60000,41.76000,511800
455,2021-06-28,42.22000,42.28500,41.11500,41.99000,604500
456,2021-06-25,42.92000,43.20000,42.30000,42.31000,1299700
457,2021-06-24,43.25000,43.25000,42.50000,42.95000,1330000
458,2021-06-23,42.77000,43.40000,42.74000,42.99000,598800
459,2021-06-22,43.10000,43.39000,42.55000,42.98000,358100
460,2021-06-21,42.93000,43.46000,42.69000,43.40000,515600
461,2021-06-18,42.49000,42.86000,41.82000,42.56000,946000
462,2021-06-17,44.17000,44.42500,42.97000,43.24000,436900
463,2021-06-16,44.86000,45.08500,44.01000,44.18000,338700
464,2021-06-15,45.84000,46.07000,44.63000,45.00000,590900
465,2021-06-14,46.51000,46.85000,45.88000,45.98000,633500
466,2021-06-11,46.43000,47.13500,46.14000,46.82000,476000
467,2021-06-10,46.79000,46.79000,45.87000,46.37000,387200
468,2021-06-09,46.49000,46.77000,45.98000,46.54000,522600
469,2021-06-08,46.60000,46.90000,46.04000,46.45000,559600
470,2021-06-07,46.32000,46.48000,45.96000,46.31000,381800
471,2021-06-04,46.06000,46.76000,46.00000,46.08000,268300
472,2021-06-03,46.08000,46.14200,45.34000,45.83000,601100
473,2021-06-02,46.94000,47.03000,46.23000,46.70000,749400
474,2021-06-01,46.07000,46.93000,45.88000,46.83000,451900
475,2021-05-28,46.23000,46.33000,44.72000,45.73000,651100
476,2021-05-27,46.88000,46.88000,45.85000,46.01000,545200
477,2021-05-26,46.28000,46.74000,45.59000,46.19000,628100
478,2021-05-25,46.44000,48.16000,46.01000,46.35000,1203400
479,2021-05-24,45.61000,46.86000,45.22000,46.36000,673000
480,2021-05-21,45.47000,45.82000,44.74000,45.11000,709100
481,2021-05-20,44.50000,45.34000,43.50000,44.92000,905400
482,2021-05-19,44.35000,44.97000,43.09000,44.91000,794400
483,2021-05-18,45.72000,46.70000,45.11000,45.28000,784900
484,2021-05-17,44.88000,45.56000,44.11000,45.43000,545800
485,2021-05-14,43.34000,45.12000,43.08000,44.84000,951800
486,2021-05-13,41.98000,43.29000,41.98000,42.83000,1026000
487,2021-05-12,42.71000,43.28500,41.59800,41.97000,1296300
488,2021-05-11,42.35000,43.20000,42.20000,42.99000,753100
489,2021-05-10,44.41000,44.42000,43.13000,43.20000,536900
490,2021-05-07,42.93000,44.36000,42.76000,44.30000,1280900
491,2021-05-06,44.08000,44.10000,42.38500,43.12000,1652500
492,2021-05-05,44.34000,45.00000,44.04000,44.37000,1878600
493,2021-05-04,44.86000,45.22000,44.06000,44.87000,2119900
494,2021-05-03,44.93000,45.32000,44.04000,45.03000,1368300
495,2021-04-30,44.68000,45.39000,44.17000,44.56000,701100
496,2021-04-29,45.24000,46.57000,44.14000,44.85000,1554500
497,2021-04-28,44.14000,45.51000,43.95000,44.52000,881600
498,2021-04-27,43.07000,44.23000,42.87000,44.14000,971800
499,2021-04-26,43.10000,43.63000,42.75000,43.17000,746400
500,2021-04-23,43.46000,43.71000,42.71000,42.74000,598500
501,2021-04-22,43.07000,44.17000,42.71500,43.13000,1261100
502,2021-04-21,42.00000,43.35900,41.49000,43.02000,966500
503,2021-04-20,42.32000,42.32000,40.62000,42.00000,1330300
504,2021-04-19,42.01000,43.18000,41.77000,42.59000,851700
505,2021-04-16,41.24000,43.24000,41.22000,42.58000,2062800
506,2021-04-15,40.11000,40.65000,39.10000,40.47000,1107600
507,2021-04-14,38.83000,40.15000,38.83000,39.92000,1052400
508,2021-04-13,37.80000,38.72000,37.31000,38.65000,461800
509,2021-04-12,38.51000,38.52000,37.87000,38.17000,423700
510,2021-04-09,38.26000,39.10000,37.80000,38.51000,613600
511,2021-04-08,38.10000,38.61000,37.40000,38.57000,330700
512,2021-04-07,38.43000,38.80000,37.84000,38.10000,381000
513,2021-04-06,38.00000,38.87000,38.00000,38.33000,510800
514,2021-04-05,38.04000,39.07000,37.76000,37.91000,442700
515,2021-04-01,37.85000,38.74000,37.64000,38.00000,782000
516,2021-03-31,37.80000,38.10000,37.06000,37.49000,736800
517,2021-03-30,37.22000,38.10000,37.22000,37.64000,685900
518,2021-03-29,36.73000,37.63000,36.56000,37.00000,1147700
519,2021-03-26,37.95000,38.10000,36.36000,37.06000,903500
520,2021-03-25,35.73000,37.76000,35.34500,37.57000,664000
521,2021-03-24,37.28000,38.03000,35.83000,36.21000,1203900
522,2021-03-23,37.75000,37.81000,36.20000,36.61000,757300
523,2021-03-22,39.11000,39.53000,37.60000,38.22000,492700
524,2021-03-19,39.15000,39.47000,38.19500,39.13000,1772600
525,2021-03-18,40.07000,40.37000,38.72000,38.73000,740000
526,2021-03-17,39.30000,40.18000,39.11000,40.18000,870400
527,2021-03-16,40.64000,41.00000,38.67000,39.56000,1160600
528,2021-03-15,39.99000,41.06000,39.74000,41.00000,1535000
529,2021-03-12,40.10000,40.71900,39.55000,39.81000,1025700
530,2021-03-11,40.24000,40.38000,38.95000,40.16000,2128300
531,2021-03-10,41.17000,41.69000,39.38000,40.27000,1772400
532,2021-03-09,42.43000,42.94000,40.10000,40.57000,881600
533,2021-03-08,41.22000,41.54000,40.52000,40.58000,1018400
534,2021-03-05,40.26000,40.75500,38.26000,40.55000,872500
535,2021-03-04,40.21000,40.58000,38.09000,39.42000,586900
536,2021-03-03,40.74000,41.42000,40.18000,40.42000,616100
537,2021-03-02,41.70000,41.70000,39.55000,40.45000,1228100
538,2021-03-01,40.06000,42.52000,39.12000,41.84000,1141400
539,2021-02-26,39.52000,40.68000,38.78000,39.51000,1057500
540,2021-02-25,40.64000,40.72000,38.41000,39.02000,873600
541,2021-02-24,38.99000,41.15000,38.54000,40.62000,1182300
542,2021-02-23,38.90000,39.64000,37.90000,38.95000,1327900
543,2021-02-22,39.03000,40.11000,38.70000,38.85000,1408300
544,2021-02-19,37.44000,39.17000,37.43000,39.03000,1121000
545,2021-02-18,37.00000,37.50000,36.60000,37.06000,1217500
546,2021-02-17,35.70000,37.59000,35.60000,37.33000,1094700
547,2021-02-16,36.00000,37.03000,35.79000,36.14000,541700
548,2021-02-12,34.49000,35.85000,34.37000,35.64000,657100
549,2021-02-11,34.11000,34.74000,33.87000,34.69000,510600
550,2021-02-10,34.57000,34.75000,34.01000,34.12000,621100
551,2021-02-09,34.50000,34.75000,34.15000,34.16000,755600
552,2021-02-08,34.62000,34.77000,33.91000,34.17000,978400
553,2021-02-05,34.20000,35.28000,34.07500,34.36000,647900
554,2021-02-04,32.91000,34.11000,32.91000,33.76000,600900
555,2021-02-03,32.51000,32.98000,32.35000,32.67000,282400
556,2021-02-02,31.39000,32.65000,31.36000,32.57000,515000
557,2021-02-01,30.04000,31.06000,29.41500,30.98000,545200
558,2021-01-29,30.25000,30.25000,28.88000,29.72000,833700
559,2021-01-28,30.35000,31.13500,29.76000,30.41000,568500
560,2021-01-27,31.44000,32.24000,29.83000,29.90000,1189800
561,2021-01-26,33.38000,33.50000,32.19000,32.30000,334900
562,2021-01-25,33.42000,33.42000,32.58000,33.11000,488300
563,2021-01-22,33.53000,33.98000,32.89000,33.85000,512600
564,2021-01-21,34.19000,34.20500,33.04000,33.97000,742000
565,2021-01-20,33.79000,34.39000,33.74000,34.19000,823900
566,2021-01-19,33.17000,34.14000,32.95000,33.69000,940100
567,2021-01-15,31.64000,32.79000,31.64000,32.64000,817300
568,2021-01-14,32.24000,33.10000,32.02000,32.33000,827200
569,2021-01-13,32.23000,32.47000,31.41000,31.78000,387500
570,2021-01-12,32.39000,32.60000,31.70500,32.35000,335000
571,2021-01-11,31.76000,32.72000,31.59000,32.37000,346000
572,2021-01-08,32.65000,32.86000,31.71000,32.28000,373500
573,2021-01-07,32.47000,33.11000,32.10000,32.32000,492200
574,2021-01-06,31.28000,33.76000,31.28000,32.46000,1136000
575,2021-01-05,30.01000,31.21500,30.01000,30.90000,624900
576,2021-01-04,31.45000,31.70000,29.58000,30.11000,1003700
577,2020-12-31,31.01000,31.72000,30.75000,31.35000,622300
578,2020-12-30,30.51000,31.42000,30.50000,31.23000,409900
579,2020-12-29,30.85000,31.18500,30.33000,30.54000,316300
580,2020-12-28,30.95000,31.21000,30.59000,30.80000,334700
581,2020-12-24,30.56000,30.64500,29.97000,30.46000,135700
582,2020-12-23,30.37000,30.91000,30.13000,30.55000,386200
583,2020-12-22,30.11000,30.51000,29.65000,30.08000,287400
584,2020-12-21,29.13000,30.37000,29.13000,30.30000,919700
585,2020-12-18,29.31000,31.21000,29.23000,30.23000,1259900
586,2020-12-17,29.70000,29.70000,28.76000,29.39000,424800
587,2020-12-16,30.26000,30.26000,29.32000,29.52000,400400
588,2020-12-15,29.90000,30.22500,29.27000,30.16000,373000
589,2020-12-14,30.50000,30.50000,29.35000,29.52000,608800
590,2020-12-11,30.10000,30.74000,29.69000,29.84000,610100
591,2020-12-10,29.82000,30.49000,29.46000,30.29000,559700
592,2020-12-09,29.82000,30.31000,29.71500,30.22000,1135700
593,2020-12-08,28.68000,29.50500,28.63500,29.44000,683000
594,2020-12-07,29.56000,29.70000,28.60000,29.13000,586000
595,2020-12-04,28.42000,29.66000,27.73500,29.66000,689200
596,2020-12-03,28.06000,28.48000,27.82000,28.01000,1137200
597,2020-12-02,28.02000,28.22000,27.69000,27.85000,758600
598,2020-12-01,28.29000,28.61000,27.84000,28.13000,917900
599,2020-11-30,28.25000,28.30000,26.57000,27.74000,1185300
600,2020-11-27,28.12000,28.71500,28.12000,28.50000,329700
601,2020-11-25,29.00000,29.00000,28.02000,28.09000,539800
602,2020-11-24,28.97000,29.37500,28.73000,29.24000,860200
603,2020-11-23,27.95000,28.71000,27.74000,28.38000,619300
604,2020-11-20,27.60000,28.02000,27.34000,27.58000,485100
605,2020-11-19,27.98000,28.17000,27.46000,27.81000,312200
606,2020-11-18,28.10000,28.71500,27.38000,27.99000,1044900
607,2020-11-17,27.30000,27.99000,26.71900,27.98000,802600
608,2020-11-16,28.20000,28.38000,27.44000,27.74000,747200
609,2020-11-13,26.25000,27.05000,25.94000,26.85000,537100
610,2020-11-12,26.26000,26.56000,25.42000,25.84000,542900
611,2020-11-11,27.52000,27.67000,26.03000,26.62000,1307500
612,2020-11-10,27.65000,27.93000,26.65000,27.35000,1045500
613,2020-11-09,27.67000,29.75000,26.92000,27.38000,2635800
614,2020-11-06,23.94000,24.17000,23.57000,23.91000,889600
615,2020-11-05,22.50000,23.91000,22.48000,23.90000,799800
616,2020-11-04,22.89000,23.56000,22.26000,22.35000,457400
617,2020-11-03,22.43000,23.40000,22.38300,23.20000,708700
618,2020-11-02,20.80000,21.94000,20.40000,21.92000,586000
619,2020-10-30,20.93000,21.22000,20.20000,20.60000,466200
620,2020-10-29,20.82000,21.73000,20.37000,20.91000,890200
621,2020-10-28,21.64000,21.87000,20.58000,20.68000,1301200
622,2020-10-27,22.29000,22.49000,21.99500,22.21000,895000
623,2020-10-26,22.82000,22.88000,21.75000,22.32000,334400
624,2020-10-23,23.58000,24.04000,23.27000,23.29000,441400
625,2020-10-22,22.95000,23.60000,22.93000,23.34000,1354900
626,2020-10-21,22.29000,22.96000,22.19000,22.78000,3684000
627,2020-10-20,21.68000,22.48000,21.68000,22.30000,566800
628,2020-10-19,22.16000,22.32000,21.13000,21.31000,561900
629,2020-10-16,21.96000,22.22000,21.56000,21.77000,270200
630,2020-10-15,21.48000,22.13000,21.35000,21.99000,467900
631,2020-10-14,22.23000,22.49000,21.82000,21.82000,252100
632,2020-10-13,22.39000,22.55000,21.74000,21.95000,367000
633,2020-10-12,23.04000,23.08000,22.60000,22.68000,762200
634,2020-10-09,23.10000,23.11000,22.40000,22.83000,407300
635,2020-10-08,23.11000,23.11000,22.47000,22.91000,707000
636,2020-10-07,22.43000,23.10000,22.33000,22.79000,1046000
637,2020-10-06,22.07000,22.96300,21.97000,22.02000,499000
638,2020-10-05,21.78000,22.00000,21.19000,21.75000,361900
639,2020-10-02,20.75000,21.65000,20.72000,21.57000,554700
640,2020-10-01,21.01000,21.42000,20.68000,21.38000,606900
641,2020-09-30,21.35000,22.07000,20.81000,20.98000,547800
642,2020-09-29,21.98000,21.98000,20.73000,21.21000,834200
643,2020-09-28,21.53000,22.10500,21.12000,21.98000,448200
644,2020-09-25,20.31000,21.43000,20.31000,21.09000,750200
645,2020-09-24,20.46000,20.76000,19.76000,20.53000,895000
646,2020-09-23,20.43000,21.05000,20.32000,20.46000,465600
647,2020-09-22,20.27000,20.62000,20.06000,20.41000,486500
648,2020-09-21,20.63000,20.74000,19.68500,20.24000,1061000
649,2020-09-18,22.14000,22.14000,21.19000,21.34000,1409400
650,2020-09-17,21.75000,22.07000,21.40000,21.94000,546900
651,2020-09-16,22.61000,22.61000,22.00000,22.00000,665300
652,2020-09-15,23.19000,23.42000,22.32000,22.34000,429600
653,2020-09-14,22.25000,23.33000,22.24000,23.10000,964100
654,2020-09-11,22.85000,22.93000,21.82000,22.03000,561400
655,2020-09-10,22.78000,23.44000,22.62000,22.79000,640900
656,2020-09-09,23.19000,23.23000,22.62000,22.71000,1097700
657,2020-09-08,23.11000,23.40500,22.65000,23.11000,1013100
658,2020-09-04,22.85000,23.43000,22.38000,22.74000,510700
659,2020-09-03,22.98000,23.49000,22.16000,22.34000,488300
660,2020-09-02,22.50000,22.98000,22.17000,22.89000,773900
661,2020-09-01,21.76000,22.44000,21.60000,22.40000,826800
662,2020-08-31,23.13000,23.41000,21.83000,21.91000,900600
663,2020-08-28,22.42000,23.55000,22.30000,23.31000,1446200
664,2020-08-27,20.84000,22.28000,20.78000,22.20000,1326900
665,2020-08-26,20.80000,20.92000,20.46000,20.57000,340700
666,2020-08-25,21.00000,21.29000,20.44000,20.92000,423700
667,2020-08-24,20.24000,20.87000,19.86000,20.87000,385700
668,2020-08-21,20.28000,20.64000,19.88000,20.07000,476600
669,2020-08-20,20.36000,20.80000,20.11000,20.42000,450200
670,2020-08-19,20.79000,21.23000,20.59000,20.69000,419200
671,2020-08-18,21.10000,21.14000,20.61000,20.81000,488300
672,2020-08-17,22.05000,22.05000,21.08000,21.18000,587900
673,2020-08-14,22.01000,22.47000,21.94000,22.05000,235500
674,2020-08-13,22.29000,22.87000,22.20000,22.29000,442400
675,2020-08-12,22.94000,23.25000,22.15000,22.47000,934500
676,2020-08-11,22.75000,23.24000,22.37000,22.44000,1347000
677,2020-08-10,21.95000,22.79500,21.95000,22.20000,675900
678,2020-08-07,21.37000,22.01000,21.19000,21.82000,540200
679,2020-08-06,21.14000,22.04000,21.09000,21.53000,514400
680,2020-08-05,21.24000,21.54000,21.02000,21.25000,1057200
681,2020-08-04,20.11000,21.19000,20.11000,20.80000,791000
682,2020-08-03,20.39000,20.72000,20.19000,20.27000,755300
683,2020-07-31,20.50000,20.50000,19.73000,20.30000,799400
684,2020-07-30,19.99000,20.95000,19.24000,20.79000,1361200
685,2020-07-29,19.75000,20.50000,19.75000,20.47000,414900
686,2020-07-28,19.74000,19.95000,19.40000,19.60000,744800
687,2020-07-27,20.09000,20.15000,19.45000,20.00000,700300
688,2020-07-24,20.23000,20.23000,19.86000,20.10000,854200
689,2020-07-23,20.59000,20.87500,20.21000,20.39000,451500
690,2020-07-22,20.36000,21.03000,20.24000,20.78000,526800
691,2020-07-21,20.39000,20.87000,20.14500,20.57000,887100
692,2020-07-20,21.56000,21.60000,19.67000,20.15000,805400
693,2020-07-17,22.01000,22.18000,21.55000,21.70000,1152700
694,2020-07-16,22.25000,22.34500,21.81000,22.03000,691800
695,2020-07-15,21.87000,22.61000,21.47000,22.30000,1582700
696,2020-07-14,20.26000,20.87000,19.76000,20.77000,857500
697,2020-07-13,20.88000,21.44000,20.43000,20.52000,991000
698,2020-07-10,19.71000,20.54000,19.45000,20.50000,429000
699,2020-07-09,21.06000,21.06000,19.18000,19.81000,1015500
700,2020-07-08,21.00000,21.08000,20.58000,21.06000,855800
701,2020-07-07,21.14000,21.34000,20.84000,21.10000,1219600
702,2020-07-06,20.79000,21.55000,20.51000,21.55000,1739400
703,2020-07-02,20.63000,20.95000,20.00000,20.18000,830400
704,2020-07-01,19.77000,21.47000,19.77000,20.04000,1702300
705,2020-06-30,19.23000,19.75000,18.74000,19.55000,1155400
706,2020-06-29,18.88000,19.94000,18.71000,19.40000,892100
707,2020-06-26,20.45000,20.59500,18.36000,18.65000,10377000
708,2020-06-25,20.66000,20.78000,19.97000,20.66000,1211600
709,2020-06-24,21.37000,21.39000,20.49000,20.73000,894700
710,2020-06-23,21.74000,21.87000,21.26000,21.70000,622400
711,2020-06-22,20.93000,21.55000,20.59000,21.41000,1115600
712,2020-06-19,22.05000,22.05000,20.88000,21.00000,868700
713,2020-06-18,21.24000,21.98000,21.10000,21.42000,985700
714,2020-06-17,22.84000,22.99000,21.50000,21.57000,639600
715,2020-06-16,23.84000,23.84000,22.27000,22.90000,556100
716,2020-06-15,21.31000,22.70000,21.21000,22.47000,1070100
717,2020-06-12,22.91000,23.11500,21.95000,22.59000,795600
718,2020-06-11,22.08000,23.06500,21.24000,21.40000,1103400
719,2020-06-10,24.77000,24.94000,23.60000,23.78000,854900
720,2020-06-09,25.00000,25.44000,24.45000,24.83000,1424900
721,2020-06-08,25.31000,25.94000,25.31000,25.65000,1730300
722,2020-06-05,26.12000,26.60000,24.57000,24.73000,2141800
723,2020-06-04,23.76000,24.56000,23.34500,24.25000,1394200
724,2020-06-03,23.78000,24.45000,23.72000,23.76000,756600
725,2020-06-02,22.74000,23.48000,22.44000,23.34000,1396300
726,2020-06-01,21.57000,23.03000,21.55000,22.40000,648700
727,2020-05-29,22.01000,22.32000,21.23000,21.54000,1117900
728,2020-05-28,22.86000,22.93000,22.06000,22.25000,1745800
729,2020-05-27,22.68000,22.97000,21.71000,22.23000,1212500
730,2020-05-26,21.37000,22.18000,21.28000,21.50000,870700
731,2020-05-22,20.67000,20.89000,20.22000,20.45000,702000
732,2020-05-21,20.29000,20.82000,20.05000,20.51000,526200
733,2020-05-20,21.29000,21.29000,20.00800,20.47000,1478800
734,2020-05-19,20.25000,20.39000,19.27000,19.59000,1101400
735,2020-05-18,19.00000,20.52000,18.98000,20.33000,1271300
736,2020-05-15,17.30000,18.17000,16.89000,17.77000,655700
737,2020-05-14,16.31000,17.64000,16.03000,17.50000,1095000
738,2020-05-13,17.13000,17.13000,16.11000,16.97000,2225800
739,2020-05-12,18.38000,18.63000,17.14000,17.17000,590100
740,2020-05-11,18.90000,19.01000,18.02000,18.20000,696500
741,2020-05-08,17.97000,19.27000,17.86000,19.10000,576600
742,2020-05-07,17.01000,17.96000,17.01000,17.33000,1358200
743,2020-05-06,17.71000,17.91000,16.47000,16.75000,686900
744,2020-05-05,18.46000,18.88000,17.50200,17.53000,739300
745,2020-05-04,18.29000,18.88000,17.72000,18.31000,1019200
746,2020-05-01,19.84000,19.91000,18.64000,19.00000,991800
747,2020-04-30,19.79000,20.82000,19.50000,20.60000,2542000
748,2020-04-29,20.96000,21.51000,20.30000,20.93000,1558200
749,2020-04-28,20.35000,20.51000,19.17000,19.78000,751600
750,2020-04-27,19.07000,20.01000,19.07000,19.49000,725500
751,2020-04-24,18.27000,18.91000,17.99000,18.81000,1794200
752,2020-04-23,18.21000,19.09000,17.90000,18.35000,502200
753,2020-04-22,18.09000,18.56000,17.51000,17.84000,565700
754,2020-04-21,17.70000,18.21000,17.10000,17.65000,752300
755,2020-04-20,18.62000,19.20000,18.13000,18.42000,869700
756,2020-04-17,18.05000,19.43000,18.05000,19.18000,1973800
757,2020-04-16,17.50000,17.51000,16.68000,17.42000,1619900
758,2020-04-15,16.93000,17.65500,16.51000,17.37000,960700
759,2020-04-14,18.01000,18.70000,17.20000,17.61000,1081600
760,2020-04-13,17.38000,17.85000,16.42000,17.64000,1468300
761,2020-04-09,18.68000,19.11000,17.18000,17.45000,1614300
762,2020-04-08,16.39000,18.00000,16.06000,17.56000,1859000
763,2020-04-07,16.80000,17.76000,15.40000,15.97000,2127100
764,2020-04-06,14.27000,15.72000,14.18000,15.52000,2418200
765,2020-04-03,14.06000,14.10500,12.78700,13.30000,747800
766,2020-04-02,14.50000,15.93000,13.83000,14.08000,748600
767,2020-04-01,15.03000,15.24000,14.14000,14.84000,648300
768,2020-03-31,15.68000,16.72000,15.30000,15.77000,753400
769,2020-03-30,16.76000,16.99000,15.30000,16.16000,605800
770,2020-03-27,17.32000,17.88000,16.62000,17.31000,606600
771,2020-03-26,17.00000,19.17900,17.00000,18.30000,652400
772,2020-03-25,16.42000,17.90000,13.75000,16.55000,998800
773,2020-03-24,13.71000,15.32000,13.62000,15.28000,726000
774,2020-03-23,13.52000,14.13400,12.42000,12.76000,1067800
775,2020-03-20,12.05000,14.65000,12.03000,13.42000,1581800
776,2020-03-19,10.31000,12.38000,9.29000,11.56000,1987300
777,2020-03-18,12.92000,13.26000,8.28000,10.53000,1783900
778,2020-03-17,14.65000,14.88000,11.72000,13.79000,1456700
779,2020-03-16,16.70000,17.00000,13.89000,14.26000,1370200
780,2020-03-13,16.98000,19.11000,16.30000,19.02000,1000400
781,2020-03-12,16.90000,17.51000,14.36000,15.82000,2192200
782,2020-03-11,20.92000,20.92000,18.23000,18.37000,852200
783,2020-03-10,22.04000,22.17800,19.86000,21.52000,1167100
784,2020-03-09,22.08000,22.48000,20.83000,21.21000,1178200
785,2020-03-06,23.44000,25.00000,23.44000,24.22000,1489700
786,2020-03-05,25.44000,25.49000,23.91000,24.53000,925100
787,2020-03-04,26.00000,26.46000,25.30000,26.34000,1118600
788,2020-03-03,26.59000,26.92000,25.11000,25.80000,1236400
789,2020-03-02,26.80000,26.93000,25.51500,26.58000,954900
790,2020-02-28,27.00000,27.25000,25.96000,26.66000,1389200
791,2020-02-27,27.00000,29.70000,25.98500,27.79000,2376800
792,2020-02-26,29.22000,29.35000,26.77500,27.24000,1114000
793,2020-02-25,30.54000,30.66000,28.51000,29.21000,972300
794,2020-02-24,30.52000,30.55000,29.82000,30.50000,1257300
795,2020-02-21,31.70000,31.74500,31.03200,31.50000,517800
796,2020-02-20,31.92000,32.25000,31.78000,31.99000,214300
797,2020-02-19,32.32000,32.50000,31.58000,31.98000,364000
798,2020-02-18,32.94000,33.03000,32.22000,32.32000,331500
799,2020-02-14,32.91000,33.07000,32.58000,32.97000,739100
800,2020-02-13,32.26000,32.82000,32.04000,32.81000,950500
801,2020-02-12,32.22000,32.55000,31.88000,32.37000,433000
802,2020-02-11,31.36000,32.12000,31.26000,32.00000,531600
803,2020-02-10,31.09000,31.32000,30.97000,31.28000,166900
804,2020-02-07,31.55000,31.87000,31.01000,31.20000,433200
805,2020-02-06,32.62000,32.62000,31.71000,31.80000,416000
806,2020-02-05,32.16000,32.38000,31.91000,32.28000,440300
807,2020-02-04,31.92000,32.26000,31.69000,31.77000,436900
808,2020-02-03,32.10000,32.61500,31.47000,31.49000,612900
809,2020-01-31,32.50000,32.58000,31.13000,31.91000,2054300
810,2020-01-30,32.55000,33.34000,32.54000,33.27000,427800
811,2020-01-29,33.18000,33.46000,32.77000,32.79000,419400
812,2020-01-28,32.62000,33.50500,32.45000,33.16000,616900
813,2020-01-27,32.86000,32.87000,31.96000,32.42000,1174700
814,2020-01-24,34.19000,34.19000,33.49000,33.76000,502900
815,2020-01-23,33.72000,34.40000,33.17000,34.19000,463900
816,2020-01-22,34.25000,34.39000,33.95000,34.02000,511600
817,2020-01-21,34.53000,34.63000,33.97000,34.25000,722500
818,2020-01-17,34.69000,34.87000,34.61000,34.82000,510600
819,2020-01-16,34.28000,34.66000,34.21000,34.62000,453600
820,2020-01-15,34.45000,34.94000,34.10500,34.21000,276800
821,2020-01-14,34.35000,34.59000,34.17000,34.47000,529200
822,2020-01-13,34.40000,34.58000,34.24000,34.43000,343900
823,2020-01-10,34.68000,34.72000,34.26000,34.38000,364200
824,2020-01-09,34.81000,34.94000,34.48000,34.67000,311500
825,2020-01-08,34.55000,34.75000,34.47000,34.66000,293500
826,2020-01-07,34.55000,34.97000,34.54000,34.54000,497200
827,2020-01-06,34.56000,34.75000,34.40000,34.65000,804900
828,2020-01-03,34.53000,34.90000,34.35000,34.74000,314800
829,2020-01-02,34.61000,35.07000,34.34000,34.88000,1326700
830,2019-12-31,34.62000,34.70000,34.29000,34.39000,694200
831,2019-12-30,34.54000,34.72000,34.29000,34.71000,543000
832,2019-12-27,34.59000,34.70000,34.43000,34.45000,417900
833,2019-12-26,34.55000,34.77000,34.39000,34.50000,316500
834,2019-12-24,34.40000,34.63000,34.25000,34.46000,237200
835,2019-12-23,34.68000,34.73000,34.36000,34.48000,404900
836,2019-12-20,34.83000,34.92000,34.58000,34.65000,915500
837,2019-12-19,34.73000,35.02000,34.73000,34.83000,533100
838,2019-12-18,34.50000,34.88000,34.50000,34.84000,408800
839,2019-12-17,34.34000,34.69000,33.88000,34.50000,672300
840,2019-12-16,34.69000,34.95000,34.47000,34.50000,542400
841,2019-12-13,34.73000,34.74000,34.28000,34.50000,1295700
842,2019-12-12,34.23000,34.93000,34.21000,34.59000,1157300
843,2019-12-11,34.50000,34.86000,34.16000,34.22000,670800
844,2019-12-10,34.62000,34.70000,34.09000,34.46000,1609000
845,2019-12-09,34.90000,34.95000,34.67000,34.68000,1315700
846,2019-12-06,35.07000,35.42000,34.82000,34.95000,575500
847,2019-12-05,34.23000,35.13000,34.23000,34.90000,1595900
848,2019-12-04,34.22000,34.47000,34.10000,34.22000,1129900
849,2019-12-03,33.98000,34.33500,33.80000,33.92000,1039800
850,2019-12-02,34.66000,34.85000,34.18000,34.29000,646100
851,2019-11-29,34.72000,34.92000,34.51000,34.63000,169700
852,2019-11-27,34.95000,35.05000,34.64000,34.77000,507100
853,2019-11-26,34.85000,35.16000,34.67000,34.88000,481300
854,2019-11-25,34.50000,35.39000,34.37000,34.79000,864900
855,2019-11-22,34.72000,34.82000,34.28000,34.30000,673800
856,2019-11-21,34.75000,34.85000,34.48000,34.62000,441000
857,2019-11-20,34.98000,35.16000,34.67000,34.67000,755900
858,2019-11-19,34.89000,35.21000,34.89000,35.06000,383400
859,2019-11-18,35.10000,35.35000,34.69000,34.88000,568200
860,2019-11-15,35.40000,35.61000,35.09600,35.15000,549900
861,2019-11-14,35.21000,35.52000,35.16500,35.28000,603800
862,2019-11-13,35.23000,35.49000,35.11000,35.21000,426500
863,2019-11-12,35.27000,35.61000,35.20000,35.30000,711600
864,2019-11-11,35.43000,35.56000,35.12000,35.16000,1415200
865,2019-11-08,35.53000,35.94000,35.25000,35.67000,640100
866,2019-11-07,36.00000,36.06000,35.49000,35.57000,884500
867,2019-11-06,35.96000,35.96000,35.58000,35.84000,1297300
868,2019-11-05,35.58000,36.03000,35.29000,35.88000,688100
869,2019-11-04,35.73000,35.91000,35.05000,35.62000,953500
870,2019-11-01,35.03000,35.55000,34.86000,35.34000,1542000
871,2019-10-31,35.89000,36.56000,34.50000,34.73000,1830200
872,2019-10-30,34.85000,34.85000,33.72500,34.50000,1636900
873,2019-10-29,34.99000,34.99000,34.72000,34.73000,574400
874,2019-10-28,34.92000,35.08000,34.57000,34.84000,655300
875,2019-10-25,34.70000,34.85000,34.50500,34.68000,708700
876,2019-10-24,34.49000,34.84000,34.40000,34.74000,879900
877,2019-10-23,34.38000,34.51000,34.16000,34.47000,339900
878,2019-10-22,34.68000,34.70000,34.17000,34.31000,342000
879,2019-10-21,34.53000,34.80000,34.42500,34.51000,955900
880,2019-10-18,34.20000,34.42000,34.08000,34.34000,593800
881,2019-10-17,34.45000,34.65000,34.25000,34.30000,953100
882,2019-10-16,34.53000,34.81000,34.18000,34.38000,1064000
883,2019-10-15,34.76000,35.10000,34.42000,34.52000,1901100
884,2019-10-14,32.52000,36.00000,32.36000,34.57000,5679600
885,2019-10-11,32.47000,32.85000,32.40000,32.64000,1495400
886,2019-10-10,32.06000,32.61000,31.92000,31.95000,450400
887,2019-10-09,32.24000,32.24000,31.79500,32.00000,862600
888,2019-10-08,32.02000,32.40000,31.66000,32.04000,439500
889,2019-10-07,32.20000,32.70000,32.07000,32.22000,1291900
890,2019-10-04,32.29000,32.76000,32.14000,32.14000,970500
891,2019-10-03,31.89000,32.26000,31.58000,32.06000,1371100
892,2019-10-02,31.74000,32.19000,31.13000,32.07000,745500
893,2019-10-01,32.21000,32.46000,31.88500,31.94000,742000
894,2019-09-30,32.06000,32.39000,31.88000,32.00000,1336700
895,2019-09-27,32.38000,32.59000,31.63000,32.09000,1359000
896,2019-09-26,32.87000,32.87000,32.21000,32.25000,931800
897,2019-09-25,32.03000,33.25500,32.03000,32.83000,1432400
898,2019-09-24,33.60000,33.62000,32.64000,32.69000,785200
899,2019-09-23,33.45000,33.68000,33.13000,33.29000,1491300
900,2019-09-20,33.43000,33.70000,33.21000,33.49000,1594800
901,2019-09-19,33.08000,33.98000,33.08000,33.53000,1189700
902,2019-09-18,33.75000,34.89000,33.21000,33.36000,2154400
903,2019-09-17,33.57000,34.00000,33.29000,33.80000,593700
904,2019-09-16,33.67000,33.92000,33.37000,33.64000,787000
905,2019-09-13,34.00000,34.41000,33.93000,33.95000,657100
906,2019-09-12,34.02000,34.45000,33.61500,33.92000,1126400
907,2019-09-11,33.42000,34.13000,33.02000,33.85000,2162800
908,2019-09-10,33.08000,33.47000,32.83000,33.29000,2003300
909,2019-09-09,33.56000,33.66000,33.19000,33.20000,1350100
910,2019-09-06,33.69000,33.89000,33.30500,33.40000,1026300
911,2019-09-05,33.77000,34.15000,33.42000,33.60000,1532600
912,2019-09-04,33.58000,33.76000,33.17500,33.49000,650100
913,2019-09-03,33.46000,33.56000,32.95500,33.26000,1375000
914,2019-08-30,33.63000,33.82500,33.43600,33.77000,657700
915,2019-08-29,32.55000,35.03000,32.55000,33.58000,2478700
916,2019-08-28,32.00000,32.42000,32.00000,32.28000,862500
917,2019-08-27,32.01000,32.53000,31.93000,32.00000,934900
918,2019-08-26,32.07000,32.34000,31.75000,31.90000,1528200
919,2019-08-23,32.06000,32.31000,31.59000,31.79000,1731000
920,2019-08-22,31.94000,32.36000,31.82000,32.25000,1602800
921,2019-08-21,31.66000,32.31000,31.31700,31.79000,4165600
922,2019-08-20,31.27000,31.75000,30.82000,31.24000,7881900
923,2019-08-19,28.08000,28.55000,27.74000,28.21000,2032900
924,2019-08-16,26.13000,27.76000,26.13000,27.62000,3185700
925,2019-08-15,25.80000,25.98000,25.18000,25.87000,1691300
926,2019-08-14,26.18000,26.26000,25.18000,25.61000,3224800
927,2019-08-13,26.39000,27.55000,26.20000,26.77000,1630300
928,2019-08-12,26.52000,26.59000,26.17000,26.41000,1190000
929,2019-08-09,27.24000,27.24000,26.73000,26.73000,1924200
930,2019-08-08,26.50000,27.30000,26.45000,27.21000,1672300
931,2019-08-07,25.93000,26.40000,25.61500,26.37000,2498700
932,2019-08-06,26.11000,26.44000,25.53000,26.36000,2284400
933,2019-08-05,26.15000,26.41000,25.20000,26.08000,3208800
934,2019-08-02,27.26000,27.68000,26.26000,26.46000,5805500
935,2019-08-01,26.40000,28.89000,25.78100,28.14000,12871000
936,2019-07-31,33.19000,33.36500,32.67000,32.70000,1604100
937,2019-07-30,32.57000,33.29000,32.52000,33.19000,1387000
938,2019-07-29,32.59000,32.89000,32.43000,32.75000,984700
939,2019-07-26,32.83000,32.91000,32.50000,32.70000,1032600
940,2019-07-25,32.76000,32.97500,32.49500,32.65000,728800
941,2019-07-24,32.30000,32.82000,32.30000,32.75000,824200
942,2019-07-23,32.27000,32.52000,32.10000,32.40000,1182600
943,2019-07-22,32.08000,32.27500,31.84000,32.04000,1486000
944,2019-07-19,32.27000,32.43000,31.93000,32.01000,827300
945,2019-07-18,32.04000,32.24000,31.88500,32.12000,555100
946,2019-07-17,32.22000,32.35000,31.90500,32.03000,534000
947,2019-07-16,32.13000,32.56500,32.09000,32.36000,855800
948,2019-07-15,32.15000,32.38000,31.77000,32.20000,1749000
949,2019-07-12,32.04000,32.41500,32.04000,32.12000,914300
950,2019-07-11,32.04000,32.31000,31.85500,31.99000,975500
951,2019-07-10,32.00000,32.04500,31.73000,31.89000,620000
952,2019-07-09,31.62000,31.95000,31.53500,31.83000,1467100
953,2019-07-08,32.14000,32.14000,31.74500,31.85000,1180300
954,2019-07-05,32.00000,32.35000,31.91000,32.21000,517800
955,2019-07-03,31.87000,32.24000,31.85000,32.14000,934900
956,2019-07-02,31.90000,31.90000,31.40000,31.67000,2082400
957,2019-07-01,32.31000,32.49000,31.74000,31.91000,1661400
958,2019-06-28,31.55000,31.95000,31.53000,31.82000,2914500
959,2019-06-27,30.99000,31.60000,30.92000,31.56000,3019100
960,2019-06-26,30.57000,31.06000,30.46000,30.90000,3187700
961,2019-06-25,30.47000,30.71000,30.30000,30.46000,2200600
962,2019-06-24,30.38000,30.66000,30.33000,30.42000,1436800
963,2019-06-21,29.95000,30.46000,29.69000,30.38000,2158400
964,2019-06-20,29.83000,30.26000,29.69000,29.95000,1740400
965,2019-06-19,29.68000,29.83000,29.43000,29.73000,2032600
966,2019-06-18,29.38000,29.85000,29.14000,29.70000,2262900
967,2019-06-17,29.20000,29.48500,28.81000,29.11000,1540500
968,2019-06-14,28.85000,29.30000,28.69000,29.10000,1556300
969,2019-06-13,28.80000,29.13000,28.57000,28.94000,1834400
970,2019-06-12,28.79000,29.05000,28.51000,28.78000,1507200
971,2019-06-11,28.49000,28.97000,28.39900,28.80000,2590200
972,2019-06-10,27.76000,28.56000,27.75000,28.21000,1796000
973,2019-06-07,27.05000,28.27000,26.87000,27.60000,2841200
974,2019-06-06,26.60000,26.89000,26.15000,26.88000,4725800
975,2019-06-05,26.45000,26.78000,26.04000,26.70000,1676900
976,2019-06-04,26.10000,26.42000,25.85000,26.42000,1891100
977,2019-06-03,25.42000,26.17000,25.20300,25.74000,2194700
978,2019-05-31,24.88000,25.56000,24.83000,25.42000,2511400
979,2019-05-30,25.08000,25.40000,25.00500,25.28000,1350200
980,2019-05-29,25.25000,25.27000,24.86000,25.11000,957000
981,2019-05-28,25.86000,25.86000,25.37000,25.42000,1019600
982,2019-05-24,25.94000,26.04000,25.63500,25.86000,1010700
983,2019-05-23,25.96000,25.96000,25.40500,25.76000,1611300
984,2019-05-22,26.77000,26.90000,26.34000,26.34000,1055400
985,2019-05-21,27.02000,27.24000,26.78000,27.00000,643600
986,2019-05-20,27.02000,27.13000,26.69500,26.76000,863100
987,2019-05-17,27.56000,27.83000,27.22500,27.33000,1107300
988,2019-05-16,27.63000,28.25000,27.63000,27.84000,1440300
989,2019-05-15,27.62000,27.76000,27.17000,27.60000,1833000
990,2019-05-14,27.31000,27.75000,27.13000,27.56000,3025800
991,2019-05-13,27.84000,27.86000,27.00500,27.17000,3924800
992,2019-05-10,28.70000,28.90000,28.01000,28.45000,2169800
993,2019-05-09,29.37000,29.37000,28.56000,28.95000,1424300
994,2019-05-08,29.19000,29.80000,29.11000,29.67000,1581900
995,2019-05-07,29.70000,30.04000,29.31000,29.37000,1147200
996,2019-05-06,29.80000,30.24000,29.69000,30.00000,1422700
997,2019-05-03,29.22000,30.73000,29.22000,30.48000,2271200
998,2019-05-02,30.78000,31.24000,29.73000,30.00000,5880500
999,2019-05-01,32.50000,32.84000,31.89000,32.01000,1276200
1000,2019-04-30,32.42000,32.47000,31.79000,32.04000,547100
1001,2019-04-29,32.09000,32.58000,32.02000,32.49000,786300
1002,2019-04-26,32.16000,32.18000,31.58000,31.93000,868500
1003,2019-04-25,32.40000,32.43000,31.72000,32.18000,619800
1004,2019-04-24,33.03000,33.25000,32.44000,32.47000,624600
1005,2019-04-23,33.00000,33.35000,32.61500,33.17000,878500
1006,2019-04-22,32.46000,32.99000,32.46000,32.99000,544300
1007,2019-04-18,32.92000,32.92000,32.13000,32.67000,588400
1008,2019-04-17,33.85000,33.85000,32.68000,32.77000,604700
1009,2019-04-16,33.55000,33.74000,33.23000,33.57000,1666500
1010,2019-04-15,33.25000,33.52000,32.97000,33.29000,1029900
1011,2019-04-12,33.21000,33.54000,32.85000,33.20000,1577000
1012,2019-04-11,32.69000,33.08000,32.56000,32.91000,1640800
1013,2019-04-10,32.29000,32.64000,32.13000,32.55000,513000
1014,2019-04-09,32.89000,32.91000,32.10000,32.21000,449700
1015,2019-04-08,32.54000,33.28000,32.54000,33.09000,777400
1016,2019-04-05,31.99000,32.90500,31.89000,32.72000,699400
1017,2019-04-04,31.68000,32.10000,31.68000,31.79000,499700
1018,2019-04-03,32.25000,32.33000,31.49000,31.68000,775200
1019,2019-04-02,31.89000,32.02000,31.63000,31.88000,591000
1020,2019-04-01,31.18000,31.94500,31.18000,31.91000,636100
1021,2019-03-29,30.89000,31.28500,30.69000,30.85000,909300
1022,2019-03-28,30.50000,31.00000,30.47000,30.75000,834400
1023,2019-03-27,30.73000,30.87000,30.17000,30.46000,813400
1024,2019-03-26,30.50000,30.77000,30.46000,30.69000,537100
1025,2019-03-25,30.59000,30.93000,30.25000,30.49000,939800
1026,2019-03-22,31.41000,31.47200,30.16000,30.51000,1045600
1027,2019-03-21,31.21000,31.77500,31.01000,31.61000,703600
1028,2019-03-20,31.56000,31.71000,30.98000,31.36000,708400
1029,2019-03-19,32.01000,32.31000,31.47500,31.58000,810700
1030,2019-03-18,32.02000,32.09000,31.70000,31.90000,887900
1031,2019-03-15,31.52000,32.08500,31.52000,31.89000,1242000
1032,2019-03-14,31.85000,32.02000,31.43000,31.47000,795900
1033,2019-03-13,31.74000,32.31000,31.46000,31.95000,1825400
1034,2019-03-12,31.74000,31.83000,31.32000,31.51000,1573700
1035,2019-03-11,32.21000,32.50000,31.59000,31.68000,1052700
1036,2019-03-08,31.71000,32.34000,31.54000,32.22000,713400
1037,2019-03-07,32.79000,32.88000,31.84000,32.02000,1455000
1038,2019-03-06,33.40000,33.60000,32.97000,32.97000,654800
1039,2019-03-05,33.14000,33.55500,32.90000,33.32000,1031500
1040,2019-03-04,33.00000,33.55000,32.44000,33.33000,1722500
1041,2019-03-01,32.33000,33.13500,32.16000,32.70000,2125400
1042,2019-02-28,33.84000,33.99000,31.39000,31.79000,2041900
1043,2019-02-27,32.27000,32.67000,32.07000,32.37000,955600
1044,2019-02-26,32.37000,32.69000,32.31000,32.41000,703700
1045,2019-02-25,33.15000,33.15000,32.20500,32.51000,1006700
1046,2019-02-22,32.41000,32.85300,32.41000,32.64000,733100
1047,2019-02-21,31.97000,32.39500,31.75000,32.33000,992600
1048,2019-02-20,31.84000,32.25000,31.60000,31.92000,472000
1049,2019-02-19,31.54000,31.93000,31.37000,31.82000,721800
1050,2019-02-15,31.36000,31.93000,31.24000,31.60000,497600
1051,2019-02-14,30.72000,31.36500,30.32000,31.12000,1339400
1052,2019-02-13,30.90000,31.21000,30.84000,30.97000,1166600
1053,2019-02-12,29.95000,30.84000,29.95000,30.56000,1213700
1054,2019-02-11,29.60000,30.09000,29.33000,29.78000,757700
1055,2019-02-08,29.57000,29.82000,29.27500,29.47000,776300
1056,2019-02-07,30.40000,30.51500,29.73000,29.83000,466200
1057,2019-02-06,30.66000,30.91000,30.58000,30.62000,274700
1058,2019-02-05,30.59000,31.23000,30.56000,30.80000,502200
1059,2019-02-04,30.26000,30.78000,30.01000,30.51000,435800
1060,2019-02-01,30.41000,30.47000,29.92000,30.43000,713000
1061,2019-01-31,30.37000,30.66000,30.07000,30.34000,551800
1062,2019-01-30,30.59000,30.95000,30.14000,30.44000,654800
1063,2019-01-29,29.68000,30.46000,29.68000,30.27000,962000
1064,2019-01-28,29.47000,29.96800,29.30000,29.70000,1227800
1065,2019-01-25,29.31000,29.89000,28.86000,29.77000,971800
1066,2019-01-24,28.85000,29.65000,28.85000,29.10000,1399100
1067,2019-01-23,29.46000,29.53000,28.69000,28.85000,1100600
1068,2019-01-22,30.08000,30.35500,29.13500,29.26000,1780100
1069,2019-01-18,29.96000,30.72000,29.52000,30.50000,2203700
1070,2019-01-17,29.47000,29.80000,29.37000,29.62000,642800
1071,2019-01-16,29.67000,29.91000,29.37000,29.56000,1132500
1072,2019-01-15,29.33000,29.56000,29.04000,29.49000,636500
1073,2019-01-14,29.50000,29.75000,29.08000,29.23000,1596800
1074,2019-01-11,29.41000,29.60500,29.04000,29.51000,796600
1075,2019-01-10,28.98000,29.87000,28.90000,29.41000,991300
1076,2019-01-09,29.35000,29.56000,28.86800,29.25000,1211500
1077,2019-01-08,27.92000,29.08000,27.58000,29.04000,1575400
1078,2019-01-07,27.16000,27.93000,26.74000,27.64000,1025200
1079,2019-01-04,26.07000,27.36000,25.83000,27.10000,2266300
1080,2019-01-03,26.03000,26.15000,25.24000,25.65000,517900
1081,2019-01-02,26.06000,26.65000,25.57000,26.32000,705100
1082,2018-12-31,26.35000,26.42000,25.75000,26.39000,907500
1083,2018-12-28,25.72000,26.29000,25.27000,26.19000,942200
1084,2018-12-27,25.10000,25.58000,24.49000,25.58000,946000
1085,2018-12-26,24.68000,25.58000,24.16500,25.55000,830400
1086,2018-12-24,24.76000,24.99000,24.28000,24.54000,331800
1087,2018-12-21,25.71000,25.92500,24.65000,25.00000,1001300
1088,2018-12-20,26.24000,26.36000,24.87000,25.68000,1858500
1089,2018-12-19,27.44000,28.15000,26.27000,26.52000,1333500
1090,2018-12-18,28.40000,28.57000,26.85000,27.44000,1900000
1091,2018-12-17,27.65000,28.86500,27.49000,28.13000,1701500
1092,2018-12-14,27.73000,28.79000,27.73000,28.12000,2182200
1093,2018-12-13,28.72000,28.92000,28.06000,28.11000,1146600
1094,2018-12-12,28.22000,29.31000,28.22000,28.32000,1376200
1095,2018-12-11,28.94000,29.39000,27.83000,27.87000,1283200
1096,2018-12-10,28.30000,29.17500,28.18000,28.43000,1374500
1097,2018-12-07,28.58000,29.72000,28.29000,28.42000,1567200
1098,2018-12-06,28.55000,28.96000,27.74000,28.57000,2141900
1099,2018-12-04,32.55000,32.55000,29.17000,29.20000,1901700
1100,2018-12-03,33.47000,33.47000,32.15500,32.59000,1028000
1101,2018-11-30,31.62000,32.12000,31.59000,32.06000,710500
1102,2018-11-29,32.52000,32.61000,31.44500,31.83000,737400
1103,2018-11-28,31.43000,32.59000,31.27000,32.27000,1555000
1104,2018-11-27,30.25000,31.25000,30.25000,31.16000,1609000
1105,2018-11-26,30.18000,30.85000,30.18000,30.49000,1001400
1106,2018-11-23,29.26000,30.11000,29.20000,30.07000,220400
1107,2018-11-21,29.18000,29.91000,28.94000,29.37000,654700
1108,2018-11-20,29.10000,29.23000,28.30000,28.85000,1183800
1109,2018-11-19,29.57000,30.37000,29.30000,29.54000,2530500
1110,2018-11-16,29.13000,30.02000,29.03700,29.60000,2356000
1111,2018-11-15,28.25000,29.81000,27.37000,29.38000,1739500
1112,2018-11-14,28.08000,29.10000,28.08000,28.27000,2131400
1113,2018-11-13,27.17000,28.05500,27.17000,27.75000,1312300
1114,2018-11-12,27.58000,27.85000,26.78000,27.15000,1549200
1115,2018-11-09,29.75000,29.95000,27.66000,27.73000,1906700
1116,2018-11-08,29.74000,30.46000,29.60000,30.11000,1059300
1117,2018-11-07,29.89000,30.42000,29.57000,30.14000,1288100
1118,2018-11-06,30.01000,30.08000,29.38000,29.90000,2201400
1119,2018-11-05,30.64000,31.09000,30.24500,30.30000,961700
1120,2018-11-02,31.91000,32.16000,30.52000,30.94000,1313800
1121,2018-11-01,27.03000,32.02000,27.03000,31.77000,2924300
1122,2018-10-31,27.16000,27.57500,26.81000,26.87000,2000800
1123,2018-10-30,26.75000,27.43000,26.57000,26.89000,811500
1124,2018-10-29,28.36000,28.86000,26.97000,27.33000,781300
1125,2018-10-26,27.36000,28.38000,27.00000,27.97000,1061900
1126,2018-10-25,26.51000,27.93500,26.38000,27.75000,1391000
1127,2018-10-24,28.01000,28.56000,26.20000,26.22000,2219900
1128,2018-10-23,28.93000,29.14000,28.09000,28.28000,1727900
1129,2018-10-22,30.00000,30.16500,29.34000,29.44000,858900
1130,2018-10-19,30.13000,30.35000,29.78000,29.87000,907300
1131,2018-10-18,30.33000,30.43000,29.87000,30.17000,1311300
1132,2018-10-17,30.15000,30.68000,29.83000,30.45000,1021500
1133,2018-10-16,29.45000,30.46000,29.16000,30.23000,822000
1134,2018-10-15,29.25000,29.61000,28.99000,29.31000,787100
1135,2018-10-12,29.49000,29.64000,28.98000,29.30000,932100
1136,2018-10-11,29.30000,29.52000,28.95000,29.07000,2249300
1137,2018-10-10,30.10000,30.15300,29.36000,29.38000,1752400
1138,2018-10-09,30.43000,30.60000,30.30000,30.30000,1354600
1139,2018-10-08,30.26000,30.70000,30.05000,30.60000,724100
1140,2018-10-05,31.31000,31.36000,30.21000,30.52000,1628500
1141,2018-10-04,32.15000,32.15000,30.62000,31.20000,2758200
1142,2018-10-03,32.40000,32.61000,32.17000,32.31000,1628000
1143,2018-10-02,32.85000,32.90000,31.92000,32.33000,1270200
1144,2018-10-01,33.27000,33.27000,32.52000,32.74000,1643800
1145,2018-09-28,32.96000,33.27000,32.78000,33.10000,910400
1146,2018-09-27,32.94000,33.25000,32.56000,33.02000,713600
1147,2018-09-26,32.60000,33.03000,32.08000,32.96000,1028600
1148,2018-09-25,32.83000,33.31000,32.52000,32.58000,857400
1149,2018-09-24,33.16000,33.16000,32.28000,32.73000,1171800
1150,2018-09-21,33.27000,33.44000,33.16000,33.24000,1208400
1151,2018-09-20,32.97000,33.40000,32.62000,33.23000,599000
1152,2018-09-19,32.54000,32.81000,32.47000,32.81000,609200
1153,2018-09-18,32.36000,32.69000,32.17500,32.55000,567400
1154,2018-09-17,32.54000,32.59500,32.29000,32.37000,674600
1155,2018-09-14,31.64000,32.64000,31.64000,32.63000,607400
1156,2018-09-13,30.96000,31.72000,30.90500,31.60000,513500
1157,2018-09-12,31.43000,31.45000,30.75000,30.85000,1024400
1158,2018-09-11,31.44000,31.54000,31.17500,31.38000,967500
1159,2018-09-10,31.88000,31.97000,31.56000,31.57000,510300
1160,2018-09-07,32.02000,32.02000,31.35000,31.75000,809000
1161,2018-09-06,32.82000,32.82000,31.97000,32.08000,1099500
1162,2018-09-05,32.76000,33.06000,32.56000,32.67000,1133200
1163,2018-09-04,32.80000,32.91000,32.56000,32.79000,1037000
1164,2018-08-31,32.56000,32.78000,32.18000,32.66000,798800
1165,2018-08-30,32.53000,32.72000,32.09000,32.68000,1191800
1166,2018-08-29,32.68000,32.81000,32.33000,32.55000,835200
1167,2018-08-28,32.17000,32.65000,32.07000,32.61000,1851600
1168,2018-08-27,32.64000,32.89000,31.96000,32.14000,984800
1169,2018-08-24,32.70000,32.95000,32.37000,32.52000,1043000
1170,2018-08-23,33.11000,33.25000,32.57000,32.66000,684600
1171,2018-08-22,33.16000,33.41000,32.91500,33.17000,1003000
1172,2018-08-21,32.81000,33.44000,32.60500,33.31000,1894300
1173,2018-08-20,32.98000,33.24000,32.66000,32.79000,1195900
1174,2018-08-17,32.88000,32.95500,31.97000,32.60000,1897900
1175,2018-08-16,32.21000,33.09000,32.18000,33.03000,1662500
1176,2018-08-15,31.65000,32.18000,31.20000,32.06000,1891200
1177,2018-08-14,31.25000,31.97000,30.98000,31.85000,1960800
1178,2018-08-13,31.59000,31.70000,30.94000,31.21000,2183800
1179,2018-08-10,32.13000,32.22000,31.48000,31.57000,1304800
1180,2018-08-09,31.89000,32.46000,31.87000,32.09000,2089000
1181,2018-08-08,33.35000,33.35000,31.58000,31.95000,1997600
1182,2018-08-07,33.91000,34.08000,33.27000,33.38000,2610300
1183,2018-08-06,33.91000,34.08000,33.59000,33.92000,984800
1184,2018-08-03,34.42000,34.65000,33.79500,33.88000,1537100
1185,2018-08-02,34.05000,35.09000,31.80000,34.51000,3121600
1186,2018-08-01,34.65000,34.69000,34.14000,34.39000,1426500
1187,2018-07-31,33.82000,34.66000,33.69000,34.59000,1270500
1188,2018-07-30,34.01000,34.22000,33.79500,33.87000,722300
1189,2018-07-27,34.70000,34.91000,33.83000,33.99000,1242400
1190,2018-07-26,34.14000,35.04000,34.14000,34.66000,836400
1191,2018-07-25,34.32000,34.53000,33.94000,34.31000,822500
1192,2018-07-24,34.71000,34.71000,34.06000,34.29000,1719100
1193,2018-07-23,34.48000,34.82000,34.32000,34.42000,998100
1194,2018-07-20,34.87000,34.90500,34.47000,34.49000,998800
1195,2018-07-19,35.21000,35.44000,34.82000,34.83000,956500
1196,2018-07-18,35.36000,35.54000,35.13000,35.26000,1173500
1197,2018-07-17,34.79000,35.35500,34.79000,35.25000,867200
1198,2018-07-16,35.73000,35.92000,34.76000,34.94000,1260200
1199,2018-07-13,35.29000,35.75000,35.02000,35.65000,1086700
1200,2018-07-12,35.43000,35.64000,35.15000,35.46000,819200
1201,2018-07-11,35.21000,35.41000,34.91000,35.29000,811500
1202,2018-07-10,35.60000,36.38000,35.16100,35.47000,1758800
1203,2018-07-09,34.43000,35.74000,34.38000,35.59000,1607900
1204,2018-07-06,34.18000,34.80000,33.93000,34.41000,1931600
1205,2018-07-05,34.48000,34.52000,33.56000,34.03000,1864800
1206,2018-07-03,34.35000,34.63000,34.15000,34.43000,313900
1207,2018-07-02,34.51000,34.88000,33.67000,34.22000,1388800
1208,2018-06-29,34.19000,34.78000,34.08900,34.70000,2259400
1209,2018-06-28,34.15000,34.19000,33.61000,34.10000,1479400
1210,2018-06-27,35.86000,35.90000,34.30000,34.31000,1615200
1211,2018-06-26,36.47000,36.49000,35.92000,35.95000,830200
1212,2018-06-25,36.79000,36.97500,36.26000,36.47000,610800
1213,2018-06-22,36.35000,37.08000,36.26000,37.03000,1711000
1214,2018-06-21,36.87000,36.89100,36.19000,36.21000,1658200
1215,2018-06-20,38.09000,38.19000,36.92000,36.94000,1281900
1216,2018-06-19,38.42000,38.49000,37.80000,38.08000,995200
1217,2018-06-18,38.80000,39.00000,38.61000,38.67000,861500
1218,2018-06-15,38.82000,38.93800,38.55000,38.86000,1196900
1219,2018-06-14,39.04000,39.20000,38.79000,38.92000,936800
1220,2018-06-13,39.66000,40.03500,38.76500,38.79000,1140100
1221,2018-06-12,40.15000,40.21000,39.60000,39.79000,621800
1222,2018-06-11,39.77000,40.00000,39.54000,39.76000,452400
1223,2018-06-08,39.89000,40.26000,39.44000,39.62000,595100
1224,2018-06-07,40.26000,40.43000,39.79000,39.97000,638700
1225,2018-06-06,40.28000,40.65000,39.80500,40.20000,1099400
1226,2018-06-05,40.24000,40.52500,39.83000,40.33000,850500
1227,2018-06-04,40.60000,40.60000,40.23000,40.46000,1005800
1228,2018-06-01,39.92000,40.63000,39.92000,40.43000,1313800
1229,2018-05-31,40.49000,40.57000,39.68000,39.76000,754400
1230,2018-05-30,39.53000,40.40000,39.34000,40.32000,980600
1231,2018-05-29,39.61000,39.78000,39.21000,39.38000,509000
1232,2018-05-25,39.85000,40.19000,39.78000,39.88000,380800
1233,2018-05-24,39.80000,40.16000,39.45000,39.98000,619300
1234,2018-05-23,40.09000,40.39000,39.80000,39.81000,761900
1235,2018-05-22,40.40000,40.55000,40.12000,40.18000,533000
1236,2018-05-21,40.14000,40.40000,39.53000,40.32000,798200
1237,2018-05-18,39.67000,40.09000,39.23000,39.95000,1510900
1238,2018-05-17,39.34000,39.49000,38.84000,39.05000,1882300
1239,2018-05-16,38.99000,39.39000,38.87500,39.34000,1746700
1240,2018-05-15,39.92000,39.92000,38.79000,38.87000,1778700
1241,2018-05-14,40.40000,40.42000,39.81000,39.82000,560900
1242,2018-05-11,40.17000,40.62000,39.80000,40.32000,1449700
1243,2018-05-10,40.10000,40.48000,39.83000,39.87000,989800
1244,2018-05-09,39.69000,40.23500,39.62000,40.05000,1677000
1245,2018-05-08,40.06000,40.26000,39.57000,39.75000,1115800
1246,2018-05-07,39.23000,40.12000,38.94000,39.97000,2458700
1247,2018-05-04,40.97000,41.10000,38.53000,39.25000,3402100
1248,2018-05-03,42.69000,42.89000,40.52000,41.21000,2621500
1249,2018-05-02,43.06000,43.14000,42.64000,42.75000,1286900
1250,2018-05-01,42.95000,43.06000,42.66000,42.99000,1085200
1251,2018-04-30,43.50000,43.95200,42.77000,43.00000,1180500
1252,2018-04-27,43.43000,43.64900,43.18000,43.37000,491800
1253,2018-04-26,44.16000,44.24500,43.32000,43.35000,628400
1254,2018-04-25,43.53000,43.98000,43.24500,43.86000,660300
1255,2018-04-24,44.45000,44.49000,43.28500,43.56000,508300
1256,2018-04-23,44.26000,44.49000,43.88000,44.15000,653800
1257,2018-04-20,43.93000,44.39000,43.64000,44.07000,798900
1258,2018-04-19,43.57000,43.96000,43.35500,43.90000,2949800
1259,2018-04-18,43.31000,43.99000,43.22000,43.51000,935000
1260,2018-04-17,43.50000,43.67000,42.96000,43.35000,1486000
1261,2018-04-16,42.79000,43.37000,42.60000,43.15000,989500
1262,2018-04-13,43.42000,43.84000,42.42000,42.49000,1389600
1263,2018-04-12,43.01000,43.76000,42.78100,43.38000,1150300
1264,2018-04-11,42.61000,43.40500,42.58000,42.89000,1347000
1265,2018-04-10,43.14000,43.41000,42.59000,42.71000,1454400
1266,2018-04-09,42.66000,43.16000,42.54000,42.63000,932200
1267,2018-04-06,43.01000,43.50000,42.44500,42.65000,1084400
1268,2018-04-05,43.35000,43.75000,43.04000,43.33000,1290900
1269,2018-04-04,42.13000,43.35000,42.07000,43.22000,819500
1270,2018-04-03,42.71000,43.02000,42.48000,42.71000,995100
1271,2018-04-02,43.09000,43.37000,41.96000,42.55000,1018800
1272,2018-03-29,42.87000,43.37000,42.48000,43.02000,1006500
1273,2018-03-28,42.80000,43.44000,42.68000,42.75000,2274900
1274,2018-03-27,44.01000,44.01000,42.64000,42.94000,1645100
1275,2018-03-26,43.12000,43.95000,42.75000,43.88000,1257400
1276,2018-03-23,43.55000,43.55000,42.29000,42.44000,2695000
1277,2018-03-22,44.40000,44.80000,43.53500,43.56000,1662900
1278,2018-03-21,44.37000,44.73000,44.08000,44.56000,1803200
1279,2018-03-20,44.22000,44.58000,44.05000,44.33000,2249200
1280,2018-03-19,44.63000,44.74000,43.88000,44.02000,3214900
1281,2018-03-16,44.21000,44.74000,44.21000,44.50000,2542100
1282,2018-03-15,45.41000,45.67000,43.46000,43.89000,12104700
1283,2018-03-14,45.30000,47.75000,45.25000,47.00000,3055900
1284,2018-03-13,46.11000,46.61000,45.71000,45.80000,1065100
1285,2018-03-12,47.36000,47.57000,45.84000,46.07000,1432200
1286,2018-03-09,46.52000,47.34000,46.30000,47.30000,559200
1287,2018-03-08,46.73000,47.06000,46.09000,46.16000,559400
1288,2018-03-07,45.13000,46.62000,45.13000,46.62000,941900
1289,2018-03-06,44.61000,45.45000,44.45000,45.45000,1216000
1290,2018-03-05,44.37000,44.86800,43.77000,44.36000,965000
1291,2018-03-02,43.47000,44.60000,42.81500,44.45000,855100
1292,2018-03-01,44.02000,44.08500,42.58000,43.30000,1572100
1293,2018-02-28,43.11000,43.55000,42.78000,43.16000,691500
1294,2018-02-27,43.58000,43.66000,43.00000,43.00000,282600
1295,2018-02-26,44.24000,44.26500,43.65000,43.68000,252100
1296,2018-02-23,43.69000,44.11000,43.59000,44.06000,270000
1297,2018-02-22,43.71000,44.08000,43.48000,43.61000,286300
1298,2018-02-21,43.94000,44.40000,43.41000,43.44000,670200
1299,2018-02-20,44.34000,44.65000,43.88000,43.90000,301600
1300,2018-02-16,44.61000,44.92500,44.28000,44.63000,751500
1301,2018-02-15,44.70000,45.16000,44.49000,44.74000,493600
1302,2018-02-14,43.32000,44.63000,43.32000,44.51000,456000
1303,2018-02-13,43.03000,43.79000,42.95000,43.79000,418700
1304,2018-02-12,43.70000,43.70000,42.58000,43.08000,546300
1305,2018-02-09,43.77000,43.77000,41.88000,43.39000,1099400
1306,2018-02-08,44.48000,44.68000,43.31000,43.48000,1122700
1307,2018-02-07,44.35000,45.19000,44.35000,44.43000,1590000
1308,2018-02-06,42.08000,44.65000,41.84000,44.55000,744900
1309,2018-02-05,43.75000,44.06000,42.74000,42.74000,627600
1310,2018-02-02,44.83000,45.01000,43.89000,44.05000,714800
1311,2018-02-01,44.76000,45.87000,44.76000,45.24000,964000
1312,2018-01-31,44.37000,45.14000,44.37000,44.97000,384700
1313,2018-01-30,44.32000,44.50000,44.05000,44.25000,218800
1314,2018-01-29,45.09000,45.16000,44.41000,44.49000,518800
1315,2018-01-26,45.15000,45.51500,44.80000,45.14000,605100
1316,2018-01-25,44.55000,45.10000,44.21000,45.03000,525800
1317,2018-01-24,44.43000,45.25000,44.05000,44.54000,636100
1318,2018-01-23,43.58000,44.40000,43.39000,44.30000,557700
1319,2018-01-22,43.86000,43.88000,43.18000,43.51000,419500
1320,2018-01-19,42.61000,44.01000,42.58000,43.97000,675900
1321,2018-01-18,42.60000,42.62000,42.09000,42.34000,362500
1322,2018-01-17,41.15000,43.03000,41.01500,42.83000,620200
1323,2018-01-16,42.20000,42.20000,40.83000,40.89000,641300
1324,2018-01-12,42.01000,42.06500,41.68000,41.95000,274000
1325,2018-01-11,41.57000,42.13500,41.57000,41.98000,306100
1326,2018-01-10,41.83000,42.35000,41.40000,41.49000,543900
1327,2018-01-09,42.21000,42.23000,41.57000,42.01000,767400
1328,2018-01-08,40.97000,42.07000,40.61000,42.03000,660200
1329,2018-01-05,42.04000,42.20000,40.28000,41.04000,985600
1330,2018-01-04,42.54000,42.62000,41.87000,41.99000,469100
1331,2018-01-03,41.60000,42.42000,41.59000,42.41000,345300
1332,2018-01-02,41.90000,41.99500,41.13000,41.56000,477100
1333,2017-12-29,41.68000,42.12000,41.53000,41.95000,288000
1334,2017-12-28,41.45000,41.63000,40.92000,41.56000,298900
1335,2017-12-27,41.30000,41.63700,40.71000,41.35000,488900
1336,2017-12-26,41.54000,41.73000,41.16000,41.23000,328100
1337,2017-12-22,41.78000,41.91000,41.32000,41.57000,219700
1338,2017-12-21,41.95000,42.24000,41.49000,41.71000,441300
1339,2017-12-20,42.02000,42.24000,41.78000,41.97000,589700
1340,2017-12-19,42.72000,42.85000,41.87000,41.90000,459600
1341,2017-12-18,41.87000,43.03000,41.87000,42.71000,500300
1342,2017-12-15,41.50000,41.99000,41.26000,41.81000,377200
1343,2017-12-14,42.07000,42.12000,41.32000,41.41000,339000
1344,2017-12-13,42.45000,42.64000,42.02000,42.07000,384800
1345,2017-12-12,42.63000,42.87000,42.35000,42.41000,277500
1346,2017-12-11,42.70000,42.85000,42.49000,42.69000,260800
1347,2017-12-08,42.54000,43.19000,42.30000,42.71000,644700
1348,2017-12-07,41.64000,42.55000,41.44000,42.41000,440700
1349,2017-12-06,41.62000,41.65000,41.26000,41.59000,649400
1350,2017-12-05,41.25000,41.40000,40.96000,41.38000,390200
1351,2017-12-04,39.97000,41.25000,39.86000,41.03000,643500
1352,2017-12-01,39.95000,40.10500,39.62000,39.68000,1068000
1353,2017-11-30,39.06000,40.18000,38.56000,39.97000,1259600
1354,2017-11-29,39.13000,39.52000,38.90000,39.00000,339000
1355,2017-11-28,40.25000,40.32000,39.16000,39.21000,472700
1356,2017-11-27,40.18000,40.26000,39.88000,40.09000,238700
1357,2017-11-24,40.23000,40.35000,40.00000,40.27000,84000
1358,2017-11-22,40.60000,40.69000,40.09000,40.17000,253600
1359,2017-11-21,40.44000,40.85500,40.30000,40.53000,366000
1360,2017-11-20,40.54000,40.54000,40.26000,40.43000,170000
1361,2017-11-17,40.66000,40.66000,40.22000,40.48000,368100
1362,2017-11-16,40.64000,40.95000,40.47000,40.65000,364000
1363,2017-11-15,40.18000,40.40000,40.04000,40.37000,287300
1364,2017-11-14,40.52000,40.61000,40.26000,40.48000,431700
1365,2017-11-13,40.40000,40.82000,40.21500,40.75000,766600
1366,2017-11-10,41.05000,41.05000,40.27000,40.56000,228700
1367,2017-11-09,41.32000,41.50000,40.93000,41.04000,344100
1368,2017-11-08,41.88000,42.09000,41.51000,41.62000,549600
1369,2017-11-07,40.79000,41.98000,40.79000,41.93000,807600
1370,2017-11-06,40.89000,41.10000,40.71000,40.76000,507300
1371,2017-11-03,40.82000,41.35000,40.43000,40.75000,1110700
1372,2017-11-02,40.89000,42.22000,40.48000,40.64000,1220900
1373,2017-11-01,41.13000,41.38000,40.87500,41.03000,1039100
1374,2017-10-31,40.78000,41.06000,40.56000,40.96000,397900
1375,2017-10-30,40.74000,40.78500,40.35000,40.53000,294100
1376,2017-10-27,40.57000,40.74000,39.93000,40.68000,256200
1377,2017-10-26,39.99000,40.82000,39.92000,40.52000,351500
1378,2017-10-25,39.67000,40.08000,39.58000,39.87000,517600
1379,2017-10-24,39.67000,39.98000,39.65000,39.86000,304900
1380,2017-10-23,40.00000,40.28000,39.59000,39.67000,438100
1381,2017-10-20,40.43000,40.43000,39.82000,40.03000,363600
1382,2017-10-19,39.77000,40.42000,39.58000,40.23000,440900
1383,2017-10-18,40.00000,40.05000,39.70000,39.95000,460300
1384,2017-10-17,39.66000,40.00000,39.63000,39.83000,283400
1385,2017-10-16,39.91000,40.08000,39.66000,39.78000,236000
1386,2017-10-13,39.62000,40.05000,39.62000,39.90000,458800
1387,2017-10-12,39.19000,39.67000,39.19000,39.55000,1000800
1388,2017-10-11,39.35000,39.65000,39.08000,39.28000,726700
1389,2017-10-10,39.41000,39.59000,39.20000,39.36000,573400
1390,2017-10-09,39.15000,39.53000,39.01000,39.32000,340300
1391,2017-10-06,39.50000,39.64500,39.14000,39.19000,565900
1392,2017-10-05,39.92000,39.92000,39.41000,39.49000,586200
1393,2017-10-04,39.70000,40.06000,39.58000,39.80000,752300
1394,2017-10-03,39.29000,40.11000,39.29000,39.62000,1015000
1395,2017-10-02,38.75000,39.39000,38.73000,39.36000,436200
1396,2017-09-29,38.78000,38.94500,38.59000,38.63000,649800
1397,2017-09-28,39.22000,39.36000,38.73000,38.79000,661500
1398,2017-09-27,38.79000,39.40000,38.47000,39.26000,640300
1399,2017-09-26,38.59000,39.00000,38.43000,38.57000,525600
1400,2017-09-25,38.27000,38.57500,38.22000,38.48000,495200
1401,2017-09-22,37.94000,38.61000,37.82000,38.44000,795800
1402,2017-09-21,37.05000,38.62000,36.95000,37.97000,1255000
1403,2017-09-20,36.98000,37.45000,36.82000,37.04000,755500
1404,2017-09-19,36.20000,36.91000,36.20000,36.91000,272800
1405,2017-09-18,36.34000,36.63000,36.24000,36.29000,282500
1406,2017-09-15,35.93000,36.61000,35.70000,36.42000,731500
1407,2017-09-14,35.95000,35.99000,35.52000,35.89000,1138600
1408,2017-09-13,36.23000,36.37000,35.86000,36.02000,412200
1409,2017-09-12,36.07000,36.32000,35.51500,36.31000,241300
1410,2017-09-11,35.61000,36.11000,35.61000,36.00000,244600
1411,2017-09-08,35.41000,35.85000,34.87000,35.30000,309200
1412,2017-09-07,35.70000,35.94000,35.25000,35.60000,439600
1413,2017-09-06,36.19000,36.21500,35.57000,35.65000,344400
1414,2017-09-05,36.46000,36.57000,35.81000,36.11000,165700
1415,2017-09-01,36.45000,36.99000,36.28000,36.54000,211800
1416,2017-08-31,36.11000,36.39000,35.85000,36.25000,325000
1417,2017-08-30,35.58000,36.19000,35.38000,36.02000,294400
1418,2017-08-29,35.24000,35.64000,35.17000,35.48000,255700
1419,2017-08-28,36.07000,36.07000,35.26000,35.47000,253600
1420,2017-08-25,36.27000,36.35000,35.89000,35.96000,373200
1421,2017-08-24,35.60000,36.23000,35.56000,36.22000,331400
1422,2017-08-23,35.37000,36.01000,35.25500,35.63000,434500
1423,2017-08-22,35.20000,35.60000,34.90000,35.52000,316100
1424,2017-08-21,35.05000,35.18000,34.68000,35.06000,416000
1425,2017-08-18,34.79000,34.94000,34.58000,34.72000,261400
1426,2017-08-17,35.36000,35.65000,34.88000,34.90000,252700
1427,2017-08-16,35.55000,35.73300,35.02000,35.33000,384500
1428,2017-08-15,34.93000,35.87000,34.76500,35.48000,634200
1429,2017-08-14,34.83000,35.01000,34.65000,35.00000,232600
1430,2017-08-11,32.90000,34.63000,32.20000,34.50000,484100
1431,2017-08-10,34.87000,34.95000,33.75000,34.05000,510800
1432,2017-08-09,35.58000,35.75000,34.51000,34.93000,715800
1433,2017-08-08,36.05000,36.23000,35.54000,35.75000,387800
1434,2017-08-07,36.39000,36.53000,35.99000,36.23000,298000
1435,2017-08-04,37.08000,37.94000,35.95000,36.17000,624400
1436,2017-08-03,36.91000,37.76000,35.91000,36.84000,756000
1437,2017-08-02,36.62000,36.67000,35.84000,36.17000,448900
1438,2017-08-01,36.95000,37.05000,36.44000,36.59000,317000
1439,2017-07-31,36.41000,36.81500,36.25000,36.76000,292400
1440,2017-07-28,36.35000,36.55500,35.94000,36.27000,342300
1441,2017-07-27,36.75000,37.13000,36.46500,36.58000,453100
1442,2017-07-26,36.67000,37.11000,36.20000,36.65000,415600
1443,2017-07-25,36.08000,36.79000,35.66000,36.71000,611400
1444,2017-07-24,36.03000,36.18000,35.76000,35.85000,227800
1445,2017-07-21,36.18000,36.18000,35.76000,36.14000,307100
1446,2017-07-20,36.48000,36.48000,35.92000,36.15000,384800
1447,2017-07-19,36.21000,36.30000,35.77000,36.26000,235300
1448,2017-07-18,36.09000,36.18000,35.72000,36.11000,464000
1449,2017-07-17,36.42000,36.59000,35.94000,36.02000,464200
1450,2017-07-14,36.07000,36.63000,36.01000,36.35000,490000
1451,2017-07-13,37.28000,37.28000,35.62000,36.15000,532100
1452,2017-07-12,36.94000,37.09000,36.56400,37.09000,530100
1453,2017-07-11,36.25000,36.71000,36.19000,36.63000,557300
1454,2017-07-10,35.21000,36.19000,35.21000,36.11000,539100
1455,2017-07-07,35.42000,35.56000,34.92000,35.31000,478000
1456,2017-07-06,35.01000,35.56000,34.95000,35.29000,477300
1457,2017-07-05,35.36000,35.59000,35.00000,35.08000,475900
1458,2017-07-03,36.00000,36.05000,35.43000,35.45000,207500
1459,2017-06-30,35.73000,36.34000,35.51000,36.06000,433900
1460,2017-06-29,36.33000,36.63000,35.59000,35.63000,622500
1461,2017-06-28,35.95000,36.33000,35.53000,36.21000,689400
1462,2017-06-27,36.50000,36.76000,35.91000,35.95000,545600
1463,2017-06-26,36.49000,36.81000,36.16000,36.60000,610800
1464,2017-06-23,36.87000,36.87000,36.02000,36.30000,1567900
1465,2017-06-22,37.40000,37.41000,36.83000,36.87000,700900
1466,2017-06-21,37.07000,37.66000,37.03000,37.40000,677300
1467,2017-06-20,37.15000,37.23800,36.45000,37.03000,792300
1468,2017-06-19,36.79000,37.72700,36.78500,37.33000,1210300
1469,2017-06-16,35.90000,36.78500,35.76000,36.60000,1600100
1470,2017-06-15,35.72000,36.25000,35.69000,36.00000,5519600
1471,2017-06-14,36.25000,36.47000,35.27000,35.40000,308300
1472,2017-06-13,35.12000,36.49000,35.12000,36.07000,464300
1473,2017-06-12,34.76000,35.18000,34.42000,35.18000,453300
1474,2017-06-09,34.75000,35.25000,34.53000,34.63000,314900
1475,2017-06-08,34.17000,35.29000,33.96000,34.71000,341700
1476,2017-06-07,34.84000,34.84000,33.96000,34.30000,630300
1477,2017-06-06,35.10000,35.16000,34.74000,34.84000,250800
1478,2017-06-05,36.00000,36.07000,35.28000,35.28000,284700
1479,2017-06-02,36.41000,36.56500,35.90000,35.97000,461500
1480,2017-06-01,35.95000,37.36000,35.71000,36.41000,560000
1481,2017-05-31,35.84000,36.32000,35.40000,35.77000,516000
1482,2017-05-30,35.77000,36.79000,35.72000,35.78000,387300
1483,2017-05-26,36.23000,36.23000,35.67000,35.83000,241400
1484,2017-05-25,36.17000,36.49000,35.94000,36.32000,225100
1485,2017-05-24,36.30000,36.72000,35.85100,36.08000,240900
1486,2017-05-23,35.55000,36.49000,35.55000,36.23000,778400
1487,2017-05-22,35.84000,36.03000,35.46000,35.54000,249500
1488,2017-05-19,35.68000,36.10000,35.52000,35.84000,256200
1489,2017-05-18,35.71000,35.95000,35.48000,35.55000,397000
1490,2017-05-17,35.99000,36.23000,35.42000,35.48000,505900
1491,2017-05-16,36.45000,36.48000,35.54000,36.05000,613100
1492,2017-05-15,35.72000,36.29000,35.72000,36.14000,322100
1493,2017-05-12,35.72000,35.92000,35.46500,35.81000,533000
1494,2017-05-11,35.61000,36.19000,35.54000,35.66000,431900
1495,2017-05-10,36.19000,36.19000,35.77000,35.89000,431500
1496,2017-05-09,35.21000,36.25000,34.94000,36.18000,662700
1497,2017-05-08,35.90000,35.92000,35.26000,35.34000,387200
1498,2017-05-05,36.02000,37.21000,35.85000,36.00000,1131500
1499,2017-05-04,34.04000,36.33000,34.04000,35.87000,752900
1500,2017-05-03,34.51000,34.60200,33.81000,34.00000,822100
1501,2017-05-02,34.08000,34.90000,33.92000,34.69000,1462300
1502,2017-05-01,33.50000,34.04000,32.95500,33.95000,435700
1503,2017-04-28,33.76000,33.90000,33.41000,33.47000,521500
1504,2017-04-27,33.26000,33.67500,33.07000,33.65000,320300
1505,2017-04-26,32.22000,33.51000,31.97000,33.31000,703600
1506,2017-04-25,31.76000,32.23000,31.33000,32.12000,492000
1507,2017-04-24,31.38000,31.74000,30.96000,31.61000,651100
1508,2017-04-21,31.40000,31.57000,30.93000,31.16000,484100
1509,2017-04-20,31.28000,31.74000,30.71000,30.79000,418200
1510,2017-04-19,31.27000,31.51300,30.89000,31.34000,456300
1511,2017-04-18,31.42000,31.56000,30.82000,31.22000,589900
1512,2017-04-17,31.54000,31.71000,31.30000,31.61000,645700
1513,2017-04-13,31.76000,31.87000,31.41000,31.64000,670400
1514,2017-04-12,31.78000,32.00000,31.22000,31.78000,471300
1515,2017-04-11,31.25000,31.44000,30.78000,31.19000,235300
1516,2017-04-10,30.53000,31.48000,30.53000,31.27000,309400
1517,2017-04-07,31.00000,31.10000,30.44000,30.61000,392300
1518,2017-04-06,30.91000,31.40000,30.65200,31.00000,442500
1519,2017-04-05,30.20000,31.15000,30.16000,31.00000,760200
1520,2017-04-04,29.43000,30.16000,29.20000,30.16000,676700
1521,2017-04-03,28.95000,29.62000,28.69000,29.37000,1355800
1522,2017-03-31,29.00000,29.09000,28.59000,28.66000,651300
1523,2017-03-30,28.60000,29.01000,28.49000,28.94000,289900
1524,2017-03-29,28.87000,29.03000,28.65000,28.73000,329300
1525,2017-03-28,28.61000,28.98000,28.31000,28.89000,338300
1526,2017-03-27,28.64000,28.93000,28.52000,28.59000,224200
1527,2017-03-24,28.75000,29.24000,28.68000,28.85000,451700
1528,2017-03-23,27.99000,29.08200,27.98000,28.84000,373700
1529,2017-03-22,28.34000,28.54000,27.96000,28.10000,520000
1530,2017-03-21,29.02000,29.02000,28.30000,28.36000,834900
1531,2017-03-20,28.92000,29.08000,28.54000,28.90000,399200
1532,2017-03-17,28.92000,29.13000,28.80000,29.03000,896500
1533,2017-03-16,28.89000,29.07000,28.68000,28.89000,536400
1534,2017-03-15,28.97000,29.04000,28.81000,28.89000,320600
1535,2017-03-14,29.11000,29.11000,28.72000,29.02000,318000
1536,2017-03-13,28.83000,29.13000,28.64700,29.07000,387100
1537,2017-03-10,28.30000,28.91500,28.30000,28.86000,311600
1538,2017-03-09,28.09000,28.68000,28.02000,28.30000,419200
1539,2017-03-08,28.88000,28.88000,27.92000,28.11000,912100
1540,2017-03-07,29.65000,29.68000,28.66000,28.79000,396000
1541,2017-03-06,29.87000,30.34000,29.66500,29.69000,351100
1542,2017-03-03,30.42000,30.45000,29.97000,30.07000,523300
1543,2017-03-02,30.96000,30.96000,29.69000,30.35000,729600
1544,2017-03-01,30.09000,31.39000,30.09000,30.91000,696300
1545,2017-02-28,30.02000,30.21000,29.85500,29.94000,650000
1546,2017-02-27,29.93000,30.29000,29.92000,30.10000,609500
1547,2017-02-24,29.90000,30.39000,29.78000,30.01000,474300
1548,2017-02-23,29.69000,30.32500,29.60000,30.00000,594300
1549,2017-02-22,29.75000,29.88000,29.22000,29.71000,244900
1550,2017-02-21,29.70000,30.01000,29.49000,29.86000,230600
1551,2017-02-17,29.48000,29.54000,28.91000,29.48000,538200
1552,2017-02-16,29.98000,30.03000,29.31000,29.43000,565900
1553,2017-02-15,29.94000,30.32000,29.52000,30.01000,1826500
1554,2017-02-14,30.29000,30.35000,29.51000,29.62000,998900
1555,2017-02-13,30.46000,30.64000,29.83000,30.30000,473100
1556,2017-02-10,30.73000,30.76000,30.17000,30.35000,247600
1557,2017-02-09,30.01000,30.70000,29.99000,30.60000,706100
1558,2017-02-08,29.73000,30.09000,29.62000,30.01000,889900
1559,2017-02-07,29.18000,29.80000,29.13000,29.58000,839400
1560,2017-02-06,29.00000,29.41000,28.93000,29.30000,298400
1561,2017-02-03,29.35000,29.73000,28.68000,29.31000,1896400
1562,2017-02-02,29.44000,29.44000,28.97000,29.03000,1477900
1563,2017-02-01,29.10000,29.79000,29.10000,29.26000,1666400
1564,2017-01-31,28.20000,29.46000,28.10000,29.33000,1414600
1565,2017-01-30,28.51000,28.51000,28.12000,28.36000,660000
1566,2017-01-27,28.17000,28.67000,28.00000,28.51000,440700
1567,2017-01-26,28.50000,28.50000,28.18000,28.23000,1047500
1568,2017-01-25,28.65000,29.04000,28.24000,28.36000,480100
1569,2017-01-24,26.94000,28.71000,26.78000,28.65000,854000
1570,2017-01-23,26.48000,27.23000,26.48000,27.14000,1137600
1571,2017-01-20,25.98000,26.74000,25.87000,26.60000,1110000
1572,2017-01-19,26.01000,26.98000,25.97000,26.09000,2364300
1573,2017-01-18,25.12000,25.24000,25.02000,25.19000,957200
1574,2017-01-17,24.95000,25.04000,24.90000,24.99000,1088500
1575,2017-01-13,25.29000,25.38000,25.03000,25.05000,1617600
1576,2017-01-12,24.60000,25.68000,24.60000,25.35000,3774400
1577,2017-01-11,25.88000,25.95000,25.46000,25.49000,2460200
1578,2017-01-10,26.55000,26.55000,25.51000,25.79000,3243300
1579,2017-01-09,26.34000,26.99000,26.02000,26.50000,1735500
1580,2017-01-06,25.69000,27.00000,25.69000,26.55000,2260200
1581,2017-01-05,25.74000,26.00000,24.99000,25.58000,6358700
1582,2017-01-04,25.35000,27.93000,25.00000,25.85000,10828300
1583,2017-01-04,25.35000,27.93000,25.00000,25.85000,10828300
