,datetime,open,high,low,close,volume
0,2023-04-11,27.80000,28.21000,27.72000,28.00000,448393
1,2023-04-10,28.08000,28.08000,27.61000,27.88000,438400
2,2023-04-06,28.14000,28.37000,27.81000,28.16000,624500
3,2023-04-05,28.18000,28.65000,27.84000,28.13000,823900
4,2023-04-04,28.65000,28.73000,27.66000,28.16000,896000
5,2023-04-03,29.79000,29.81000,27.97000,28.56000,838900
6,2023-03-31,29.14000,29.67000,29.10000,29.56000,781400
7,2023-03-30,28.63000,29.07000,28.58000,29.04000,687700
8,2023-03-29,27.92000,28.32000,27.45000,28.31000,373100
9,2023-03-28,28.05000,28.25000,27.66000,27.77000,590600
10,2023-03-27,27.66000,28.26000,27.45000,28.08000,495500
11,2023-03-24,26.72000,27.43000,26.68000,27.42000,406800
12,2023-03-23,27.27000,27.71000,26.89000,26.92000,651600
13,2023-03-22,27.46000,27.75000,27.01000,27.01000,821400
14,2023-03-21,27.39000,27.69000,27.27000,27.56000,363500
15,2023-03-20,27.07000,27.43000,26.79000,27.21000,500300
16,2023-03-17,27.06000,27.13000,26.59000,27.05000,632380
17,2023-03-16,27.24000,27.49000,26.77000,27.32000,747414
18,2023-03-15,27.52000,27.52000,26.97500,27.49000,654532
19,2023-03-14,27.63000,28.30000,27.63000,27.80000,542069
20,2023-03-13,26.69000,28.48000,26.69000,27.55000,733911
21,2023-03-10,28.14000,28.18500,27.02000,27.34000,850155
22,2023-03-09,28.82000,29.20000,28.14000,28.17000,454900
23,2023-03-08,28.79000,29.25820,28.52000,28.87000,701371
24,2023-03-07,28.39000,28.50000,27.99000,28.08000,466379
25,2023-03-06,28.62000,29.07000,28.31000,28.45000,719665
26,2023-03-03,27.05000,28.66000,26.94500,28.65000,1288118
27,2023-03-02,26.67000,26.92000,26.15000,26.81000,842443
28,2023-03-01,27.10000,28.63000,26.10000,26.94000,1105901
29,2023-02-28,27.04500,28.10000,27.04000,27.60000,839990
30,2023-02-27,27.32000,27.94000,27.09000,27.10000,498680
31,2023-02-24,27.00000,27.24000,26.75000,27.16000,561500
32,2023-02-23,27.25000,27.55000,26.67000,27.29000,936577
33,2023-02-22,27.58000,27.89250,27.08000,27.09000,1149963
34,2023-02-21,26.58000,28.21500,26.36000,27.54000,2082203
35,2023-02-17,25.90000,26.03000,25.77000,25.91000,336980
36,2023-02-16,26.23000,26.26500,25.74000,25.92000,835900
37,2023-02-15,26.04400,26.45000,25.91000,26.43000,375077
38,2023-02-14,26.29000,26.57500,25.92600,26.06000,529404
39,2023-02-13,26.20000,26.63000,26.15000,26.37000,328132
40,2023-02-10,26.35000,26.35000,26.07500,26.20000,502239
41,2023-02-09,26.86000,27.00000,26.05000,26.19000,504796
42,2023-02-08,26.94000,27.08000,26.64000,26.76000,442546
43,2023-02-07,26.71000,26.97000,26.50000,26.93000,537573
44,2023-02-06,26.89000,27.07000,26.64000,26.87000,446687
45,2023-02-03,27.15000,27.28000,26.69000,26.99000,440925
46,2023-02-02,27.41000,27.77500,27.26000,27.46000,552786
47,2023-02-01,27.24000,27.39000,26.82000,27.22000,450164
48,2023-01-31,26.90000,27.45000,26.68000,27.42000,588160
49,2023-01-30,27.24000,27.24000,26.67000,26.83000,583576
50,2023-01-27,27.39000,27.41000,27.13000,27.21000,350930
51,2023-01-26,27.01000,27.58000,26.75000,27.40000,457789
52,2023-01-25,26.97000,27.07500,26.54000,26.91000,526109
53,2023-01-24,27.07000,27.29130,26.87000,27.23000,356305
54,2023-01-23,27.13000,27.49000,26.79010,27.09000,571413
55,2023-01-20,27.10000,27.10000,26.47000,26.96000,791236
56,2023-01-19,27.80000,27.96000,26.92000,26.97000,1011871
57,2023-01-18,28.29000,28.44000,27.66000,27.92000,787305
58,2023-01-17,27.36000,28.68000,27.14000,28.13000,1051149
59,2023-01-13,26.60000,26.87000,26.40000,26.50000,637668
60,2023-01-12,26.83000,27.03000,26.14500,26.75000,687691
61,2023-01-11,26.36000,26.90000,26.30000,26.90000,678632
62,2023-01-10,25.88000,26.26000,25.62000,26.23000,731046
63,2023-01-09,25.54000,26.41000,25.51590,25.97000,724165
64,2023-01-06,25.57000,25.68500,25.15000,25.48000,1331754
65,2023-01-05,25.76000,25.90000,25.17500,25.27000,1359806
66,2023-01-04,26.35000,26.87000,25.72000,25.95000,1642755
67,2023-01-03,26.17000,26.58000,25.85000,26.32000,1105174
68,2022-12-30,26.13000,26.24000,25.53000,25.90000,834524
69,2022-12-29,26.16000,26.63000,26.11000,26.25000,458026
70,2022-12-28,26.30000,26.49000,26.03500,26.10000,537065
71,2022-12-27,26.35000,26.48000,26.23000,26.37000,271177
72,2022-12-23,26.17000,26.49000,26.02000,26.45000,255580
73,2022-12-22,26.38000,26.39080,25.93000,26.26000,487643
74,2022-12-21,26.39000,26.60080,26.11000,26.57000,565214
75,2022-12-20,25.96000,26.32000,25.50000,26.21000,409856
76,2022-12-19,26.45000,26.52750,25.78000,25.95000,422294
77,2022-12-16,26.65000,26.83000,26.22000,26.42000,1777368
78,2022-12-15,27.26000,27.36000,26.64000,26.88000,670548
79,2022-12-14,27.54000,27.89000,27.10010,27.39000,465232
80,2022-12-13,27.91000,28.17000,27.36000,27.48000,681244
81,2022-12-12,27.15000,27.51000,26.92000,27.47000,546405
82,2022-12-09,26.64000,27.10000,26.64000,26.90000,508232
83,2022-12-08,26.74000,27.04000,26.56000,26.76000,439191
84,2022-12-07,26.33000,26.78000,25.99000,26.72000,556221
85,2022-12-06,27.10000,27.10000,26.08000,26.40000,606347
86,2022-12-05,27.38000,27.48000,26.84000,27.20000,458119
87,2022-12-02,27.31000,27.89000,27.14400,27.48000,311167
88,2022-12-01,28.00000,28.46500,27.62000,27.64000,480421
89,2022-11-30,27.38000,27.95000,27.03000,27.90000,480681
90,2022-11-29,27.35000,27.48990,27.15000,27.35000,518861
91,2022-11-28,27.87000,27.99990,27.32500,27.88000,756836
92,2022-11-25,27.90000,28.45000,27.85000,28.32000,409963
93,2022-11-23,27.89000,28.12000,27.60000,27.97000,470664
94,2022-11-22,27.74000,28.30000,27.55000,27.89000,766470
95,2022-11-21,28.02000,28.16000,27.31000,27.63000,1244143
96,2022-11-18,28.30000,28.77000,27.83500,28.01000,801717
97,2022-11-17,27.11000,28.02000,26.63000,27.97000,1381789
98,2022-11-16,27.22000,27.99000,27.15000,27.53000,657137
99,2022-11-15,27.80000,27.95990,26.73000,27.30000,617390
100,2022-11-14,27.60000,27.65000,26.94000,27.27000,805409
101,2022-11-11,28.57000,28.57000,27.47000,27.63000,500493
102,2022-11-10,28.84000,29.23000,28.28000,28.61000,554874
103,2022-11-09,28.00000,28.68000,27.52000,27.82000,571702
104,2022-11-08,28.25000,28.76000,28.10000,28.40000,430168
105,2022-11-07,28.44000,28.50000,27.80000,28.10000,704375
106,2022-11-04,28.42000,28.71000,28.11000,28.42000,335116
107,2022-11-03,27.50000,28.11000,27.40000,27.94000,237551
108,2022-11-02,28.10000,28.67000,27.66000,27.82000,702262
109,2022-11-01,28.13000,28.16000,27.80000,28.00000,509951
110,2022-10-31,27.73000,27.86000,27.45310,27.71000,371863
111,2022-10-28,27.50000,27.83000,27.27000,27.81000,425829
112,2022-10-27,27.22000,27.76000,27.22000,27.46000,419590
113,2022-10-26,26.81000,27.33960,26.55000,26.98000,466379
114,2022-10-25,26.03000,27.19000,25.99000,26.83000,479474
115,2022-10-24,25.75000,25.97000,25.42000,25.82000,385734
116,2022-10-21,25.60000,25.71500,24.96500,25.51000,656340
117,2022-10-20,25.74000,25.80500,25.17010,25.40000,343770
118,2022-10-19,26.22000,26.37500,25.72000,25.78000,370108
119,2022-10-18,26.54000,26.98000,26.14000,26.61000,411438
120,2022-10-17,25.61000,26.62000,25.56000,26.28000,659499
121,2022-10-14,25.60000,25.80000,24.87000,25.07000,384815
122,2022-10-13,24.89000,25.56000,24.42000,25.38000,491018
123,2022-10-12,25.83000,25.83000,25.02000,25.02000,397251
124,2022-10-11,25.53000,26.23000,25.33200,25.90000,422059
125,2022-10-10,25.81000,26.15000,25.62000,25.64000,450170
126,2022-10-07,26.36000,26.45000,25.65000,25.82000,397448
127,2022-10-06,27.45000,27.53500,26.51000,26.61000,287054
128,2022-10-05,27.97000,27.97000,27.12000,27.50000,423244
129,2022-10-04,27.78000,28.42000,27.75000,28.32000,553299
130,2022-10-03,26.56000,27.91000,26.43000,27.42000,984303
131,2022-09-30,26.67000,26.99000,26.25000,26.30000,729348
132,2022-09-29,27.30000,27.30000,26.11000,26.31000,675417
133,2022-09-28,26.45000,27.62000,26.37680,27.51000,791228
134,2022-09-27,28.26000,28.33000,27.09000,27.15000,1076184
135,2022-09-26,28.91000,28.99000,27.95000,28.00000,432085
136,2022-09-23,29.87000,29.87000,28.86440,29.15000,465787
137,2022-09-22,30.41000,30.46000,30.03000,30.27000,535165
138,2022-09-21,30.12000,31.09990,29.92000,30.60000,521930
139,2022-09-20,31.93000,31.93000,30.15000,30.17000,650799
140,2022-09-19,32.35000,32.63770,31.82000,32.36000,651396
141,2022-09-16,32.57000,32.88000,32.14000,32.45000,974165
142,2022-09-15,33.24000,33.24000,32.52000,32.67000,941421
143,2022-09-14,33.33000,33.69000,33.06000,33.53000,392096
144,2022-09-13,33.11000,33.53290,32.90000,33.17000,583871
145,2022-09-12,33.66000,33.78500,33.47000,33.65000,592536
146,2022-09-09,33.13000,33.39000,33.07000,33.36000,565446
147,2022-09-08,32.83000,32.96000,32.65000,32.91000,373176
148,2022-09-07,31.98000,33.12000,31.98000,32.96000,528799
149,2022-09-06,32.43000,32.58000,31.82000,31.99000,434368
150,2022-09-02,32.80000,33.15000,32.48030,32.53000,433210
151,2022-09-01,33.11000,33.25500,32.32000,32.54000,478398
152,2022-08-31,33.43000,33.80500,33.38000,33.42000,394899
153,2022-08-30,33.89000,34.03000,33.29000,33.38000,416083
154,2022-08-29,34.03000,34.17000,33.63000,34.16000,443843
155,2022-08-26,35.25000,35.30000,34.15000,34.23000,368070
156,2022-08-25,35.31000,35.38000,34.93000,35.25000,298070
157,2022-08-24,34.70000,35.19000,34.70000,35.07000,381413
158,2022-08-23,34.82000,35.29000,34.57000,34.76000,543928
159,2022-08-22,34.69000,34.96500,34.56000,34.64000,495554
160,2022-08-19,35.25000,35.43380,34.92000,35.04000,344273
161,2022-08-18,35.25000,35.64000,35.25000,35.48000,278543
162,2022-08-17,35.25000,35.37000,35.08000,35.27000,411058
163,2022-08-16,35.19000,35.45000,35.17040,35.33000,398561
164,2022-08-15,35.63000,35.63000,34.94570,35.47000,380105
165,2022-08-12,35.42000,35.73000,35.35000,35.57000,384569
166,2022-08-11,35.50000,35.76000,35.16260,35.38000,374799
167,2022-08-10,35.05000,35.55000,34.75000,35.39000,555558
168,2022-08-09,34.62000,34.77000,34.36000,34.60000,535177
169,2022-08-08,35.16000,35.62000,34.44930,34.68000,660695
170,2022-08-05,35.01000,35.42000,34.30000,34.84000,480749
171,2022-08-04,34.66000,35.30000,34.09000,35.08000,452228
172,2022-08-03,35.01000,35.23000,33.16000,34.61000,920426
173,2022-08-02,35.82000,36.35000,35.29000,35.41000,499160
174,2022-08-01,35.34000,35.71000,35.10000,35.48000,328453
175,2022-07-29,35.64000,36.04000,35.50010,35.66000,336446
176,2022-07-28,34.60000,36.04900,34.56000,35.83000,546172
177,2022-07-27,33.71000,34.19280,33.66000,34.00000,331391
178,2022-07-26,33.36000,33.97000,33.24000,33.71000,480607
179,2022-07-25,32.64000,33.39000,32.33000,33.31000,276066
180,2022-07-22,32.51000,32.98000,32.29000,32.52000,262330
181,2022-07-21,32.40000,32.65000,31.84000,32.17000,671973
182,2022-07-20,32.89000,33.14000,32.48000,32.54000,817764
183,2022-07-19,32.40000,33.31000,32.39000,33.13000,418438
184,2022-07-18,32.73000,32.73000,32.08000,32.15000,316343
185,2022-07-15,31.99000,32.38000,30.79000,32.32000,605323
186,2022-07-14,31.72000,32.02000,31.18000,32.02000,325000
187,2022-07-13,32.00000,32.57000,31.74000,32.19000,275730
188,2022-07-12,33.29000,33.44000,32.23000,32.24000,531170
189,2022-07-11,33.56000,33.68000,32.77000,33.20000,442324
190,2022-07-08,33.59000,33.87000,33.38000,33.56000,333472
191,2022-07-07,33.33000,33.96000,33.33000,33.59000,308814
192,2022-07-06,32.89000,33.58370,32.66000,33.18000,512021
193,2022-07-05,34.04000,34.16000,31.95000,32.91000,574584
194,2022-07-01,32.55000,34.00000,32.27000,33.99000,602949
195,2022-06-30,31.90000,32.65000,31.59000,32.26000,682502
196,2022-06-29,32.45000,32.45000,31.75000,32.14000,406507
197,2022-06-28,33.09000,33.29500,32.47000,32.49000,313306
198,2022-06-27,32.29000,32.89000,32.07000,32.71000,427814
199,2022-06-24,31.77000,32.33000,31.77000,32.30000,475741
200,2022-06-23,31.50000,31.91000,31.25000,31.75000,601246
201,2022-06-22,30.81000,31.58000,30.70000,31.30000,444779
202,2022-06-21,31.72000,31.89000,31.05100,31.12000,505476
203,2022-06-17,31.19000,31.57000,30.82000,31.30000,792974
204,2022-06-16,32.30000,32.33000,30.48000,30.83000,643659
205,2022-06-15,32.21000,32.93000,32.00000,32.50000,748836
206,2022-06-14,32.46000,32.46000,31.07000,31.65000,963723
207,2022-06-13,33.17000,33.21890,32.06000,32.21000,582906
208,2022-06-10,33.96500,34.05500,33.28000,33.80000,603486
209,2022-06-09,34.24000,34.54000,33.94000,34.07000,499299
210,2022-06-08,34.16000,34.44000,33.95000,34.36000,429477
211,2022-06-07,33.87000,34.43000,33.76000,34.39000,532366
212,2022-06-06,34.48000,34.48500,33.81000,34.09000,563537
213,2022-06-03,33.60000,33.95000,33.42000,33.50000,369064
214,2022-06-02,33.04000,33.89500,32.77000,33.85000,1144228
215,2022-06-01,32.74000,32.74000,32.05000,32.15000,446229
216,2022-05-31,33.14000,33.31000,32.60000,32.65000,344949
217,2022-05-27,32.92000,33.35000,32.92000,33.18000,361656
218,2022-05-26,33.25000,33.59000,33.15000,33.38000,391992
219,2022-05-25,32.85000,33.37500,32.73300,33.12000,471512
220,2022-05-24,32.65000,32.93000,32.37000,32.92000,718956
221,2022-05-23,32.83000,33.18000,32.47220,32.71000,581215
222,2022-05-20,33.30000,33.41850,32.58000,33.02000,448462
223,2022-05-19,32.85000,33.36220,32.74000,33.14000,380785
224,2022-05-18,32.40000,33.62000,32.38000,32.81000,498302
225,2022-05-17,31.93000,32.77000,31.60000,32.74000,463522
226,2022-05-16,30.69000,31.53500,30.54000,31.47000,421213
227,2022-05-13,30.27000,30.88000,30.15690,30.62000,558525
228,2022-05-12,29.04000,29.84000,28.90000,29.82000,1169793
229,2022-05-11,29.87000,30.09670,28.84000,28.89000,807775
230,2022-05-10,29.81000,30.53000,28.82000,30.06000,843622
231,2022-05-09,30.69000,30.88500,29.41000,29.52000,851848
232,2022-05-06,31.11000,31.32000,30.62000,31.08000,442325
233,2022-05-05,32.41000,32.41000,31.12000,31.34000,457129
234,2022-05-04,31.29000,32.66500,31.24000,32.63000,518898
235,2022-05-03,30.07000,31.28000,29.90000,31.13000,615220
236,2022-05-02,30.87000,31.00000,29.50000,30.10000,510487
237,2022-04-29,30.90000,31.38000,30.83000,30.90000,507475
238,2022-04-28,31.39000,31.52000,30.81000,31.16000,461676
239,2022-04-27,30.99000,31.73000,30.87000,31.07000,695289
240,2022-04-26,30.95000,31.03000,30.61000,30.85000,538620
241,2022-04-25,31.35000,31.50000,30.49100,31.02000,626622
242,2022-04-22,32.79000,32.79000,31.52960,31.61000,1250763
243,2022-04-21,33.69000,33.85000,32.71000,32.74000,602543
244,2022-04-20,33.38000,33.99000,33.14000,33.68000,592973
245,2022-04-19,32.78000,33.17000,32.74000,32.91000,502061
246,2022-04-18,32.86000,33.19960,32.53000,32.85000,460260
247,2022-04-14,33.53000,33.87000,33.04000,33.06000,438577
248,2022-04-13,33.72000,33.90000,33.14000,33.51000,514972
249,2022-04-12,35.06000,35.06000,33.76000,33.79000,698089
250,2022-04-11,34.46000,35.37000,34.38000,34.91000,598029
251,2022-04-08,35.18000,35.24000,34.27000,34.33000,261431
252,2022-04-07,34.99000,35.38000,34.68000,35.15000,334750
253,2022-04-06,34.38000,35.09500,34.04000,34.97000,636665
254,2022-04-05,35.60000,36.25000,34.57000,34.75000,767262
255,2022-04-04,35.00000,35.43000,34.41000,35.38000,448397
256,2022-04-01,35.08000,35.37000,34.56000,34.97000,479270
257,2022-03-31,34.91000,35.42000,34.91000,35.07000,462577
258,2022-03-30,34.65000,35.17000,34.35000,34.86000,675205
259,2022-03-29,34.57000,35.06000,34.34000,34.64000,375871
260,2022-03-28,34.25000,34.79000,34.19500,34.49000,375770
261,2022-03-25,34.53000,34.53000,33.77000,34.27000,331248
262,2022-03-24,33.79000,34.38000,33.72000,34.25000,581298
263,2022-03-23,34.28000,34.34000,33.76000,33.86000,376771
264,2022-03-22,34.78000,35.06500,34.35000,34.42000,367753
265,2022-03-21,34.67000,35.00000,34.40000,34.87000,392334
266,2022-03-18,34.77000,35.05000,34.28000,34.74000,1561443
267,2022-03-17,34.73000,35.31000,34.71000,35.04000,374585
268,2022-03-16,34.49000,34.95000,34.08000,34.80000,389517
269,2022-03-15,34.05000,34.68000,33.81000,34.40000,491985
270,2022-03-14,34.55000,34.81000,33.56000,34.12000,561200
271,2022-03-11,34.78000,35.17000,34.26000,34.47000,392990
272,2022-03-10,35.00000,35.22000,34.67000,35.14000,482173
273,2022-03-09,35.75000,36.28000,35.02000,35.12000,622370
274,2022-03-08,35.57000,36.85000,35.50000,35.71000,1091739
275,2022-03-07,35.33000,35.52000,34.77800,35.36000,637755
276,2022-03-04,34.28000,35.23000,34.14000,35.20000,686690
277,2022-03-03,35.11000,35.33000,34.12500,34.29000,487573
278,2022-03-02,34.02000,35.29000,33.77000,35.08000,691986
279,2022-03-01,33.68000,34.79000,32.41000,34.01000,1181278
280,2022-02-28,33.65000,34.11760,33.00000,33.75000,520795
281,2022-02-25,32.60000,33.41000,32.30500,33.32000,610363
282,2022-02-24,30.27000,32.59000,30.20000,32.50000,1075099
283,2022-02-23,31.01000,31.56000,30.84000,30.99000,415733
284,2022-02-22,31.57000,31.71000,30.73000,30.93000,821606
285,2022-02-18,32.02500,32.43000,31.42000,31.72000,384263
286,2022-02-17,32.31000,32.57000,32.07740,32.19000,354414
287,2022-02-16,32.25000,32.56240,31.98000,32.41000,274602
288,2022-02-15,32.56000,32.72000,32.15000,32.36000,265020
289,2022-02-14,31.99000,32.23000,31.58530,32.13000,347154
290,2022-02-11,32.48000,32.93000,31.78000,31.99000,405058
291,2022-02-10,32.69000,33.39000,32.25000,32.51000,434836
292,2022-02-09,32.50000,33.32000,32.43000,33.25000,360938
293,2022-02-08,31.67000,32.22000,31.53000,32.06000,369612
294,2022-02-07,32.00000,32.35000,31.42000,31.68000,928396
295,2022-02-04,31.50000,32.22000,31.35000,32.00000,497167
296,2022-02-03,32.03000,32.38000,31.61000,31.67000,433762
297,2022-02-02,32.75000,32.75000,32.18000,32.51000,385231
298,2022-02-01,32.69000,32.81000,32.06000,32.51000,360354
299,2022-01-31,31.43000,32.65000,31.42000,32.63000,561138
300,2022-01-28,31.74000,31.74070,30.92000,31.44000,543212
301,2022-01-27,32.18000,32.62000,31.78000,31.87000,615868
302,2022-01-26,32.81000,33.08030,31.67000,32.03000,755078
303,2022-01-25,32.20000,32.91000,32.20000,32.41000,659498
304,2022-01-24,31.70500,32.98000,31.23000,32.89000,903057
305,2022-01-21,32.61000,32.93930,32.03000,32.26000,716595
306,2022-01-20,33.63000,34.08000,32.80000,32.85000,1048152
307,2022-01-19,32.33000,33.77000,32.33000,33.43000,673222
308,2022-01-18,32.53000,32.78000,31.96000,32.28000,702513
309,2022-01-14,32.90000,33.25850,32.83000,33.05000,572752
310,2022-01-13,33.79000,34.03000,32.97000,33.18000,1031366
311,2022-01-12,33.73000,34.43000,33.73000,34.24000,565208
312,2022-01-11,33.91000,34.35000,33.71000,33.73000,619156
313,2022-01-10,33.75000,34.10000,33.38000,33.84000,656573
314,2022-01-07,34.12000,34.56000,33.85000,34.13000,982059
315,2022-01-06,34.37000,34.75000,33.78000,34.11000,753945
316,2022-01-05,35.23000,35.23000,34.00000,34.48000,1057592
317,2022-01-04,35.37000,35.97000,34.67000,35.19000,614520
318,2022-01-03,36.28000,36.52470,35.25100,35.61000,572241
319,2021-12-31,36.00000,36.34000,35.75000,35.76000,303836
320,2021-12-30,35.74000,36.40000,35.62000,36.09000,464280
321,2021-12-29,35.94000,35.94000,35.11000,35.36000,369344
322,2021-12-28,35.27000,35.94000,35.15000,35.78000,502274
323,2021-12-27,35.85000,35.98000,35.00000,35.37000,469353
324,2021-12-23,36.09000,36.20000,35.66000,35.95000,394985
325,2021-12-22,36.15000,36.42000,35.68000,36.16000,732242
326,2021-12-21,35.42730,36.44000,35.42730,36.15000,612069
327,2021-12-20,35.95000,36.01000,35.26000,35.66000,528217
328,2021-12-17,35.87000,36.88000,35.76020,36.53000,894257
329,2021-12-16,37.32000,37.32000,35.77000,36.24000,725475
330,2021-12-15,36.37000,37.29000,35.89000,37.16000,427384
331,2021-12-14,36.77000,37.10990,36.00500,36.45000,388171
332,2021-12-13,37.00000,37.38000,36.73000,37.14000,446551
333,2021-12-10,37.67000,37.95000,36.77000,36.96000,563971
334,2021-12-09,38.21000,38.39000,37.35000,37.57000,393207
335,2021-12-08,38.56000,38.78000,38.15000,38.42000,191686
336,2021-12-07,38.79000,39.41000,38.32000,38.55000,579577
337,2021-12-06,37.60000,38.48000,37.05000,37.97000,398412
338,2021-12-03,38.28000,38.37000,36.34000,37.39000,438979
339,2021-12-02,37.38500,38.47830,37.25000,38.05000,501235
340,2021-12-01,38.71000,39.39000,37.51000,37.57000,867544
341,2021-11-30,38.72000,38.91000,37.86010,38.36000,470921
342,2021-11-29,39.00000,39.35500,38.41000,38.88000,354589
343,2021-11-26,39.09000,39.21000,38.30000,38.75000,231692
344,2021-11-24,38.86000,39.78000,38.29000,39.46000,323982
345,2021-11-23,39.68000,39.88000,38.90000,39.14000,442626
346,2021-11-22,40.66000,40.89900,39.52070,39.90000,822954
347,2021-11-19,39.85000,40.50000,39.67990,40.46000,397153
348,2021-11-18,40.37000,40.46000,39.50000,39.80000,390413
349,2021-11-17,39.77000,40.42500,39.61000,40.37000,290029
350,2021-11-16,40.37000,40.82000,39.38000,39.76000,460667
351,2021-11-15,41.00000,41.32000,40.09000,40.62000,451458
352,2021-11-12,40.41000,40.98000,40.30000,40.88000,440101
353,2021-11-11,38.40000,40.39000,38.06000,40.24000,613461
354,2021-11-10,39.89000,39.95470,37.69500,38.37000,1021858
355,2021-11-09,39.63000,40.07000,39.44000,39.92000,863104
356,2021-11-08,40.21000,40.25000,39.65000,39.69000,462840
357,2021-11-05,40.00000,40.28000,39.40000,39.81000,490301
358,2021-11-04,39.46000,39.95000,39.29140,39.91000,356913
359,2021-11-03,39.48000,39.66000,39.08000,39.46000,280826
360,2021-11-02,40.23000,40.37000,39.14000,39.71000,490161
361,2021-11-01,39.63000,40.20000,39.49600,40.05000,578309
362,2021-10-29,39.21000,39.74000,38.88000,39.35000,356599
363,2021-10-28,37.87000,39.43000,37.87000,39.39000,584192
364,2021-10-27,37.62000,38.34000,37.32000,37.60000,463038
365,2021-10-26,37.11000,37.48000,36.91000,37.31000,285640
366,2021-10-25,36.69000,37.13000,36.65000,36.98000,371509
367,2021-10-22,36.46000,36.76000,36.17000,36.71000,294728
368,2021-10-21,36.44000,36.83000,36.09000,36.36000,428651
369,2021-10-20,36.50000,36.76000,36.13000,36.44000,416162
370,2021-10-19,35.78000,36.60000,35.75000,36.57000,367318
371,2021-10-18,36.18000,36.18000,35.53000,35.57000,373565
372,2021-10-15,36.18000,36.58000,35.92000,36.22000,874063
373,2021-10-14,37.10000,37.22000,35.96000,36.02000,458609
374,2021-10-13,35.50000,36.85000,35.48000,36.82000,543991
375,2021-10-12,34.27000,35.37000,34.27000,35.28000,682967
376,2021-10-11,34.43000,34.78000,34.09000,34.24000,542743
377,2021-10-08,34.88000,34.92750,34.30000,34.31000,258582
378,2021-10-07,34.95000,35.31000,34.71500,34.77000,407490
379,2021-10-06,34.25000,34.84000,33.85000,34.70000,450124
380,2021-10-05,34.68000,34.98000,34.54000,34.56000,303291
381,2021-10-04,34.47000,34.91000,34.22000,34.60000,457597
382,2021-10-01,34.74000,34.87000,34.32010,34.51000,310766
383,2021-09-30,34.47000,34.77000,34.33000,34.51000,310959
384,2021-09-29,34.47000,35.12000,34.34000,34.43000,387834
385,2021-09-28,35.22960,35.25000,34.38500,34.44000,576469
386,2021-09-27,35.57000,36.02500,35.25000,35.38000,316090
387,2021-09-24,35.90000,36.01000,35.56000,35.76000,265927
388,2021-09-23,36.58000,36.90000,36.01000,36.08000,325399
389,2021-09-22,36.05000,36.83000,35.98000,36.27000,371157
390,2021-09-21,36.19000,36.36000,35.96000,36.06000,340523
391,2021-09-20,36.57000,36.57000,35.24040,35.98000,777781
392,2021-09-17,37.21000,37.62000,36.87000,37.07000,824418
393,2021-09-16,37.42000,37.54000,37.11000,37.14000,308806
394,2021-09-15,37.37000,37.73000,36.84000,37.48000,328489
395,2021-09-14,37.38000,37.74000,37.19000,37.46000,375855
396,2021-09-13,37.70000,37.70000,36.83000,37.19000,421012
397,2021-09-10,38.01000,38.01000,37.32000,37.35000,386238
398,2021-09-09,37.85000,38.13500,37.67000,37.76000,216407
399,2021-09-08,38.04000,38.40000,37.81000,37.85000,693975
400,2021-09-07,38.21000,38.33000,37.63000,38.00000,348833
401,2021-09-03,38.53000,38.53000,38.05000,38.16000,237576
402,2021-09-02,38.02000,38.63500,37.91000,38.46000,292260
403,2021-09-01,37.87000,38.44940,37.77010,37.96000,412029
404,2021-08-31,37.55000,37.80000,37.05000,37.61000,606958
405,2021-08-30,38.01000,38.12990,37.26000,37.41000,499950
406,2021-08-27,38.00000,38.67000,37.65000,38.25000,375552
407,2021-08-26,38.72000,39.02500,38.03000,38.03000,380683
408,2021-08-25,38.75000,39.17000,38.10000,38.91000,350115
409,2021-08-24,38.90000,38.97000,38.55000,38.59000,557542
410,2021-08-23,38.53000,38.86500,38.20000,38.75000,515584
411,2021-08-20,37.95000,38.50500,37.86000,38.43000,397234
412,2021-08-19,37.78000,38.02000,37.46000,37.91000,547779
413,2021-08-18,38.50000,38.50000,37.39500,37.88000,505868
414,2021-08-17,37.89000,38.54000,37.03500,38.50000,1311039
415,2021-08-16,38.83000,39.11500,38.04000,38.11000,657944
416,2021-08-13,38.93000,39.30000,38.75000,38.83500,324570
417,2021-08-12,39.19000,39.25500,38.57000,39.04000,337056
418,2021-08-11,39.50000,39.51000,39.08000,39.28000,286821
419,2021-08-10,38.98000,39.48000,38.72000,39.39000,524287
420,2021-08-09,38.90000,39.01990,38.44000,38.91000,698331
421,2021-08-06,38.82000,39.26000,38.65000,38.77000,359812
422,2021-08-05,39.87000,39.96000,38.58000,38.83000,536872
423,2021-08-04,39.87000,40.14000,39.36000,39.87000,507464
424,2021-08-03,39.81000,40.54000,39.49000,40.31000,432335
425,2021-08-02,39.88000,39.91000,39.49000,39.71000,347978
426,2021-07-30,40.02000,40.60000,39.59000,39.76000,379571
427,2021-07-29,39.98000,40.52000,39.70000,40.36000,463947
428,2021-07-28,39.35000,39.96000,39.04000,39.86000,339281
429,2021-07-27,38.47000,39.22000,38.17000,39.15000,375760
430,2021-07-26,39.15000,39.40000,38.29000,38.59000,305502
431,2021-07-23,38.97000,39.20000,38.36000,39.17000,309148
432,2021-07-22,38.82000,39.48000,38.62000,38.93000,441172
433,2021-07-21,37.84000,39.05000,37.84000,38.73000,629470
434,2021-07-20,36.42000,38.03500,36.21000,37.78000,489434
435,2021-07-19,36.65000,36.65000,35.45000,36.24000,624016
436,2021-07-16,36.93000,37.42000,36.86000,37.05000,611338
437,2021-07-15,37.00000,37.01000,36.30500,36.78000,478713
438,2021-07-14,37.91000,38.00000,37.09000,37.15000,434869
439,2021-07-13,38.25000,38.86000,37.79000,37.81000,625064
440,2021-07-12,37.41000,37.82000,36.90000,37.81000,501505
441,2021-07-09,37.50000,37.53000,36.78000,37.33000,286043
442,2021-07-08,37.89000,37.99000,37.11000,37.34000,431373
443,2021-07-07,38.61000,38.87000,38.10000,38.51000,532756
444,2021-07-06,38.24000,38.62000,37.80000,38.45000,374240
445,2021-07-02,37.83000,38.20000,37.56000,38.12000,291693
446,2021-07-01,37.24000,37.75000,37.02000,37.72000,420344
447,2021-06-30,37.73000,37.85000,37.01000,37.22000,407874
448,2021-06-29,37.91000,38.21000,37.52000,37.81000,555506
449,2021-06-28,37.69000,37.90970,37.11000,37.83000,619259
450,2021-06-25,36.90000,37.51000,36.90000,37.42000,409911
451,2021-06-24,37.39000,37.60000,36.55000,36.90000,529568
452,2021-06-23,37.08000,37.35000,36.83010,37.27000,301760
453,2021-06-22,36.91000,37.29000,36.55000,36.98000,286594
454,2021-06-21,36.48000,37.01000,36.05000,36.88000,386557
455,2021-06-18,37.09000,37.30000,36.35000,36.50000,1097668
456,2021-06-17,36.80000,37.73000,36.51000,37.56000,428526
457,2021-06-16,37.06500,37.50000,36.35000,36.77000,472088
458,2021-06-15,37.55000,37.61000,36.65030,36.85000,397558
459,2021-06-14,37.57000,37.74000,37.12000,37.71000,540930
460,2021-06-11,37.65000,37.66000,37.11000,37.31000,437342
461,2021-06-10,36.87000,37.48000,36.61000,37.44000,638839
462,2021-06-09,37.00000,37.29000,36.72000,36.75000,389170
463,2021-06-08,36.90000,37.00000,36.20000,36.84000,913012
464,2021-06-07,36.30000,36.94000,36.25000,36.70000,688004
465,2021-06-04,36.53000,36.59000,35.98000,36.32000,386805
466,2021-06-03,36.29000,36.62000,35.98000,36.22000,423533
467,2021-06-02,36.01000,37.09000,35.73000,36.65000,1136342
468,2021-06-01,36.36000,36.98000,35.96000,36.16000,615124
469,2021-05-28,36.11000,36.81000,36.11000,36.35000,366666
470,2021-05-27,36.59000,36.91990,35.70000,36.06000,642976
471,2021-05-26,36.71000,37.05000,36.54000,36.92000,460611
472,2021-05-25,37.34000,37.44000,36.68000,36.71000,517130
473,2021-05-24,37.21000,37.56000,36.67000,36.97000,384053
474,2021-05-21,37.14000,37.22000,36.60000,36.93000,443337
475,2021-05-20,35.91000,37.38000,35.91000,36.83000,567183
476,2021-05-19,34.50000,35.88000,34.14050,35.80000,736621
477,2021-05-18,34.93000,35.60000,34.74000,34.88000,777779
478,2021-05-17,35.20000,35.38000,34.51000,34.87000,814288
479,2021-05-14,34.79000,35.66000,34.63000,35.44000,510206
480,2021-05-13,34.00000,35.03000,33.96940,34.48000,735566
481,2021-05-12,34.89000,35.64000,33.75000,33.77000,901885
482,2021-05-11,33.55000,35.37000,33.16200,34.79000,1741040
483,2021-05-10,36.14000,36.38000,34.48000,34.70000,803317
484,2021-05-07,36.50000,37.00500,35.95000,36.05000,1791244
485,2021-05-06,36.28000,36.70000,35.46000,36.69000,761562
486,2021-05-05,37.46000,37.50000,36.31000,36.56000,633624
487,2021-05-04,37.52000,37.52000,36.42000,37.07000,829165
488,2021-05-03,38.48000,38.78000,37.53000,37.67000,512807
489,2021-04-30,39.08000,39.23040,38.41000,38.55000,667165
490,2021-04-29,40.17000,40.17000,39.05990,39.45000,686180
491,2021-04-28,40.20000,40.30000,39.54000,39.83000,774453
492,2021-04-27,39.99000,40.26000,39.34000,40.20000,1002979
493,2021-04-26,39.67000,39.91000,39.11000,39.76000,906820
494,2021-04-23,38.39000,39.34000,37.98000,39.25000,734023
495,2021-04-22,38.59000,38.91000,37.77000,38.18000,852374
496,2021-04-21,37.16000,38.08000,36.82000,38.01000,873747
497,2021-04-20,36.37000,37.49000,36.15000,37.16000,1211955
498,2021-04-19,38.72000,38.90000,36.34000,36.37000,1537219
499,2021-04-16,38.45000,39.19000,37.68000,39.04000,8366029
500,2021-04-15,38.76000,38.98000,37.80000,38.46000,1119608
501,2021-04-14,38.96000,39.77000,38.12000,38.48000,1135553
502,2021-04-13,37.68000,38.56000,37.18000,38.41000,1395549
503,2021-04-12,38.84000,38.84000,37.54010,37.89000,1105760
504,2021-04-09,37.89000,39.14000,37.79000,38.81000,1185705
505,2021-04-08,37.00000,38.10000,36.41000,38.05000,1165707
506,2021-04-07,38.00000,38.13250,35.76000,36.54000,1942253
507,2021-04-06,36.48430,38.33000,36.05000,37.98000,1521647
508,2021-04-05,38.14250,38.40000,36.10000,36.40000,2200239
509,2021-04-01,37.18000,37.83000,36.60010,37.63000,2041236
510,2021-03-31,35.98000,37.28000,35.16000,36.63000,2275061
511,2021-03-30,33.59000,35.17000,33.45000,35.13000,869923
512,2021-03-29,33.54000,34.15000,32.81000,33.62000,776164
513,2021-03-26,33.13000,33.87000,32.73500,33.51000,950686
514,2021-03-25,32.47000,32.87000,31.61000,32.87000,1533927
515,2021-03-24,33.49000,33.81000,32.66000,32.96000,1110449
516,2021-03-23,34.00000,34.24000,33.19000,33.43000,1623755
517,2021-03-22,32.65530,33.74000,32.61000,33.63000,973769
518,2021-03-19,32.99000,33.50000,32.30000,32.59000,2756251
519,2021-03-18,34.45000,34.81000,32.93500,33.01000,1218681
520,2021-03-17,36.04000,36.40000,34.50000,34.94000,1360260
521,2021-03-16,37.59000,37.93920,36.31000,36.42000,1201973
522,2021-03-15,36.39000,37.89000,36.31000,37.46000,949842
523,2021-03-12,36.46000,37.19000,36.24000,36.89000,843194
524,2021-03-11,36.89000,37.54000,36.37000,37.21000,1048378
525,2021-03-10,37.88000,38.47000,36.46000,36.83000,1220833
526,2021-03-09,35.95000,37.29500,35.51000,37.12000,891314
527,2021-03-08,35.16000,35.87000,34.50000,35.04000,1028678
528,2021-03-05,34.68000,35.37000,33.10000,35.16000,1463600
529,2021-03-04,34.62000,35.72000,33.58000,34.77000,1494792
530,2021-03-03,36.99000,37.11000,34.12000,34.51000,1824734
531,2021-03-02,38.05000,38.21000,36.55000,36.82000,767999
532,2021-03-01,35.95000,37.94000,35.95000,37.06000,789768
533,2021-02-26,36.05000,36.59500,35.60000,36.15000,896624
534,2021-02-25,37.60000,37.99600,35.63000,35.98000,1074674
535,2021-02-24,36.10000,37.19000,35.68190,37.09000,1078997
536,2021-02-23,35.61000,36.32000,34.23000,35.88000,1873136
537,2021-02-22,37.70000,37.94990,35.73850,36.35000,1268328
538,2021-02-19,38.18000,38.60000,37.77000,38.05000,931164
539,2021-02-18,38.82000,39.00000,37.46000,37.82000,1207251
540,2021-02-17,39.28000,39.93000,38.57030,39.45000,725336
541,2021-02-16,40.92240,40.92240,38.81500,39.41000,792773
542,2021-02-12,41.00000,41.83000,39.61000,39.95000,1411108
543,2021-02-11,41.99000,42.10000,40.70000,41.16000,611781
544,2021-02-10,42.52500,42.72000,41.44000,42.00000,790961
545,2021-02-09,43.63000,43.63000,41.14000,41.68000,948527
546,2021-02-08,45.00000,45.21000,43.42000,43.84000,760373
547,2021-02-05,43.49000,44.84000,43.32000,44.73000,466757
548,2021-02-04,43.85500,43.85500,42.44000,43.34000,450796
549,2021-02-03,43.30000,43.63000,42.50000,43.53000,526634
550,2021-02-02,42.71240,43.39500,42.32000,42.89000,579789
551,2021-02-01,42.16000,42.45000,41.31000,42.22000,514126
552,2021-01-29,41.46000,42.50000,40.76000,41.35000,667563
553,2021-01-28,40.10000,41.49000,38.80000,41.25000,960712
554,2021-01-27,41.17000,41.58890,39.26500,39.55000,1423429
555,2021-01-26,45.58000,45.74000,42.70000,42.87000,852687
556,2021-01-25,46.75000,48.49000,45.52000,45.76000,973733
557,2021-01-22,46.30000,46.95000,45.33000,46.19000,791134
558,2021-01-21,44.60000,46.46000,44.15000,46.42000,786710
559,2021-01-20,44.09000,45.51000,43.88000,44.25000,934177
560,2021-01-19,44.67000,45.43700,43.89000,44.07000,805672
561,2021-01-15,44.80000,44.99000,43.21000,44.00000,887713
562,2021-01-14,45.59000,45.90000,44.51000,45.13000,545542
563,2021-01-13,44.39000,45.60000,44.23000,45.29000,758657
564,2021-01-12,45.29000,45.93500,43.38000,44.46000,1126754
565,2021-01-11,46.14000,46.32000,44.52010,44.85000,965772
566,2021-01-08,45.16000,47.15000,45.02270,46.16000,1316315
567,2021-01-07,45.04000,46.28000,44.42000,45.55000,1442306
568,2021-01-06,42.15810,44.95000,41.59000,44.17000,1854186
569,2021-01-05,39.06000,40.41000,39.04100,40.37000,807519
570,2021-01-04,38.49000,39.52000,38.11000,39.29000,797743
571,2020-12-31,38.13000,38.24980,37.36500,37.98000,494818
572,2020-12-30,37.40000,37.71000,36.63000,37.64000,2426617
573,2020-12-29,38.50000,38.52780,36.25000,37.10000,1001557
574,2020-12-28,41.09000,41.25000,36.94000,37.84000,2201029
575,2020-12-24,40.85000,41.00000,40.27000,40.81000,422295
576,2020-12-23,39.06000,40.98390,38.72000,40.86000,1727849
577,2020-12-22,37.25000,38.70000,37.25000,38.64000,729268
578,2020-12-21,36.78000,37.23000,36.31000,37.11000,858143
579,2020-12-18,36.66000,37.58000,36.62000,37.24000,2725588
580,2020-12-17,36.30000,36.57000,36.04000,36.48000,672574
581,2020-12-16,36.33000,36.68000,35.91000,36.12000,573098
582,2020-12-15,35.09000,35.97000,34.68000,35.97000,915856
583,2020-12-14,33.55000,34.52000,33.55000,34.18000,539752
584,2020-12-11,33.70000,33.97500,33.01000,33.35000,758537
585,2020-12-10,33.06000,33.69000,32.97000,33.57000,654512
586,2020-12-09,33.77000,34.23000,32.86000,33.21000,1415432
587,2020-12-08,35.28000,35.35000,34.63000,34.75000,661017
588,2020-12-07,35.30000,35.47500,35.09000,35.26000,594844
589,2020-12-04,34.95000,35.26000,34.79000,35.14000,314194
590,2020-12-03,34.75000,35.00000,34.45000,34.70000,477327
591,2020-12-02,35.20000,35.33500,34.44000,34.70000,430863
592,2020-12-01,34.87000,35.54000,34.80100,35.43000,513428
593,2020-11-30,35.24500,35.38000,34.15000,34.39000,548837
594,2020-11-27,34.75000,35.25000,34.50000,35.19000,357172
595,2020-11-25,35.11000,35.31000,34.70000,35.12000,542417
596,2020-11-24,33.67000,34.93000,33.67000,34.89000,677807
597,2020-11-23,33.24000,33.43500,32.76000,33.31000,512235
598,2020-11-20,32.12000,32.63000,32.12000,32.35000,490949
599,2020-11-19,33.73000,33.88500,32.01000,32.14000,606123
600,2020-11-18,34.01000,34.30500,33.61000,33.68000,421729
601,2020-11-17,34.10000,34.36000,33.76000,33.97000,585371
602,2020-11-16,34.43000,34.58000,34.02000,34.30000,351926
603,2020-11-13,33.55000,33.92000,33.35000,33.76000,340836
604,2020-11-12,33.91000,34.64000,33.30000,33.43000,473375
605,2020-11-11,33.46000,34.15000,33.35000,33.87000,501500
606,2020-11-10,33.33000,34.18830,32.02000,33.18000,649103
607,2020-11-09,37.26000,37.98000,33.01000,33.05000,999093
608,2020-11-06,32.01000,33.91990,32.01000,33.25000,890501
609,2020-11-05,31.24000,32.29000,31.15000,31.94000,926501
610,2020-11-04,31.41000,31.41000,30.48000,30.66000,524508
611,2020-11-03,30.60000,31.38000,30.48000,31.11000,1176192
612,2020-11-02,29.56000,30.28000,29.55000,30.27000,504845
613,2020-10-30,29.60000,29.89000,29.22000,29.49000,493955
614,2020-10-29,29.43000,29.68000,28.93000,29.61000,509928
615,2020-10-28,29.49000,29.70000,28.98000,29.28000,487011
616,2020-10-27,30.30000,30.30000,29.88500,29.89000,381880
617,2020-10-26,30.35000,30.35000,29.95000,30.16000,391001
618,2020-10-23,30.16000,30.38000,29.92000,30.38000,376463
619,2020-10-22,29.68000,30.12000,29.46000,30.03000,320104
620,2020-10-21,30.34000,30.34000,29.42000,29.76000,429118
621,2020-10-20,29.86000,30.07000,29.71000,29.98000,473480
622,2020-10-19,29.93000,29.98000,29.56000,29.72500,653250
623,2020-10-16,29.73000,29.83500,29.31000,29.77000,1169456
624,2020-10-15,29.27000,29.70000,29.20000,29.56000,408527
625,2020-10-14,29.65000,29.80000,29.32000,29.58000,445056
626,2020-10-13,29.36000,29.63000,29.10000,29.51000,462020
627,2020-10-12,29.99000,29.99000,28.85000,29.41000,798490
628,2020-10-09,30.84000,31.12000,29.45000,30.04000,1126536
629,2020-10-08,30.71000,31.45000,30.71000,31.28000,790621
630,2020-10-07,30.25000,30.89000,30.22500,30.37000,869422
631,2020-10-06,29.72000,30.24000,29.52500,29.83000,715271
632,2020-10-05,28.31000,29.87000,28.31000,29.72000,769976
633,2020-10-02,27.96000,28.40000,27.96000,28.26000,341092
634,2020-10-01,28.85000,28.85000,28.12500,28.44000,579155
635,2020-09-30,28.16000,28.67000,28.16000,28.61000,549110
636,2020-09-29,27.77000,28.32000,27.68000,28.10500,643807
637,2020-09-28,27.68000,27.80500,27.41000,27.61000,277235
638,2020-09-25,26.71000,27.37990,26.71000,27.32000,260448
639,2020-09-24,26.75000,26.83000,26.31000,26.77000,354855
640,2020-09-23,27.29000,27.39000,26.79500,26.85000,417766
641,2020-09-22,27.10000,27.48000,27.05500,27.27000,206126
642,2020-09-21,26.88000,27.27000,26.37000,27.09000,349520
643,2020-09-18,27.65000,27.70000,26.86000,26.96000,579076
644,2020-09-17,27.59000,27.77000,27.20500,27.54000,466549
645,2020-09-16,28.00000,28.14000,27.78000,27.82000,359834
646,2020-09-15,27.75000,28.25500,27.71920,27.87000,382363
647,2020-09-14,27.57000,27.62000,27.29000,27.49500,281251
648,2020-09-11,27.65000,27.65000,27.18000,27.30000,327181
649,2020-09-10,27.90000,27.90000,27.34000,27.48000,591670
650,2020-09-09,28.11000,28.30000,27.54000,27.80000,621044
651,2020-09-08,27.78100,28.17000,27.48000,27.89000,475728
652,2020-09-04,28.52000,28.58000,27.26000,28.29000,485527
653,2020-09-03,29.85000,29.95000,28.25000,28.40000,597372
654,2020-09-02,30.12000,30.12000,29.76000,29.97000,395205
655,2020-09-01,30.07000,30.07000,29.64000,29.90000,277145
656,2020-08-31,29.68000,30.17000,29.66000,30.03000,301699
657,2020-08-28,30.43000,30.43000,29.66000,29.77000,467847
658,2020-08-27,30.37000,30.64000,30.15000,30.49000,434598
659,2020-08-26,30.59000,30.72000,30.20000,30.34000,452720
660,2020-08-25,30.10000,30.64100,29.94000,30.50000,510727
661,2020-08-24,30.47000,30.47000,29.82000,30.01000,415336
662,2020-08-21,30.11000,30.42000,29.98000,30.25000,339110
663,2020-08-20,30.19000,30.21000,29.80000,30.10000,461135
664,2020-08-19,30.50000,30.76000,30.03000,30.27000,539340
665,2020-08-18,30.91000,31.29000,30.37000,30.56000,465656
666,2020-08-17,30.91000,31.30500,30.77000,30.91000,694317
667,2020-08-14,30.33000,30.78000,30.16000,30.70000,459913
668,2020-08-13,30.54650,30.54650,29.90000,30.32000,312554
669,2020-08-12,30.03000,30.49000,29.87000,30.15000,706197
670,2020-08-11,29.89000,30.12000,29.64000,29.74000,363483
671,2020-08-10,30.03000,30.38000,29.77000,29.94000,405871
672,2020-08-07,29.90000,30.20000,29.84770,30.03000,624601
673,2020-08-06,30.19000,30.41500,29.47000,29.93000,496125
674,2020-08-05,30.36000,30.38000,29.79500,30.01000,523796
675,2020-08-04,30.13000,30.38000,29.43000,30.24000,773791
676,2020-08-03,30.08000,30.50000,29.83000,30.30000,786219
677,2020-07-31,30.15000,30.43280,29.72000,29.97000,383610
678,2020-07-30,30.10000,30.34000,29.82470,30.32000,552588
679,2020-07-29,30.19000,30.47000,29.93000,30.19000,486089
680,2020-07-28,29.93000,30.21500,29.89000,30.16000,508690
681,2020-07-27,29.80000,30.03000,29.39000,29.89000,323122
682,2020-07-24,29.75000,29.98000,29.49000,29.62000,263851
683,2020-07-23,29.90000,30.03000,29.65000,29.86000,432677
684,2020-07-22,29.91000,30.25500,29.59000,29.97000,418913
685,2020-07-21,29.72000,30.12000,29.39000,29.91000,509729
686,2020-07-20,29.41000,29.64000,29.24000,29.52000,261027
687,2020-07-17,28.96000,29.39000,28.85000,29.32000,383896
688,2020-07-16,29.38000,29.46890,28.81000,28.86000,489175
689,2020-07-15,28.84000,29.47000,28.83000,29.38000,817784
690,2020-07-14,28.95000,28.95000,27.72000,28.63000,1451388
691,2020-07-13,29.63000,29.92000,29.07000,29.20000,312733
692,2020-07-10,29.64000,29.75500,29.33600,29.62000,293481
693,2020-07-09,29.40000,29.85000,29.26500,29.71000,298991
694,2020-07-08,29.36000,29.99000,29.30000,29.84000,274120
695,2020-07-07,29.31000,29.66000,29.17000,29.42000,326506
696,2020-07-06,30.00000,30.32000,29.43000,29.53000,266879
697,2020-07-02,30.04000,30.27000,29.70000,29.74000,548194
698,2020-07-01,29.11000,29.78000,28.99000,29.71000,643159
699,2020-06-30,28.86000,29.20000,28.81000,29.10000,410533
700,2020-06-29,28.58000,29.04000,28.41000,28.84000,361793
701,2020-06-26,28.30000,28.65000,28.22750,28.50000,299491
702,2020-06-25,28.12000,28.40000,27.65000,28.37000,412284
703,2020-06-24,28.38000,28.44000,27.81930,28.21000,358011
704,2020-06-23,28.65000,28.74000,28.29000,28.46000,337583
705,2020-06-22,28.27000,28.73990,27.80000,28.42000,286914
706,2020-06-19,28.51000,28.64000,27.83000,27.97000,493060
707,2020-06-18,28.09000,28.67000,28.03000,28.28000,296844
708,2020-06-17,28.21000,28.52000,27.89000,28.26000,456868
709,2020-06-16,27.56000,27.89000,27.30000,27.59000,331424
710,2020-06-15,26.40000,27.12000,26.23000,26.96000,608973
711,2020-06-12,26.26000,27.08000,26.26000,26.85000,390836
712,2020-06-11,27.10000,27.10000,26.15000,26.41000,614900
713,2020-06-10,27.09000,27.46000,26.91000,27.39000,389137
714,2020-06-09,26.90000,27.36000,26.42000,27.22000,626529
715,2020-06-08,27.96000,28.16000,26.89000,27.00000,589034
716,2020-06-05,27.68000,27.99000,27.51500,27.80000,366753
717,2020-06-04,27.44000,27.63000,27.22000,27.48000,404838
718,2020-06-03,27.24000,27.50000,26.77500,27.50000,397454
719,2020-06-02,26.63000,27.10000,26.27000,26.98000,338419
720,2020-06-01,26.25000,26.64000,25.95540,26.44000,298450
721,2020-05-29,26.00000,26.40500,25.79000,26.20000,479849
722,2020-05-28,26.57000,26.64000,26.25000,26.34000,358789
723,2020-05-27,26.49000,26.65000,26.15000,26.34000,435344
724,2020-05-26,27.47000,27.47000,26.43000,26.44000,507801
725,2020-05-22,26.37000,26.76000,26.20000,26.71000,433950
726,2020-05-21,26.38000,26.79000,25.84000,26.46000,827226
727,2020-05-20,25.15000,26.47000,25.15000,26.42000,923940
728,2020-05-19,24.63000,25.14000,24.26000,25.01000,567362
729,2020-05-18,24.16000,24.83000,23.80170,24.66000,337680
730,2020-05-15,23.66000,23.66000,23.27000,23.34000,347620
731,2020-05-14,23.50000,23.79000,23.37000,23.76000,562817
732,2020-05-13,24.19000,24.19000,23.24050,23.61000,403069
733,2020-05-12,23.58000,24.24000,23.58000,24.02000,472042
734,2020-05-11,23.40000,23.60000,22.75000,23.50000,1041406
735,2020-05-08,23.08000,23.56000,22.90000,23.30000,414559
736,2020-05-07,22.75000,23.12000,22.42000,22.80000,759038
737,2020-05-06,23.93000,24.00750,22.88000,22.95000,590841
738,2020-05-05,23.80000,24.08000,23.49000,23.62000,322341
739,2020-05-04,23.12000,23.66000,22.94000,23.50000,273096
740,2020-05-01,23.76000,23.83000,22.80000,23.30000,424144
741,2020-04-30,24.10000,24.20000,23.60000,23.94000,318613
742,2020-04-29,24.73000,25.14000,23.78000,24.39000,702464
743,2020-04-28,24.88000,25.56000,24.34000,24.34500,320644
744,2020-04-27,23.92000,24.66360,23.92000,24.20000,335898
745,2020-04-24,23.83000,23.92000,23.49000,23.85000,212677
746,2020-04-23,23.90000,23.95000,23.45000,23.77000,232074
747,2020-04-22,23.40000,23.90000,23.33000,23.70000,267691
748,2020-04-21,22.98000,23.45000,22.73000,23.06000,526663
749,2020-04-20,23.50000,23.95000,23.01950,23.51000,341515
750,2020-04-17,23.67000,24.00000,23.29000,23.61000,322368
751,2020-04-16,23.18000,23.83900,22.86000,23.18000,222256
752,2020-04-15,22.96000,23.32000,22.73000,23.05000,240727
753,2020-04-14,23.59000,23.90000,23.07000,23.38000,357528
754,2020-04-13,22.63000,23.43000,22.51500,23.27000,366806
755,2020-04-09,22.54000,23.75000,22.16000,23.20000,989936
756,2020-04-08,22.14000,22.50000,21.50000,22.10000,404284
757,2020-04-07,22.71000,22.96000,21.69500,22.01000,535283
758,2020-04-06,21.63000,22.49000,21.62000,22.17000,361859
759,2020-04-03,21.49000,21.59000,20.58500,21.07000,583774
760,2020-04-02,21.26000,21.95000,21.07000,21.49000,535615
761,2020-04-01,21.83000,21.95000,20.85620,21.28000,755478
762,2020-03-31,22.10000,22.64000,21.88000,22.30000,520671
763,2020-03-30,21.96000,22.16830,21.41000,22.00000,577440
764,2020-03-27,21.53000,22.49000,21.53000,22.00000,578030
765,2020-03-26,22.10000,23.97000,21.72000,22.34000,557211
766,2020-03-25,21.33000,22.69000,20.59000,21.91000,575767
767,2020-03-24,20.10000,21.23000,20.10000,21.07000,709197
768,2020-03-23,20.76000,20.76000,17.86000,18.90000,1015855
769,2020-03-20,20.00000,21.79500,20.00000,20.86000,1021906
770,2020-03-19,18.61000,19.71000,17.99000,19.64000,1032883
771,2020-03-18,21.00000,21.52000,18.22000,18.94000,1173454
772,2020-03-17,19.43000,23.32000,19.01000,23.13000,890033
773,2020-03-16,18.22000,20.40000,18.22000,19.21000,929630
774,2020-03-13,22.31000,22.52000,21.03000,22.41000,668192
775,2020-03-12,23.55000,23.59000,20.20000,21.00000,892168
776,2020-03-11,25.46000,25.65000,24.52000,24.87000,762185
777,2020-03-10,26.71000,26.84000,24.89000,26.26000,722365
778,2020-03-09,25.50000,27.49000,25.00000,26.29000,741442
779,2020-03-06,28.25000,28.41000,27.45000,27.95000,563685
780,2020-03-05,29.28000,29.38000,28.42000,28.64000,1199135
781,2020-03-04,29.01000,29.46000,28.23000,29.44000,852935
782,2020-03-03,29.12000,30.35000,28.58000,28.82000,637233
783,2020-03-02,28.89000,29.35000,28.50000,28.90000,710294
784,2020-02-28,27.00000,29.17000,25.11000,28.91000,1440700
785,2020-02-27,31.00000,31.08000,29.85000,30.03000,656490
786,2020-02-26,31.33000,31.81000,31.12000,31.24000,457111
787,2020-02-25,32.22000,32.50000,31.43000,31.46000,727353
788,2020-02-24,31.89000,32.29000,31.80000,32.14000,628128
789,2020-02-21,31.98000,32.47000,31.96000,32.24000,330334
790,2020-02-20,31.74000,32.10000,31.51000,32.05000,420576
791,2020-02-19,31.51000,32.02000,31.51000,31.86000,455373
792,2020-02-18,31.29000,31.82000,31.27000,31.51000,414455
793,2020-02-14,31.01000,31.31000,30.99000,31.24000,339732
794,2020-02-13,30.59000,31.14000,30.52000,31.07000,424418
795,2020-02-12,30.48000,30.77000,30.34000,30.59000,417393
796,2020-02-11,29.61000,30.53000,29.61000,30.45000,499678
797,2020-02-10,29.00000,29.57000,28.88000,29.56000,589682
798,2020-02-07,29.09000,29.24000,28.92000,28.99000,325063
799,2020-02-06,28.93000,29.22000,28.90000,29.06000,495217
800,2020-02-05,28.93000,29.11000,28.58000,28.73000,464765
801,2020-02-04,29.21000,29.31000,28.70000,28.94000,431384
802,2020-02-03,28.95000,29.16000,28.67000,29.01000,532460
803,2020-01-31,28.77000,28.98000,28.52000,28.73000,320587
804,2020-01-30,28.39000,28.77000,28.32000,28.77000,442479
805,2020-01-29,27.99000,28.42000,27.85000,28.39000,350304
806,2020-01-28,28.42000,28.47000,27.77000,28.08000,489082
807,2020-01-27,28.35000,28.61000,28.22000,28.45000,393261
808,2020-01-24,28.03000,28.54000,28.03000,28.43000,1156228
809,2020-01-23,27.86000,28.14000,27.77000,28.03000,450963
810,2020-01-22,28.12000,28.40000,27.72000,27.96000,386826
811,2020-01-21,27.84000,28.22000,27.78000,28.12000,601695
812,2020-01-17,27.64000,27.99000,27.64000,27.80000,387184
813,2020-01-16,27.50000,27.92000,27.50000,27.69000,709251
814,2020-01-15,26.52000,27.52000,26.52000,27.35000,468104
815,2020-01-14,26.99000,27.06000,26.77000,26.99000,356340
816,2020-01-13,26.97000,27.14000,26.85000,27.00000,344109
817,2020-01-10,26.87000,26.90000,26.71000,26.83000,252183
818,2020-01-09,26.70000,26.81000,26.60000,26.80000,315744
819,2020-01-08,26.71000,26.71000,26.49000,26.70000,294855
820,2020-01-07,26.56000,26.68000,26.35000,26.47000,275080
821,2020-01-06,26.52000,26.69000,26.42000,26.67000,252157
822,2020-01-03,26.23000,26.70000,26.18000,26.52000,351595
823,2020-01-02,26.40000,26.69000,26.14000,26.29000,453471
824,2019-12-31,26.36000,26.48000,26.16000,26.39000,176472
825,2019-12-30,26.29000,26.43000,26.13000,26.39000,281140
826,2019-12-27,26.25000,26.41000,26.16000,26.25000,204956
827,2019-12-26,26.17000,26.40000,26.14000,26.27000,252879
828,2019-12-24,26.16000,26.29000,26.04000,26.20000,181528
829,2019-12-23,26.01000,26.15000,25.76000,26.14000,357022
830,2019-12-20,26.04000,26.12000,25.85000,26.03000,530617
831,2019-12-19,25.86000,26.05000,25.78000,26.00000,328129
832,2019-12-18,25.32000,25.92000,25.09000,25.87000,375094
833,2019-12-17,25.87000,25.89000,25.28000,25.36000,344834
834,2019-12-16,25.52000,25.83000,25.44000,25.81000,234452
835,2019-12-13,25.50000,25.66000,25.32000,25.48000,226194
836,2019-12-12,25.51000,25.90000,25.38000,25.44000,245857
837,2019-12-11,25.57000,25.80000,25.50000,25.59000,180355
838,2019-12-10,25.78000,25.79000,25.51000,25.57000,331672
839,2019-12-09,25.67000,25.73000,25.50000,25.70000,268088
840,2019-12-06,25.68000,25.87000,25.67000,25.69000,224453
841,2019-12-05,25.69000,25.79000,25.54000,25.73000,179980
842,2019-12-04,25.50000,25.77000,25.50000,25.64000,184077
843,2019-12-03,25.57000,25.72000,25.49000,25.50000,224252
844,2019-12-02,25.75000,25.82000,25.43000,25.54000,257092
845,2019-11-29,25.83000,25.98000,25.75000,25.92000,145014
846,2019-11-27,25.70000,25.88000,25.55000,25.74000,231303
847,2019-11-26,26.00000,26.12000,25.91000,26.03000,436278
848,2019-11-25,25.77000,25.99000,25.65000,25.91000,253595
849,2019-11-22,25.81000,25.95000,25.61000,25.62000,296363
850,2019-11-21,25.77000,25.84000,25.68000,25.78000,228222
851,2019-11-20,25.74000,25.84000,25.59000,25.80000,243524
852,2019-11-19,25.80000,25.87000,25.48000,25.72000,397886
853,2019-11-18,25.85000,26.15000,25.83000,25.99000,717084
854,2019-11-15,25.58000,25.81000,25.49000,25.79000,615979
855,2019-11-14,25.25000,25.61000,25.22000,25.51000,1012322
856,2019-11-13,25.04000,25.40000,24.81000,25.18000,1324666
857,2019-11-12,24.74000,25.05000,24.62000,24.98000,1271526
858,2019-11-11,24.65000,24.84000,24.43000,24.70000,730925
859,2019-11-08,24.23000,24.59000,24.05000,24.53000,1002294
860,2019-11-07,23.25000,24.20000,23.11000,24.03000,725787
861,2019-11-06,23.85000,23.90000,23.64000,23.73000,460432
862,2019-11-05,24.09000,24.34000,23.95000,24.02000,339568
863,2019-11-04,24.46000,24.50000,24.05000,24.07000,420210
864,2019-11-01,24.00000,24.14000,23.95000,24.05000,427026
865,2019-10-31,24.04000,24.11000,23.87000,24.01000,283189
866,2019-10-30,23.77000,24.10000,23.77000,23.92000,381012
867,2019-10-29,23.20000,23.70000,23.15000,23.52000,301511
868,2019-10-28,23.15000,23.23000,22.38000,23.21000,1071655
869,2019-10-25,24.16000,24.23000,23.09000,23.29000,985607
870,2019-10-24,24.31000,24.39000,24.13000,24.15000,434068
871,2019-10-23,24.27000,24.43000,24.06000,24.36000,518971
872,2019-10-22,24.46000,24.61000,24.21000,24.24000,576919
873,2019-10-21,24.45000,24.45000,24.20000,24.27000,414559
874,2019-10-18,24.36000,24.49000,24.11000,24.46000,379223
875,2019-10-17,24.00000,24.36000,23.93000,24.33000,211656
876,2019-10-16,24.08000,24.16000,23.90000,23.95000,263198
877,2019-10-15,24.08000,24.15000,23.97000,24.12000,241184
878,2019-10-14,24.11000,24.19000,23.97000,23.98000,145246
879,2019-10-11,24.30000,24.40000,24.13000,24.21000,257668
880,2019-10-10,23.90000,24.37000,23.82000,24.30000,241386
881,2019-10-09,24.42000,24.53000,23.81000,23.96000,255655
882,2019-10-08,24.34000,24.41000,24.17000,24.38000,232467
883,2019-10-07,24.23000,24.41000,24.07000,24.34000,405891
884,2019-10-04,24.10000,24.31000,23.85000,24.22000,417321
885,2019-10-03,24.13000,24.38000,24.05000,24.09000,254908
886,2019-10-02,24.43000,24.43000,24.09000,24.19000,284228
887,2019-10-01,24.09000,24.44000,24.09000,24.40000,471054
888,2019-09-30,24.03000,24.16000,23.88000,24.09000,435675
889,2019-09-27,23.91000,23.98000,23.80000,23.93000,393365
890,2019-09-26,24.12000,24.20000,23.94000,23.98000,229305
891,2019-09-25,24.42000,24.50000,24.00000,24.13000,331349
892,2019-09-24,24.35000,24.52000,24.10000,24.17000,335160
893,2019-09-23,24.13000,24.27000,24.02000,24.25000,349672
894,2019-09-20,24.29000,24.34000,23.94000,24.04000,418221
895,2019-09-19,24.63000,24.75000,24.13000,24.30000,322745
896,2019-09-18,24.32000,24.67000,24.29000,24.40000,485469
897,2019-09-17,23.90000,24.37000,23.90000,24.30000,446520
898,2019-09-16,24.09000,24.15000,23.90000,23.99000,224310
899,2019-09-13,24.44000,24.56000,23.82000,24.00000,396195
900,2019-09-12,24.53000,24.62000,24.41000,24.42000,249613
901,2019-09-11,24.19000,24.50000,24.19000,24.47000,156762
902,2019-09-10,24.52000,24.62000,24.23000,24.28000,201943
903,2019-09-09,24.32000,24.53000,24.16000,24.50000,406920
904,2019-09-06,24.30000,24.45000,24.14000,24.33000,211726
905,2019-09-05,24.20000,24.42000,23.96000,24.29000,315127
906,2019-09-04,24.03000,24.24000,23.96000,24.14000,201139
907,2019-09-03,23.75000,23.98000,23.58000,23.96000,175772
908,2019-08-30,23.88000,23.88000,23.61000,23.79000,220970
909,2019-08-29,23.83000,23.94000,23.72000,23.79000,216851
910,2019-08-28,24.00000,24.17000,23.94000,24.10000,232456
911,2019-08-27,24.07000,24.27000,23.90000,24.05000,397830
912,2019-08-26,23.66000,23.91000,23.66000,23.91000,239750
913,2019-08-23,23.91000,23.93000,23.54000,23.59000,229142
914,2019-08-22,23.86000,23.95000,23.73000,23.90000,296703
915,2019-08-21,23.80000,23.97000,23.71000,23.85000,368685
916,2019-08-20,23.62000,23.79000,23.44000,23.73000,326710
917,2019-08-19,23.57000,23.64000,23.36000,23.62000,284024
918,2019-08-16,23.21000,23.86000,23.21000,23.57000,502295
919,2019-08-15,23.38000,23.51000,23.24000,23.33000,346923
920,2019-08-14,23.60000,23.68000,23.38000,23.39000,209580
921,2019-08-13,23.33000,23.74000,23.21000,23.61000,557555
922,2019-08-12,23.49000,23.66000,23.39000,23.48000,358723
923,2019-08-09,23.42000,23.56000,23.35000,23.47000,308799
924,2019-08-08,23.05000,23.53000,23.01000,23.49000,257720
925,2019-08-07,22.56000,23.35000,22.40000,23.11000,380470
926,2019-08-06,23.05000,23.25000,22.92000,23.20000,203479
927,2019-08-05,23.45000,23.53000,22.86000,23.05000,208149
928,2019-08-02,23.39000,23.46000,23.30000,23.45000,266794
929,2019-08-01,23.25000,23.53000,23.18000,23.38000,254566
930,2019-07-31,23.22000,23.40000,23.18000,23.19000,267799
931,2019-07-30,23.13000,23.39000,23.13000,23.27000,182345
932,2019-07-29,23.45000,23.45000,23.06000,23.17000,295014
933,2019-07-26,23.14000,23.26000,23.06000,23.15000,214108
934,2019-07-25,22.98000,23.15000,22.98000,23.11000,200144
935,2019-07-24,22.95000,23.11000,22.83000,23.07000,325533
936,2019-07-23,23.07000,23.14000,22.84000,22.87000,483530
937,2019-07-22,23.01000,23.21000,22.90000,23.12000,231839
938,2019-07-19,23.00000,23.21000,22.91000,23.01000,201468
939,2019-07-18,22.79000,23.01000,22.62000,23.01000,198162
940,2019-07-17,22.70000,22.85000,22.60000,22.79000,214813
941,2019-07-16,22.57000,22.74000,22.47000,22.61000,270200
942,2019-07-15,22.75000,22.85000,22.50000,22.59000,215992
943,2019-07-12,23.06000,23.10000,22.55000,22.74000,466421
944,2019-07-11,22.97000,23.06000,22.89000,23.04000,513513
945,2019-07-10,23.00000,23.11000,22.92000,22.95000,466884
946,2019-07-09,22.94000,23.00000,22.76000,22.94000,284917
947,2019-07-08,23.17000,23.18000,22.91000,22.93000,270064
948,2019-07-05,23.02000,23.18000,22.91000,23.18000,163681
949,2019-07-03,23.00000,23.28000,22.92000,23.09000,357021
950,2019-07-02,22.65000,22.99000,22.54000,22.92000,377451
951,2019-07-01,22.71000,22.73000,22.51000,22.56000,452973
952,2019-06-28,22.53000,22.97000,22.51000,22.67000,425651
953,2019-06-27,22.59000,22.77000,22.37000,22.48000,582597
954,2019-06-26,23.23000,23.29000,22.61000,22.64000,261492
955,2019-06-25,23.38000,23.48000,23.28000,23.30000,286280
956,2019-06-24,23.54000,23.58000,23.30000,23.38000,399123
957,2019-06-21,23.25000,23.50000,23.14000,23.47000,485923
958,2019-06-20,22.93000,23.27000,22.86000,23.25000,466635
959,2019-06-19,22.64000,22.99000,22.64000,22.90000,472934
960,2019-06-18,22.77000,22.82000,22.54000,22.62000,312396
961,2019-06-17,22.38000,22.80000,22.38000,22.64000,345360
962,2019-06-14,22.25000,22.56000,22.25000,22.49000,461961
963,2019-06-13,21.95000,22.33000,21.95000,22.21000,276430
964,2019-06-12,21.94000,22.04000,21.84000,21.95000,502943
965,2019-06-11,21.90000,21.97000,21.80000,21.90000,180404
966,2019-06-10,22.09000,22.13000,21.79000,21.93000,372513
967,2019-06-07,22.23000,22.41000,22.10000,22.20000,776574
968,2019-06-06,21.91000,22.21000,21.87000,22.19000,479742
969,2019-06-05,21.69000,21.98000,21.51000,21.97000,498636
970,2019-06-04,21.68000,21.82000,21.61000,21.70000,446830
971,2019-06-03,21.46000,21.69000,21.44000,21.65000,311332
972,2019-05-31,21.25000,21.53000,21.09000,21.45000,231662
973,2019-05-30,21.47000,21.61000,21.45000,21.58000,244168
974,2019-05-29,21.61000,21.71000,21.37000,21.50000,288240
975,2019-05-28,21.86000,21.92000,21.54000,21.61000,242017
976,2019-05-24,21.75000,21.93000,21.65000,21.76000,296949
977,2019-05-23,21.91000,21.91000,21.62000,21.72000,144207
978,2019-05-22,21.75000,21.90000,21.73000,21.90000,269203
979,2019-05-21,21.60000,21.96000,21.57000,21.80000,430924
980,2019-05-20,21.11000,21.58000,21.04000,21.53000,441516
981,2019-05-17,21.04000,21.16000,20.98000,21.07000,209633
982,2019-05-16,21.14000,21.27000,20.92000,21.00000,210940
983,2019-05-15,20.91000,21.15000,20.80000,21.07000,1671321
984,2019-05-14,20.77000,20.83000,20.66000,20.80000,264329
985,2019-05-13,20.56000,20.88000,20.50000,20.76000,302092
986,2019-05-10,20.46000,21.08000,20.46000,20.70000,1017733
987,2019-05-09,20.26000,20.45000,20.08000,20.45000,250804
988,2019-05-08,20.59000,20.67000,20.25000,20.26000,125584
989,2019-05-07,20.57000,20.77000,20.57000,20.63000,184652
990,2019-05-06,20.55000,20.66000,20.50000,20.55000,156288
991,2019-05-03,20.53000,20.70000,20.53000,20.69000,136206
992,2019-05-02,20.44000,20.67000,20.39000,20.53000,187165
993,2019-05-01,20.45000,20.68000,20.34000,20.48000,170216
994,2019-04-30,20.10000,20.50000,20.01000,20.49000,312899
995,2019-04-29,20.37000,20.44000,20.07000,20.10000,208802
996,2019-04-26,20.34000,20.43000,20.25000,20.37000,239843
997,2019-04-25,20.13000,20.31000,19.99000,20.29000,371829
998,2019-04-24,20.21000,20.23000,20.06000,20.19000,246543
999,2019-04-23,20.11000,20.11000,19.91000,20.06000,237101
1000,2019-04-22,20.10000,20.16000,20.01000,20.11000,213465
1001,2019-04-18,20.04000,20.18000,20.00000,20.16000,156338
1002,2019-04-17,20.14000,20.22000,19.94000,20.00000,184498
1003,2019-04-16,20.27000,20.31000,20.01000,20.13000,279900
1004,2019-04-15,20.15000,20.30000,20.11000,20.17000,249029
1005,2019-04-12,20.04000,20.15000,19.91000,20.13000,136486
1006,2019-04-11,19.94000,20.07000,19.85000,20.05000,131810
1007,2019-04-10,20.07000,20.17000,19.90000,19.94000,185040
1008,2019-04-09,19.98000,20.11000,19.88000,20.05000,216286
1009,2019-04-08,19.91000,20.00000,19.83000,20.00000,308109
1010,2019-04-05,19.79000,19.93000,19.70000,19.92000,274459
1011,2019-04-04,19.79000,19.86000,19.66000,19.79000,244959
1012,2019-04-03,19.56000,19.82000,19.36000,19.75000,746593
1013,2019-04-02,19.31000,19.53000,19.22000,19.45000,766363
1014,2019-04-01,19.50000,19.55000,19.20000,19.34000,558298
1015,2019-03-29,19.52000,19.56000,19.35000,19.46000,230944
1016,2019-03-28,19.50000,19.57000,19.40000,19.50000,294079
1017,2019-03-27,19.50000,19.65000,19.38000,19.55000,295665
1018,2019-03-26,19.47000,19.60000,19.43000,19.55000,330405
1019,2019-03-25,19.60000,19.70000,19.39000,19.41000,271445
1020,2019-03-22,19.45000,19.76000,19.43000,19.60000,520021
1021,2019-03-21,19.37000,19.57000,19.34000,19.56000,1345904
1022,2019-03-20,19.39000,19.45000,19.24000,19.38000,386211
1023,2019-03-19,19.37000,19.52000,19.32000,19.40000,171297
1024,2019-03-18,19.44000,19.54000,19.26000,19.36000,188084
1025,2019-03-15,19.45000,19.61000,19.30000,19.43000,499468
1026,2019-03-14,19.42000,19.53000,19.34000,19.42000,238803
1027,2019-03-13,19.51000,19.62000,19.39000,19.45000,262264
1028,2019-03-12,19.59000,19.63000,19.47000,19.49000,460351
1029,2019-03-11,19.59000,19.78000,19.54000,19.60000,425336
1030,2019-03-08,20.05000,20.24000,19.75000,19.99000,442774
1031,2019-03-07,20.07000,20.20000,19.95000,20.05000,335014
1032,2019-03-06,19.94000,20.11000,19.75000,20.03000,627409
1033,2019-03-05,19.96000,19.98000,19.78000,19.94000,368136
1034,2019-03-04,19.97000,20.15000,19.71000,19.99000,679758
1035,2019-03-01,20.00000,20.12000,19.32000,19.75000,565988
1036,2019-02-28,19.53000,20.04000,19.33000,19.96000,390230
1037,2019-02-27,19.61000,19.61000,19.48000,19.54000,332927
1038,2019-02-26,19.59000,19.67000,19.50000,19.61000,307937
1039,2019-02-25,19.50000,19.60000,19.41000,19.53000,256444
1040,2019-02-22,19.47000,19.59000,19.31000,19.55000,247507
1041,2019-02-21,19.46000,19.54000,19.31000,19.46000,283890
1042,2019-02-20,19.52000,19.52000,19.25000,19.42000,396489
1043,2019-02-19,18.91000,19.43000,18.80000,19.36000,554162
1044,2019-02-15,18.29000,18.93000,18.27000,18.91000,926286
1045,2019-02-14,17.73000,18.26000,17.50000,18.25000,1596437
1046,2019-02-13,17.90000,17.95000,17.53000,17.63000,526711
1047,2019-02-12,18.05000,18.05000,17.80000,17.90000,369159
1048,2019-02-11,17.69000,17.96000,17.68000,17.90000,279007
1049,2019-02-08,17.55000,17.74000,17.55000,17.70000,220037
1050,2019-02-07,17.76000,17.76000,17.50000,17.63000,275823
1051,2019-02-06,17.73000,17.91000,17.66000,17.73000,441469
1052,2019-02-05,17.90000,17.96000,17.70000,17.73000,381028
1053,2019-02-04,17.80000,18.00000,17.76000,17.85000,512182
1054,2019-02-01,17.90000,17.98000,17.61000,17.79000,599443
1055,2019-01-31,18.05000,18.13000,17.90000,17.99000,895574
1056,2019-01-30,18.26000,18.57000,17.97000,17.99000,465705
1057,2019-01-29,18.49000,18.76000,18.45000,18.49000,1091036
1058,2019-01-28,18.30000,18.38000,18.07000,18.36000,382031
1059,2019-01-25,18.62000,18.67000,18.04000,18.04000,803281
1060,2019-01-24,18.12000,18.63000,18.08000,18.60000,668999
1061,2019-01-23,18.06000,18.35000,17.95000,18.21000,679997
1062,2019-01-22,18.19000,18.19000,17.90000,17.97000,544744
1063,2019-01-18,18.16000,18.21000,17.95000,18.06000,522207
1064,2019-01-17,18.40000,18.52000,18.10000,18.19000,523787
1065,2019-01-16,18.36000,18.42000,17.98000,18.41000,716366
1066,2019-01-15,18.54000,18.69000,18.01000,18.37000,866128
1067,2019-01-14,19.62000,19.62000,18.56000,18.60000,926130
1068,2019-01-11,19.80000,19.80000,19.60000,19.64000,525213
1069,2019-01-10,19.40000,19.82000,19.40000,19.66000,449297
1070,2019-01-09,19.40000,19.67000,19.12000,19.40000,572828
1071,2019-01-08,19.59000,19.74000,19.21000,19.34000,655337
1072,2019-01-07,20.37000,20.37000,19.42000,19.50000,421176
1073,2019-01-04,19.38000,19.89000,19.26000,19.84000,290935
1074,2019-01-03,19.39000,19.51000,19.19000,19.37000,213922
1075,2019-01-02,19.51000,20.12000,19.15000,19.43000,305496
1076,2018-12-31,19.51000,19.68000,19.36000,19.60000,210696
1077,2018-12-28,19.31000,19.71000,19.30000,19.45000,381499
1078,2018-12-27,19.26000,19.49000,18.96000,19.28000,305705
1079,2018-12-26,18.96000,19.38000,18.95000,19.36000,276480
1080,2018-12-24,19.34000,19.51000,18.77000,18.96000,238799
1081,2018-12-21,19.51000,19.68000,19.28000,19.30000,602182
1082,2018-12-20,19.38000,19.59000,19.02000,19.33000,515991
1083,2018-12-19,19.35000,19.56000,19.23000,19.42000,392545
1084,2018-12-18,19.79000,19.88000,19.28000,19.42000,477895
1085,2018-12-17,19.87000,20.00000,19.55000,19.63000,704343
1086,2018-12-14,20.03000,20.57000,19.57000,19.94000,304394
1087,2018-12-13,20.02000,20.18000,19.90000,19.99000,310046
1088,2018-12-12,19.86000,20.10000,19.68000,19.89000,332372
1089,2018-12-11,19.96000,19.96000,19.75000,19.84000,239966
1090,2018-12-10,19.86000,20.00000,19.64000,19.86000,301496
1091,2018-12-07,19.55000,20.14000,19.55000,19.79000,525551
1092,2018-12-06,19.68000,19.72000,19.26000,19.65000,423589
1093,2018-12-04,19.85000,20.08000,19.60000,19.68000,443142
1094,2018-12-03,19.67000,20.00000,19.50000,19.86000,324360
1095,2018-11-30,19.44000,19.88000,19.42000,19.62000,314902
1096,2018-11-29,19.36000,19.74000,19.36000,19.51000,323315
1097,2018-11-28,19.71000,19.77000,19.40000,19.65000,461373
1098,2018-11-27,19.46000,19.74000,19.43000,19.53000,507828
1099,2018-11-26,19.58000,19.71000,19.41000,19.57000,476260
1100,2018-11-23,19.37000,19.63000,19.09000,19.22000,228149
1101,2018-11-21,19.44000,19.46000,19.14000,19.36000,664220
1102,2018-11-20,19.83000,19.97000,19.35000,19.49000,345554
1103,2018-11-19,19.89000,20.02000,19.71000,19.90000,480275
1104,2018-11-16,19.50000,19.99000,19.50000,19.86000,536711
1105,2018-11-15,19.82000,19.98000,19.25000,19.36000,620928
1106,2018-11-14,20.28000,20.48000,19.47000,19.78000,668777
1107,2018-11-13,20.56000,20.60000,20.18000,20.28000,315196
1108,2018-11-12,20.89000,21.00000,20.45000,20.48000,214030
1109,2018-11-09,20.73000,20.94000,20.61000,20.85000,241151
1110,2018-11-08,20.78000,21.22000,20.67000,20.83000,576225
1111,2018-11-07,20.42000,21.06000,20.21000,20.98000,2203235
1112,2018-11-06,19.97000,20.70000,19.25000,20.15000,1185191
1113,2018-11-05,19.45000,19.61000,18.90000,19.04000,897527
1114,2018-11-02,19.68000,19.70000,19.22000,19.31000,271917
1115,2018-11-01,19.62000,19.80000,19.53000,19.63000,186314
1116,2018-10-31,19.66000,19.75000,19.43000,19.61000,187205
1117,2018-10-30,19.61000,19.80000,19.37000,19.60000,227223
1118,2018-10-29,19.04000,19.68000,19.04000,19.56000,378673
1119,2018-10-26,19.54000,19.65000,18.98000,19.27000,535717
1120,2018-10-25,19.70000,19.75000,19.50000,19.60000,304361
1121,2018-10-24,19.73000,19.79000,19.58000,19.69000,181527
1122,2018-10-23,19.86000,20.20000,19.50000,19.63000,482296
1123,2018-10-22,20.37000,20.50000,20.00000,20.03000,302945
1124,2018-10-19,20.08000,20.31000,19.97000,20.17000,379009
1125,2018-10-18,20.13000,20.28000,19.75000,19.98000,419736
1126,2018-10-17,20.36000,20.40000,20.02000,20.10000,133025
1127,2018-10-16,19.82000,20.39000,19.79000,20.31000,316511
1128,2018-10-15,19.88000,19.92000,19.62000,19.84000,483735
1129,2018-10-12,20.12000,20.12000,19.77000,19.84000,299687
1130,2018-10-11,20.20000,20.40000,19.78000,19.79000,272386
1131,2018-10-10,20.24000,20.50000,20.06000,20.09000,321407
1132,2018-10-09,20.29000,20.58000,20.24000,20.25000,155675
1133,2018-10-08,20.28000,20.53000,20.27000,20.33000,104447
1134,2018-10-05,20.19000,20.55000,20.10000,20.28000,229176
1135,2018-10-04,20.52000,20.52000,20.26000,20.27000,185275
1136,2018-10-03,20.57000,20.76000,20.40000,20.49000,143156
1137,2018-10-02,20.40000,20.59000,20.40000,20.57000,166793
1138,2018-10-01,20.60000,20.71000,20.40000,20.47000,293006
1139,2018-09-28,20.68000,20.93000,20.55000,20.58000,615939
1140,2018-09-27,20.47000,20.77000,20.45000,20.54000,253533
1141,2018-09-26,20.41000,20.65000,20.31000,20.33000,167426
1142,2018-09-25,20.42000,20.66000,20.30000,20.33000,132447
1143,2018-09-24,20.47000,20.71000,20.45000,20.45000,135906
1144,2018-09-21,20.83000,20.83000,20.44000,20.46000,323331
1145,2018-09-20,20.64000,20.81000,20.54000,20.75000,320154
1146,2018-09-19,20.60000,20.75000,20.46000,20.60000,185693
1147,2018-09-18,20.78000,20.94000,20.56000,20.60000,229067
1148,2018-09-17,21.00000,21.04000,20.76000,20.83000,268426
1149,2018-09-14,20.66000,21.13000,20.64000,21.04000,338969
1150,2018-09-13,20.84000,20.96000,20.62000,20.71000,249966
1151,2018-09-12,20.66000,20.80000,20.57000,20.70000,127536
1152,2018-09-11,20.46000,20.71000,20.28000,20.60000,207898
1153,2018-09-10,20.55000,20.70000,20.45000,20.48000,142826
1154,2018-09-07,20.47000,20.48000,20.24000,20.40000,168186
1155,2018-09-06,20.51000,20.79000,20.48000,20.51000,115090
1156,2018-09-05,20.71000,20.77000,20.54000,20.57000,224649
1157,2018-09-04,20.59000,20.70000,20.55000,20.70000,147219
1158,2018-08-31,20.44000,20.78000,20.43000,20.64000,241342
1159,2018-08-30,20.28000,20.54000,20.28000,20.42000,152037
1160,2018-08-29,20.69000,20.84000,20.48000,20.74000,282378
1161,2018-08-28,20.65000,20.74000,20.50000,20.54000,131616
1162,2018-08-27,20.63000,20.82000,20.56000,20.72000,79594
1163,2018-08-24,20.84000,21.00000,20.48000,20.68000,188801
1164,2018-08-23,20.42000,20.72000,20.37000,20.69000,173856
1165,2018-08-22,20.81000,20.90000,20.46000,20.48000,106798
1166,2018-08-21,20.80000,21.07000,20.67000,20.81000,354755
1167,2018-08-20,20.60000,20.91000,20.47000,20.76000,175494
1168,2018-08-17,20.34000,20.64000,20.20000,20.60000,189156
1169,2018-08-16,20.73000,20.90000,20.35000,20.37000,224506
1170,2018-08-15,20.66000,20.90000,20.56000,20.75000,222060
1171,2018-08-14,20.46000,21.00000,20.46000,20.68000,185465
1172,2018-08-13,20.85000,21.01000,20.32000,20.45000,126894
1173,2018-08-10,20.78000,21.08000,20.71000,20.77000,214599
1174,2018-08-09,20.70000,20.97000,20.69000,20.82000,241174
1175,2018-08-08,20.70000,20.81000,20.51000,20.75000,185868
1176,2018-08-07,20.88000,20.88000,20.70000,20.76000,273525
1177,2018-08-06,21.08000,21.11000,20.10000,21.01000,575318
1178,2018-08-03,20.59000,20.85000,20.33000,20.64000,294353
1179,2018-08-02,20.41000,20.58000,20.41000,20.47000,192090
1180,2018-08-01,20.42000,20.61000,20.01000,20.57000,292497
1181,2018-07-31,20.56000,20.73000,20.41000,20.55000,272109
1182,2018-07-30,20.32000,20.57000,20.29000,20.41000,175833
1183,2018-07-27,20.16000,20.31000,19.95000,20.28000,235030
1184,2018-07-26,19.74000,20.08000,19.65000,20.04000,173183
1185,2018-07-25,19.62000,19.97000,19.62000,19.80000,178723
1186,2018-07-24,19.60000,19.80000,19.47000,19.75000,233404
1187,2018-07-23,19.80000,19.84000,19.52000,19.60000,236161
1188,2018-07-20,20.15000,20.15000,19.85000,19.93000,157406
1189,2018-07-19,20.07000,20.30000,20.04000,20.10000,181659
1190,2018-07-18,20.17000,20.19000,19.90000,20.09000,221493
1191,2018-07-17,20.30000,20.32000,20.12000,20.16000,197041
1192,2018-07-16,20.46000,20.52000,20.25000,20.32000,147650
1193,2018-07-13,20.93000,20.93000,20.31000,20.39000,173065
1194,2018-07-12,20.91000,20.92000,20.80000,20.87000,162293
1195,2018-07-11,20.87000,21.02000,20.81000,20.89000,150911
1196,2018-07-10,20.64000,20.98000,20.55000,20.92000,237273
1197,2018-07-09,20.99000,20.99000,20.61000,20.69000,165980
1198,2018-07-06,20.48000,20.98000,20.45000,20.94000,360285
1199,2018-07-05,20.32000,20.48000,20.27000,20.43000,194490
1200,2018-07-03,20.18000,20.40000,20.10000,20.32000,134991
1201,2018-07-02,20.19000,20.31000,19.82000,20.07000,200735
1202,2018-06-29,20.09000,20.23000,19.83000,20.18000,124913
1203,2018-06-28,20.15000,20.26000,19.98000,20.03000,262881
1204,2018-06-27,20.36000,20.53000,20.18000,20.20000,111593
1205,2018-06-26,20.44000,20.48000,20.30000,20.39000,256131
1206,2018-06-25,20.28000,20.45000,20.15000,20.38000,210301
1207,2018-06-22,20.14000,20.40000,20.01000,20.25000,215593
1208,2018-06-21,20.12000,20.34000,20.07000,20.12000,199114
1209,2018-06-20,20.18000,20.18000,19.83000,20.03000,342456
1210,2018-06-19,20.00000,20.23000,19.89000,19.97000,140418
1211,2018-06-18,20.09000,20.34000,20.04000,20.08000,177630
1212,2018-06-15,20.22000,20.92000,20.18000,20.23000,509486
1213,2018-06-14,20.19000,20.58000,20.19000,20.38000,511347
1214,2018-06-13,20.32000,20.44000,20.11000,20.20000,225850
1215,2018-06-12,20.00000,20.34000,20.00000,20.27000,356102
1216,2018-06-11,19.89000,20.47000,19.60000,20.01000,303603
1217,2018-06-08,19.71000,19.92000,19.56000,19.89000,251130
1218,2018-06-07,19.49000,20.04000,19.48000,19.78000,314287
1219,2018-06-06,19.15000,19.46000,19.10000,19.45000,374299
1220,2018-06-05,18.94000,19.07000,18.91000,18.99000,392858
1221,2018-06-04,19.08000,19.17000,18.87000,18.94000,129256
1222,2018-06-01,19.16000,19.24000,18.88000,18.96000,261110
1223,2018-05-31,19.06000,19.24000,18.91000,19.11000,143876
1224,2018-05-30,18.80000,19.23000,18.77000,19.13000,231979
1225,2018-05-29,19.46000,19.46000,18.98000,19.22000,405565
1226,2018-05-25,19.48000,19.57000,19.40000,19.46000,174576
1227,2018-05-24,19.50000,19.73000,19.43000,19.49000,231208
1228,2018-05-23,19.60000,19.69000,19.43000,19.51000,355185
1229,2018-05-22,19.60000,19.67000,19.49000,19.50000,273690
1230,2018-05-21,19.55000,19.66000,19.37000,19.48000,325720
1231,2018-05-18,19.49000,19.71000,19.45000,19.60000,290278
1232,2018-05-17,19.72000,19.79000,19.45000,19.48000,377235
1233,2018-05-16,19.91000,19.97000,19.71000,19.73000,291917
1234,2018-05-15,20.26000,20.26000,19.69000,19.95000,373218
1235,2018-05-14,20.11000,20.14000,19.95000,20.06000,218302
1236,2018-05-11,20.11000,20.23000,20.02000,20.11000,149798
1237,2018-05-10,19.98000,20.24000,19.90000,20.17000,140833
1238,2018-05-09,19.91000,19.99000,19.82000,19.85000,423313
1239,2018-05-08,20.14000,20.14000,19.87000,19.90000,420758
1240,2018-05-07,20.02000,20.24000,20.00000,20.13000,377651
1241,2018-05-04,19.87000,20.15000,19.87000,20.02000,210212
1242,2018-05-03,19.73000,20.00000,19.73000,19.82000,156376
1243,2018-05-02,19.83000,20.37000,19.80000,19.83000,193852
1244,2018-05-01,19.86000,20.32000,19.80000,19.89000,248795
1245,2018-04-30,20.25000,20.40000,20.02000,20.09000,421414
1246,2018-04-27,20.28000,20.40000,20.13000,20.20000,203755
1247,2018-04-26,20.45000,20.51000,19.94000,20.24000,929618
1248,2018-04-25,20.23000,20.33000,20.10000,20.15000,243618
1249,2018-04-24,20.31000,20.52000,20.23000,20.26000,324043
1250,2018-04-23,20.25000,20.46000,20.15000,20.34000,246021
1251,2018-04-20,20.25000,20.47000,20.10000,20.20000,619700
1252,2018-04-19,20.35000,20.48000,20.11000,20.17000,431665
1253,2018-04-18,20.28000,20.71000,20.28000,20.37000,452981
1254,2018-04-17,19.80000,20.32000,19.80000,20.25000,694365
1255,2018-04-16,19.52000,20.03000,19.52000,19.67000,171372
1256,2018-04-13,19.60000,19.77000,19.54000,19.58000,163430
1257,2018-04-12,19.90000,19.95000,19.52000,19.56000,278012
1258,2018-04-11,19.83000,20.09000,19.83000,19.92000,100719
1259,2018-04-10,20.00000,20.47000,19.81000,19.94000,248508
1260,2018-04-09,19.92000,20.06000,19.84000,19.88000,449643
1261,2018-04-06,20.00000,20.24000,19.80000,19.88000,413219
1262,2018-04-05,19.85000,20.03000,19.73000,19.97000,260353
1263,2018-04-04,19.79000,20.08000,19.62000,19.78000,135413
1264,2018-04-03,19.52000,19.89000,19.47000,19.83000,199044
1265,2018-04-02,19.50000,19.79000,19.37000,19.49000,184245
1266,2018-03-29,19.65000,19.78000,19.53000,19.58000,144296
1267,2018-03-28,19.63000,19.93000,19.56000,19.60000,151012
1268,2018-03-27,19.55000,19.75000,19.42000,19.66000,136388
1269,2018-03-26,19.50000,19.66000,19.41000,19.49000,247444
1270,2018-03-23,19.53000,19.98000,19.30000,19.33000,273731
1271,2018-03-22,19.68000,20.01000,19.57000,19.58000,265961
1272,2018-03-21,19.62000,19.96000,19.62000,19.67000,153848
1273,2018-03-20,19.65000,20.00000,19.64000,19.68000,517457
1274,2018-03-19,19.69000,19.83000,19.55000,19.61000,518193
1275,2018-03-16,19.52000,19.80000,19.43000,19.65000,708365
1276,2018-03-15,20.00000,20.09000,19.71000,19.71000,558779
1277,2018-03-14,19.65000,19.94000,19.53000,19.54000,341275
1278,2018-03-13,19.66000,19.84000,19.41000,19.61000,310767
1279,2018-03-12,19.51000,19.86000,19.44000,19.72000,385918
1280,2018-03-09,19.33000,20.00000,19.12000,19.57000,307190
1281,2018-03-08,20.00000,20.09000,19.01000,19.20000,790320
1282,2018-03-07,19.32000,20.48000,18.00000,19.46000,647888
1283,2018-03-06,20.53000,20.57000,20.26000,20.36000,261428
1284,2018-03-05,20.07000,20.46000,19.95000,20.43000,195256
1285,2018-03-02,20.00000,20.24000,19.84000,20.00000,371471
1286,2018-03-01,19.54000,20.80000,19.52000,19.99000,529242
1287,2018-02-28,19.66000,19.73000,19.52000,19.63000,254877
1288,2018-02-27,19.83000,19.84000,19.50000,19.70000,255873
1289,2018-02-26,20.11000,20.11000,19.57000,19.71000,281177
1290,2018-02-23,19.71000,20.04000,19.71000,20.01000,202629
1291,2018-02-22,20.03000,21.05000,19.60000,19.70000,523224
1292,2018-02-21,20.00000,20.23000,19.84000,19.97000,311981
1293,2018-02-20,20.40000,20.49000,20.01000,20.04000,202728
1294,2018-02-16,20.14000,20.56000,20.12000,20.40000,182104
1295,2018-02-15,19.96000,20.34000,19.88000,20.14000,383063
1296,2018-02-14,19.78000,19.95000,19.62000,19.86000,183584
1297,2018-02-13,19.80000,19.96000,19.71000,19.86000,240066
1298,2018-02-12,19.74000,19.86000,19.56000,19.84000,215800
1299,2018-02-09,19.77000,19.88000,19.49000,19.75000,278255
1300,2018-02-08,19.97000,20.18000,19.65000,19.69000,384263
1301,2018-02-07,20.22000,20.49000,19.97000,20.00000,288841
1302,2018-02-06,20.09000,20.38000,19.80000,20.32000,404656
1303,2018-02-05,20.55000,20.76000,20.20000,20.21000,363051
1304,2018-02-02,20.91000,20.92000,20.51000,20.67000,799930
1305,2018-02-01,21.08000,21.10000,20.83000,20.98000,499551
1306,2018-01-31,21.07000,21.23000,20.94000,21.08000,249237
1307,2018-01-30,20.95000,21.10000,20.91000,21.00000,223733
1308,2018-01-29,20.89000,21.08000,20.81000,20.98000,628409
1309,2018-01-26,20.97000,21.02000,20.83000,20.86000,359866
1310,2018-01-25,21.00000,21.13000,20.81000,20.98000,553320
1311,2018-01-24,21.35000,21.35000,20.86000,21.00000,787710
1312,2018-01-23,21.32000,21.46000,21.30000,21.39000,219650
1313,2018-01-22,21.32000,21.47000,21.17000,21.31000,431117
1314,2018-01-19,21.09000,21.30000,21.05000,21.25000,228688
1315,2018-01-18,21.02000,21.16000,20.87000,21.02000,264272
1316,2018-01-17,20.81000,21.02000,20.73000,20.97000,256535
1317,2018-01-16,21.14000,21.19000,20.78000,20.84000,357001
1318,2018-01-12,21.08000,21.24000,20.92000,21.07000,412783
1319,2018-01-11,21.17000,21.21000,20.98000,21.17000,367782
1320,2018-01-10,21.29000,21.36000,21.06000,21.21000,573935
1321,2018-01-09,21.73000,21.74000,21.33000,21.43000,285896
1322,2018-01-08,21.66000,21.79000,21.40000,21.71000,582722
1323,2018-01-05,21.50000,21.74000,21.45000,21.55000,670242
1324,2018-01-04,20.96000,21.61000,20.85000,21.45000,1441121
1325,2018-01-03,21.10000,21.34000,20.91000,20.94000,836616
1326,2018-01-02,21.30000,21.49000,21.11000,21.14000,1247365
1327,2017-12-29,20.99000,21.34000,20.86000,21.21000,500373
1328,2017-12-28,20.85000,21.06000,20.74000,21.01000,579770
1329,2017-12-27,21.10000,21.10000,20.82000,20.92000,1169691
1330,2017-12-26,21.00000,21.03000,20.78000,20.98000,433407
1331,2017-12-22,20.91000,21.09000,20.80000,21.01000,381639
1332,2017-12-21,21.10000,21.10000,20.74000,20.97000,712677
1333,2017-12-20,20.75000,21.15000,20.62000,21.00000,546529
1334,2017-12-19,21.10000,21.13000,20.68000,20.70000,359337
1335,2017-12-18,21.44000,21.47000,21.09000,21.15000,369437
1336,2017-12-15,21.63000,21.75000,21.17000,21.23000,465861
1337,2017-12-14,21.52000,21.71000,21.48000,21.56000,465531
1338,2017-12-13,21.50000,21.57000,21.20000,21.48000,486864
1339,2017-12-12,21.55000,21.59000,21.33000,21.34000,204259
1340,2017-12-11,21.65000,21.86000,21.42000,21.50000,301415
1341,2017-12-08,21.88000,22.02000,21.60000,21.65000,307969
1342,2017-12-07,21.88000,22.01000,21.72000,21.88000,299729
1343,2017-12-06,21.93000,22.41000,21.73000,21.87000,241768
1344,2017-12-05,21.96000,22.13000,21.65000,21.96000,437923
1345,2017-12-04,22.39000,22.46000,21.85000,21.93000,451530
1346,2017-12-01,21.95000,22.58000,21.95000,22.38000,325331
1347,2017-11-30,22.60000,22.68000,22.36000,22.47000,404251
1348,2017-11-29,22.71000,22.84000,22.47000,22.48000,390022
1349,2017-11-28,22.90000,23.11000,22.81000,23.00000,639615
1350,2017-11-27,23.05000,23.20000,22.68000,22.81000,340694
1351,2017-11-24,22.96000,23.23000,22.86000,22.98000,203417
1352,2017-11-22,22.97000,23.23000,22.90000,22.98000,403295
1353,2017-11-21,23.02000,23.16000,22.87000,22.88000,355287
1354,2017-11-20,22.77000,23.12000,22.68000,22.89000,470286
1355,2017-11-17,23.39000,23.76000,22.79000,22.80000,1741951
1356,2017-11-16,23.67000,23.67000,23.31000,23.37000,275506
1357,2017-11-15,23.33000,23.89000,23.01000,23.53000,510292
1358,2017-11-14,23.59000,25.99000,22.72000,23.51000,226853
1359,2017-11-13,23.33000,23.99000,22.89000,23.52000,620141
1360,2017-11-10,23.24000,23.53000,23.23000,23.48000,290119
1361,2017-11-09,23.23000,23.72000,23.09000,23.32000,314740
1362,2017-11-08,23.00000,23.27000,22.82000,23.26000,299324
1363,2017-11-07,23.34000,23.34000,22.97000,22.98000,434996
1364,2017-11-06,23.19000,23.51000,23.09000,23.29000,517245
1365,2017-11-03,23.02000,23.41000,22.77000,23.14000,744027
1366,2017-11-02,24.00000,24.13000,22.99000,23.08000,2230122
1367,2017-11-01,22.40000,22.50000,22.30000,22.39000,593918
1368,2017-10-31,22.30000,22.54000,22.26000,22.38000,522597
1369,2017-10-30,22.29000,22.55000,22.10000,22.28000,389441
1370,2017-10-27,22.16000,22.32000,22.06000,22.26000,211049
1371,2017-10-26,21.90000,22.28000,21.90000,22.10000,1626692
1372,2017-10-25,22.11000,22.21000,21.91000,22.02000,360593
1373,2017-10-24,21.74000,22.13000,21.59000,22.06000,447326
1374,2017-10-23,21.76000,21.76000,21.46000,21.57000,347460
1375,2017-10-20,21.54000,21.81000,21.41000,21.76000,888265
1376,2017-10-19,21.52000,21.61000,21.36000,21.50000,294989
1377,2017-10-18,21.43000,21.78000,21.37000,21.63000,465666
1378,2017-10-17,21.09000,21.50000,21.08000,21.42000,649087
1379,2017-10-16,20.89000,21.09000,20.78000,21.05000,500053
1380,2017-10-13,20.80000,21.04000,20.75000,20.78000,393417
1381,2017-10-12,20.39000,20.83000,20.30000,20.80000,367865
1382,2017-10-11,20.51000,20.52000,20.35000,20.39000,466461
1383,2017-10-10,20.33000,20.57000,20.24000,20.48000,1754398
1384,2017-10-09,20.51000,20.51000,20.18000,20.22000,553906
1385,2017-10-06,20.40000,20.71000,19.90000,20.61000,745463
1386,2017-10-05,19.50000,20.44000,19.50000,20.42000,1259312
1387,2017-10-04,19.48000,19.65000,19.30000,19.44000,267359
1388,2017-10-03,19.51000,19.60000,19.44000,19.44000,451451
1389,2017-10-02,19.67000,19.82000,19.50000,19.53000,313984
1390,2017-09-29,19.73000,19.73000,19.44000,19.70000,439545
1391,2017-09-28,19.87000,19.88000,19.52000,19.57000,460683
1392,2017-09-27,19.78000,19.95000,19.62000,19.85000,307568
1393,2017-09-26,19.78000,19.89000,19.65000,19.84000,345486
1394,2017-09-25,19.95000,20.04000,19.83000,19.86000,241205
1395,2017-09-22,19.85000,19.99000,19.70000,19.92000,325103
1396,2017-09-21,19.73000,19.84000,19.67000,19.83000,279197
1397,2017-09-20,19.70000,19.90000,19.60000,19.73000,330082
1398,2017-09-19,19.87000,19.87000,19.70000,19.73000,276279
1399,2017-09-18,19.90000,20.13000,19.71000,19.78000,466312
1400,2017-09-15,20.03000,20.34000,19.76000,19.85000,476847
1401,2017-09-14,20.47000,20.48000,20.00000,20.03000,588104
1402,2017-09-13,20.59000,20.79000,20.46000,20.54000,324095
1403,2017-09-12,20.82000,20.90000,20.47000,20.56000,543623
1404,2017-09-11,20.86000,20.92000,20.71000,20.85000,394347
1405,2017-09-08,20.68000,20.83000,20.64000,20.79000,278923
1406,2017-09-07,20.75000,20.81000,20.53000,20.71000,288526
1407,2017-09-06,20.80000,20.95000,20.53000,20.63000,331097
1408,2017-09-05,20.91000,21.09000,20.69000,20.81000,224866
1409,2017-09-01,20.81000,21.01000,20.68000,20.91000,285394
1410,2017-08-31,20.83000,20.83000,20.49000,20.76000,452346
1411,2017-08-30,21.02000,21.03000,20.68000,20.72000,225413
1412,2017-08-29,20.87000,21.04000,20.80000,20.96000,251849
1413,2017-08-28,21.49000,21.49000,21.13000,21.24000,270348
1414,2017-08-25,21.20000,21.42000,21.05000,21.36000,400108
1415,2017-08-24,21.36000,21.41000,21.05000,21.13000,320391
1416,2017-08-23,21.43000,21.65000,21.26000,21.30000,287590
1417,2017-08-22,21.33000,21.58000,21.33000,21.43000,253175
1418,2017-08-21,21.06000,21.36000,21.00000,21.31000,469236
1419,2017-08-18,20.93000,21.30000,20.78000,20.95000,509255
1420,2017-08-17,21.27000,21.49000,20.95000,20.98000,386418
1421,2017-08-16,21.50000,21.67000,21.16000,21.33000,320906
1422,2017-08-15,21.31000,21.38000,21.14000,21.28000,240274
1423,2017-08-14,21.06000,21.38000,21.06000,21.36000,236531
1424,2017-08-11,21.09000,21.18000,20.92000,21.12000,328676
1425,2017-08-10,21.17000,21.25000,20.88000,21.08000,694797
1426,2017-08-09,21.76000,21.83000,20.50000,21.18000,933467
1427,2017-08-08,21.95000,22.13000,21.67000,21.75000,560639
1428,2017-08-07,21.98000,22.32000,21.82000,21.99000,326435
1429,2017-08-04,22.66000,22.66000,21.63000,22.07000,381649
1430,2017-08-03,22.00000,22.27000,21.75000,22.19000,781126
1431,2017-08-02,21.57000,21.85000,21.56000,21.84000,361459
1432,2017-08-01,21.65000,21.71000,21.55000,21.57000,234299
1433,2017-07-31,21.97000,21.97000,21.50000,21.61000,526882
1434,2017-07-28,21.06000,21.92000,21.04000,21.89000,866959
1435,2017-07-27,20.88000,21.27000,20.86000,21.03000,766512
1436,2017-07-26,20.78000,20.89000,20.71000,20.77000,244487
1437,2017-07-25,20.90000,21.01000,20.74000,20.78000,306387
1438,2017-07-24,20.83000,20.99000,20.64000,20.88000,346403
1439,2017-07-21,20.77000,20.85000,20.64000,20.81000,451941
1440,2017-07-20,20.79000,20.96000,20.63000,20.70000,455627
1441,2017-07-19,20.93000,21.13000,20.63000,20.76000,542281
1442,2017-07-18,20.39000,21.14000,20.34000,20.96000,859068
1443,2017-07-17,20.39000,20.68000,20.23000,20.40000,618223
1444,2017-07-14,20.23000,20.41000,20.21000,20.31000,422062
1445,2017-07-13,20.38000,20.52000,20.16000,20.20000,709208
1446,2017-07-12,20.19000,21.16000,20.18000,20.28000,649961
1447,2017-07-11,20.11000,20.23000,19.94000,20.00000,736459
1448,2017-07-10,20.27000,20.34000,20.01000,20.12000,742463
1449,2017-07-07,20.36000,20.65000,20.18000,20.20000,829467
1450,2017-07-06,20.69000,20.82000,20.30000,20.37000,772790
1451,2017-07-05,20.89000,21.16000,20.53000,20.67000,1097101
1452,2017-07-03,21.36000,21.54000,21.01000,21.08000,228064
1453,2017-06-30,21.41000,21.50000,21.05000,21.36000,581589
1454,2017-06-29,21.00000,21.45000,20.80000,21.40000,834090
1455,2017-06-28,21.38000,21.77000,21.03000,21.07000,693064
1456,2017-06-27,21.43000,21.44000,21.00000,21.28000,636895
1457,2017-06-26,21.38000,21.68000,21.17000,21.49000,1570460
1458,2017-06-23,20.19000,21.77000,20.19000,21.24000,9339131
1459,2017-06-22,20.14000,20.39000,20.06000,20.18000,1024584
1460,2017-06-21,20.36000,20.37000,19.98000,20.11000,684964
1461,2017-06-20,20.51000,20.51000,20.05000,20.28000,459131
1462,2017-06-19,20.59000,20.65000,20.27000,20.47000,418661
1463,2017-06-16,20.60000,20.71000,20.20000,20.49000,690135
1464,2017-06-15,20.80000,20.90000,20.63000,20.73000,535208
1465,2017-06-14,21.40000,21.44000,20.61000,20.82000,791460
1466,2017-06-13,21.28000,21.57000,21.12000,21.30000,910954
1467,2017-06-12,21.00000,21.30000,20.95000,21.20000,900300
1468,2017-06-09,21.05000,21.12000,20.86000,21.00000,596832
1469,2017-06-08,20.88000,21.26000,20.74000,21.01000,1082254
1470,2017-06-07,20.91000,21.17000,20.87000,20.93000,1055865
1471,2017-06-06,20.75000,20.95000,20.60000,20.90000,260040
1472,2017-06-05,20.92000,20.92000,20.69000,20.77000,455684
1473,2017-06-02,21.09000,21.18000,20.73000,20.98000,855292
1474,2017-06-01,20.92000,21.18000,20.76000,21.02000,1310650
1475,2017-05-31,20.48000,20.93000,20.14000,20.89000,837792
1476,2017-05-30,20.46000,20.79000,20.02000,20.53000,869104
1477,2017-05-26,20.30000,20.66000,20.13000,20.52000,449197
1478,2017-05-25,20.73000,20.93000,20.62000,20.65000,706300
1479,2017-05-24,20.45000,20.79000,20.37000,20.64000,628366
1480,2017-05-23,20.23000,20.85000,20.14000,20.34000,1071644
1481,2017-05-22,19.79000,20.18000,19.70000,20.14000,459277
1482,2017-05-19,19.71000,19.99000,19.71000,19.86000,398621
1483,2017-05-18,20.03000,20.10000,19.68000,19.70000,366529
1484,2017-05-17,19.86000,20.22000,19.65000,20.08000,653432
1485,2017-05-16,19.51000,20.08000,19.46000,19.92000,958764
1486,2017-05-15,19.97000,20.62000,19.96000,20.51000,638468
1487,2017-05-12,19.52000,19.99000,19.42000,19.89000,437573
1488,2017-05-11,19.67000,19.72000,19.38000,19.45000,489897
1489,2017-05-10,19.65000,19.79000,19.60000,19.63000,393815
1490,2017-05-09,20.06000,20.13000,19.53000,19.63000,529815
1491,2017-05-08,20.45000,20.45000,20.04000,20.13000,518034
1492,2017-05-05,20.14000,20.49000,20.10000,20.39000,285117
1493,2017-05-04,20.02000,20.28000,19.99000,20.18000,438805
1494,2017-05-03,20.36000,20.54000,19.96000,20.00000,281345
1495,2017-05-02,20.49000,20.70000,20.32000,20.37000,330741
1496,2017-05-01,20.85000,21.02000,20.48000,20.53000,407115
1497,2017-04-28,21.00000,21.00000,20.46000,20.84000,599629
1498,2017-04-27,20.75000,20.98000,20.61000,20.93000,1064129
1499,2017-04-26,20.48000,20.74000,20.35000,20.61000,551053
1500,2017-04-25,20.40000,20.65000,20.18000,20.39000,761886
1501,2017-04-24,20.37000,20.51000,20.27000,20.31000,406752
1502,2017-04-21,20.20000,20.21000,20.01000,20.15000,372278
1503,2017-04-20,20.47000,20.47000,20.03000,20.13000,381716
1504,2017-04-19,20.84000,20.90000,20.26000,20.36000,474549
1505,2017-04-18,20.96000,21.06000,20.64000,20.73000,560953
1506,2017-04-17,20.67000,21.01000,20.56000,21.00000,383343
1507,2017-04-13,20.82000,21.01000,20.55000,20.56000,361845
1508,2017-04-12,20.43000,21.00000,20.43000,20.89000,357068
1509,2017-04-11,20.31000,20.63000,20.09000,20.53000,529185
1510,2017-04-10,20.50000,20.65000,20.26000,20.40000,521061
1511,2017-04-07,20.81000,21.01000,20.38000,20.40000,748923
1512,2017-04-06,21.01000,21.12000,20.80000,20.87000,284053
1513,2017-04-05,21.05000,21.46000,20.91000,20.98000,621068
1514,2017-04-04,20.77000,21.02000,20.57000,21.00000,258318
1515,2017-04-03,21.04000,21.04000,20.78000,20.81000,255930
1516,2017-03-31,20.86000,21.09000,20.86000,20.96000,342019
1517,2017-03-30,21.27000,21.27000,20.91000,20.94000,276085
1518,2017-03-29,20.98000,21.27000,20.86000,21.26000,376402
1519,2017-03-28,21.13000,21.30000,20.84000,20.99000,452646
1520,2017-03-27,21.40000,21.80000,21.16000,21.20000,326436
1521,2017-03-24,21.22000,21.63000,21.16000,21.48000,362312
1522,2017-03-23,21.06000,21.35000,20.92000,21.22000,333596
1523,2017-03-22,20.98000,21.23000,20.94000,21.02000,395220
1524,2017-03-21,21.18000,21.25000,20.88000,20.89000,308087
1525,2017-03-20,21.73000,21.78000,21.12000,21.12000,269731
1526,2017-03-17,21.25000,22.00000,21.17000,21.67000,792663
1527,2017-03-16,21.39000,21.65000,21.39000,21.50000,537723
1528,2017-03-15,21.00000,21.36000,20.95000,21.29000,638165
1529,2017-03-14,20.97000,21.03000,20.80000,20.95000,207163
1530,2017-03-13,21.19000,21.25000,20.86000,21.04000,448517
1531,2017-03-10,20.82000,21.19000,20.81000,21.18000,321310
1532,2017-03-09,20.68000,20.90000,20.58000,20.65000,673606
1533,2017-03-08,20.73000,20.88000,20.40000,20.70000,544715
1534,2017-03-07,20.75000,20.89000,20.64000,20.80000,273482
1535,2017-03-06,20.80000,20.96000,20.58000,20.73000,265920
1536,2017-03-03,20.80000,20.82000,20.60000,20.77000,404599
1537,2017-03-02,20.82000,20.97000,20.42000,20.70000,471521
1538,2017-03-01,21.87000,21.90000,20.97000,20.98000,499656
1539,2017-02-28,22.81000,22.87000,20.97000,21.76000,873185
1540,2017-02-27,21.75000,22.35000,21.67000,21.80000,517991
1541,2017-02-24,21.50000,22.01000,21.45000,21.85000,316853
1542,2017-02-23,21.40000,21.54000,21.16000,21.52000,236203
1543,2017-02-22,21.67000,21.80000,21.23000,21.30000,294329
1544,2017-02-21,21.43000,21.88000,21.31000,21.71000,257474
1545,2017-02-17,21.33000,21.50000,21.12000,21.31000,306030
1546,2017-02-16,21.20000,21.61000,21.10000,21.18000,225534
1547,2017-02-15,21.10000,21.48000,21.10000,21.19000,352499
1548,2017-02-14,21.11000,21.23000,20.96000,21.16000,368483
1549,2017-02-13,21.11000,21.31000,21.03000,21.12000,309772
1550,2017-02-10,20.88000,21.05000,20.83000,20.99000,400855
1551,2017-02-09,21.22000,21.50000,20.88000,20.95000,458376
1552,2017-02-08,20.90000,21.31000,20.88000,21.28000,384564
1553,2017-02-07,21.51000,21.64000,20.90000,20.99000,303773
1554,2017-02-06,21.91000,22.18000,21.45000,21.49000,191412
1555,2017-02-03,21.51000,21.88000,21.30000,21.80000,348798
1556,2017-02-02,21.23000,21.71000,21.23000,21.46000,291047
1557,2017-02-01,21.40000,21.74000,21.12000,21.31000,334343
1558,2017-01-31,21.29000,21.59000,21.27000,21.40000,351487
1559,2017-01-30,21.50000,21.50000,21.14000,21.26000,242872
1560,2017-01-27,21.72000,21.83000,21.29000,21.57000,279981
1561,2017-01-26,21.88000,21.94000,21.68000,21.77000,291463
1562,2017-01-25,21.93000,22.10000,21.84000,21.93000,200104
1563,2017-01-24,21.61000,22.00000,21.54000,21.79000,388677
1564,2017-01-23,21.75000,21.89000,21.53000,21.59000,493344
1565,2017-01-20,21.27000,21.96000,21.27000,21.65000,586752
1566,2017-01-19,21.35000,21.66000,21.24000,21.32000,587526
1567,2017-01-18,21.33000,21.47000,21.07000,21.35000,445958
1568,2017-01-17,19.83000,21.34000,19.81000,21.28000,854505
1569,2017-01-13,19.58000,20.03000,19.58000,19.81000,993624
1570,2017-01-12,19.75000,19.81000,19.52000,19.53000,351979
1571,2017-01-11,20.25000,20.28000,19.56000,19.73000,547544
1572,2017-01-10,20.11000,20.40000,20.01000,20.29000,775983
1573,2017-01-09,20.08000,20.23000,19.78000,20.06000,437575
1574,2017-01-06,19.88000,20.18000,19.69000,19.99000,457596
1575,2017-01-05,19.76000,19.90000,19.54000,19.79000,403301
1576,2017-01-04,19.58000,19.76000,19.50000,19.67000,525347
1577,2017-01-03,19.49000,19.64000,19.24000,19.47000,309540
1578,2016-12-30,19.45000,19.58000,19.30000,19.35000,230871
1579,2016-12-29,18.98000,19.44000,18.98000,19.35000,464115
1580,2016-12-28,19.56000,19.58000,18.84000,18.91000,386049
1581,2016-12-27,19.36000,19.65000,19.36000,19.53000,165222
1582,2016-12-23,19.19000,19.39000,19.19000,19.36000,120431
1583,2016-12-22,19.23000,19.23000,19.10000,19.14000,227733
1584,2016-12-21,19.46000,19.54000,19.24000,19.26000,366614
1585,2016-12-20,19.53000,19.80000,19.44000,19.52000,490892
1586,2016-12-19,18.83000,19.42000,18.80000,19.41000,472080
1587,2016-12-16,18.16000,18.86000,18.14000,18.72000,978869
1588,2016-12-15,17.87000,18.13000,17.67000,17.99000,490444
1589,2016-12-14,17.91000,18.16000,17.74000,17.90000,554112
1590,2016-12-13,18.00000,18.28000,17.81000,17.89000,416878
1591,2016-12-12,18.15000,18.35000,17.77000,17.93000,472812
1592,2016-12-09,18.19000,18.35000,18.14000,18.17000,473737
1593,2016-12-08,17.46000,18.14000,17.41000,18.13000,398852
1594,2016-12-07,17.39000,17.60000,17.16000,17.52000,687805
1595,2016-12-06,17.35000,17.52000,17.16000,17.35000,1002348
1596,2016-12-05,17.93000,17.99000,17.30000,17.38000,935070
1597,2016-12-02,17.80000,18.04000,17.71000,17.73000,583517
1598,2016-12-01,18.21000,18.34000,17.73000,17.80000,652829
1599,2016-11-30,18.28000,18.54000,18.12000,18.12000,622739
1600,2016-11-29,18.89000,19.05000,18.18000,18.21000,922098
1601,2016-11-28,18.69000,19.09000,18.68000,18.86000,926814
1602,2016-11-25,18.96000,19.31000,18.76000,18.96000,343773
1603,2016-11-23,18.24000,19.13000,18.24000,18.99000,1121425
1604,2016-11-22,18.08000,18.37000,17.98000,18.33000,380294
1605,2016-11-21,17.83000,18.07000,17.67000,18.03000,285115
1606,2016-11-18,17.96000,18.18000,17.76000,17.86000,332457
1607,2016-11-17,18.04000,18.18000,17.66000,17.90000,544211
1608,2016-11-16,18.06000,18.15000,17.72000,18.00000,526854
1609,2016-11-15,17.98000,18.12000,17.74000,18.08000,417205
1610,2016-11-14,16.98000,18.08000,16.76000,17.97000,777621
1611,2016-11-11,16.84000,17.11000,16.55000,16.89000,735371
1612,2016-11-10,17.30000,17.30000,16.74000,16.83000,911940
1613,2016-11-09,17.85000,17.96000,16.91000,17.14000,1081902
1614,2016-11-08,17.97000,18.07000,17.86000,17.99000,356924
1615,2016-11-07,18.15000,18.15000,17.74000,17.99000,239749
1616,2016-11-04,16.83000,18.15000,16.83000,17.88000,730585
1617,2016-11-03,17.44000,17.47000,17.11000,17.17000,240956
1618,2016-11-02,17.66000,17.75000,17.27000,17.46000,252928
1619,2016-11-01,18.01000,18.04000,17.68000,17.74000,254184
1620,2016-10-31,17.77000,18.15000,17.65000,17.98000,318039
1621,2016-10-28,17.83000,17.89000,17.63000,17.76000,214289
1622,2016-10-27,17.79000,17.93000,17.59000,17.80000,368900
1623,2016-10-26,18.24000,18.24000,17.61000,17.79000,298495
1624,2016-10-25,18.50000,18.50000,18.19000,18.23000,264016
1625,2016-10-24,18.72000,18.83000,18.34000,18.44000,280575
1626,2016-10-21,18.44000,18.67000,18.00000,18.59000,311093
1627,2016-10-20,18.66000,18.77000,18.54000,18.61000,273365
1628,2016-10-19,18.50000,18.89000,18.50000,18.66000,246902
1629,2016-10-18,18.26000,18.60000,18.09000,18.55000,256283
1630,2016-10-17,18.08000,18.17000,18.00000,18.07000,157222
1631,2016-10-14,18.08000,18.24000,17.96000,18.07000,294656
1632,2016-10-13,17.62000,18.10000,17.62000,17.94000,218194
1633,2016-10-12,18.26000,18.26000,17.67000,17.79000,459062
1634,2016-10-11,18.51000,18.51000,18.23000,18.32000,224611
1635,2016-10-10,18.59000,18.79000,18.45000,18.51000,201515
1636,2016-10-07,18.78000,19.00000,18.49000,18.49000,269369
1637,2016-10-06,19.04000,19.06000,18.73000,18.75000,256995
1638,2016-10-05,18.74000,19.13000,18.73000,19.00000,560345
1639,2016-10-04,19.08000,19.09000,18.67000,18.77000,699999
1640,2016-10-03,19.02000,19.17000,18.86000,19.01000,410955
1641,2016-09-30,19.05000,19.26000,18.78000,19.01000,996027
1642,2016-09-29,19.28000,19.40000,18.93000,19.01000,1017737
1643,2016-09-28,19.07000,19.30000,18.91000,19.30000,403105
1644,2016-09-27,18.91000,19.06000,18.60000,19.01000,661248
1645,2016-09-26,18.88000,19.05000,18.40000,19.01000,871430
1646,2016-09-23,18.80000,19.05000,18.75000,19.00000,339490
1647,2016-09-22,18.59000,18.99000,18.49000,18.82000,567483
1648,2016-09-21,18.36000,18.57000,18.04000,18.41000,299254
1649,2016-09-20,18.20000,18.35000,18.01000,18.26000,477142
1650,2016-09-19,18.42000,18.53000,18.14000,18.22000,517282
1651,2016-09-16,18.59000,18.59000,18.09000,18.36000,713002
1652,2016-09-15,19.02000,19.02000,18.50000,18.69000,550547
1653,2016-09-14,18.90000,19.07000,18.26000,19.00000,879124
1654,2016-09-13,18.80000,19.03000,18.62000,18.75000,814134
1655,2016-09-12,18.98000,19.10000,18.73000,18.89000,363485
1656,2016-09-09,19.43000,19.54000,19.03000,19.05000,598052
1657,2016-09-08,19.32000,19.79000,19.21000,19.69000,335961
1658,2016-09-07,19.16000,19.49000,19.10000,19.42000,270967
1659,2016-09-06,19.05000,19.32000,19.05000,19.16000,149713
1660,2016-09-02,18.94000,19.20000,18.87000,19.02000,173200
1661,2016-09-01,18.90000,18.95000,18.54000,18.79000,245859
1662,2016-08-31,18.66000,18.98000,18.47000,18.91000,549572
1663,2016-08-30,18.50000,18.98000,18.45000,18.62000,382400
1664,2016-08-29,18.86000,19.11000,18.39000,18.41000,268532
1665,2016-08-26,19.19000,19.59000,19.03000,19.13000,204175
1666,2016-08-25,19.16000,19.24000,19.01000,19.22000,187937
1667,2016-08-24,19.56000,19.71000,19.17000,19.26000,169811
1668,2016-08-23,19.18000,19.79000,19.17000,19.51000,335988
1669,2016-08-22,19.28000,19.39000,18.90000,19.13000,273786
1670,2016-08-19,19.27000,19.32000,19.07000,19.25000,281331
1671,2016-08-18,19.25000,19.61000,19.19000,19.43000,246077
1672,2016-08-17,19.20000,19.51000,18.78000,19.31000,224158
1673,2016-08-16,19.57000,19.92000,19.09000,19.26000,348484
1674,2016-08-15,19.43000,19.81000,19.42000,19.67000,324150
1675,2016-08-12,19.83000,19.96000,19.41000,19.44000,196085
1676,2016-08-11,19.96000,20.14000,19.73000,19.77000,530476
1677,2016-08-10,20.23000,20.42000,19.79000,19.84000,484801
1678,2016-08-09,20.17000,20.34000,20.11000,20.21000,502414
1679,2016-08-08,20.38000,20.48000,20.08000,20.14000,629570
1680,2016-08-05,20.15000,20.71000,20.05000,20.39000,1183981
1681,2016-08-04,19.72000,20.06000,19.50000,19.83000,388326
1682,2016-08-03,19.54000,19.88000,19.34000,19.73000,357315
1683,2016-08-02,19.76000,19.78000,19.39000,19.59000,295438
1684,2016-08-01,20.08000,20.12000,19.58000,19.76000,558561
1685,2016-07-29,20.35000,20.50000,19.98000,20.15000,471963
1686,2016-07-28,20.72000,20.74000,19.93000,20.35000,533129
1687,2016-07-27,20.90000,21.03000,20.41000,20.54000,200590
1688,2016-07-26,20.76000,21.32000,20.76000,20.78000,548380
1689,2016-07-25,20.68000,21.01000,20.40000,20.67000,759334
1690,2016-07-22,20.47000,20.93000,20.04000,20.77000,184002
1691,2016-07-21,20.16000,20.84000,20.09000,20.55000,280656
1692,2016-07-20,19.83000,20.50000,19.60000,20.21000,650866
1693,2016-07-19,20.00000,20.08000,19.79000,19.84000,237294
1694,2016-07-18,20.00000,20.16000,19.80000,20.11000,543922
1695,2016-07-15,20.02000,20.16000,19.77000,20.00000,553779
1696,2016-07-14,20.11000,20.11000,19.77000,19.90000,357321
1697,2016-07-13,20.18000,20.18000,19.85000,20.00000,346617
1698,2016-07-12,20.89000,20.97000,20.08000,20.24000,436183
1699,2016-07-11,20.46000,20.96000,20.46000,20.76000,874553
1700,2016-07-08,19.57000,20.64000,19.52000,20.32000,784001
1701,2016-07-07,19.33000,19.49000,19.19000,19.36000,395384
1702,2016-07-06,18.98000,19.39000,18.92000,19.31000,274627
1703,2016-07-05,18.82000,19.18000,18.76000,19.10000,197082
1704,2016-07-01,18.74000,19.05000,18.37000,19.01000,475298
1705,2016-06-30,18.37000,18.72000,18.07000,18.58000,503614
1706,2016-06-29,17.27000,18.53000,17.25000,18.36000,479520
1707,2016-06-28,16.40000,17.39000,16.40000,17.13000,480801
1708,2016-06-27,17.15000,17.47000,16.18000,16.26000,719224
1709,2016-06-24,17.67000,18.11000,17.04000,17.34000,1912334
1710,2016-06-23,18.33000,18.61000,18.23000,18.51000,580545
1711,2016-06-22,18.38000,18.66000,18.14000,18.14000,743524
1712,2016-06-21,18.16000,18.59000,17.94000,18.28000,532731
1713,2016-06-20,18.20000,18.40000,17.69000,18.08000,1033529
1714,2016-06-17,17.34000,18.00000,17.33000,17.93000,436824
1715,2016-06-16,17.17000,17.38000,16.94000,17.34000,239371
1716,2016-06-15,17.15000,17.56000,17.11000,17.16000,218997
1717,2016-06-14,16.90000,17.11000,16.64000,17.09000,318946
1718,2016-06-13,17.05000,17.50000,16.81000,17.00000,425630
1719,2016-06-10,17.64000,17.89000,17.06000,17.10000,359271
1720,2016-06-09,18.04000,18.09000,17.57000,17.84000,238208
1721,2016-06-08,18.02000,18.20000,17.89000,17.99000,215260
1722,2016-06-07,18.00000,18.07000,17.77000,17.93000,207945
1723,2016-06-06,18.01000,18.23000,17.65000,17.96000,213426
1724,2016-06-03,18.01000,18.20000,17.54000,18.00000,497991
1725,2016-06-02,17.84000,18.08000,17.71000,17.96000,321217
1726,2016-06-01,17.89000,17.96000,17.59000,17.84000,235759
1727,2016-05-31,17.84000,18.17000,17.66000,17.98000,524671
1728,2016-05-27,17.69000,18.00000,17.60000,17.83000,379206
1729,2016-05-26,17.62000,18.03000,17.45000,17.60000,273449
1730,2016-05-25,17.89000,17.96000,17.50000,17.52000,239267
1731,2016-05-24,17.90000,18.12000,17.67000,17.79000,386447
1732,2016-05-23,17.90000,18.05000,17.77000,17.89000,152340
1733,2016-05-20,18.11000,18.45000,17.79000,17.95000,437953
1734,2016-05-19,16.70000,18.04000,16.70000,17.99000,417400
1735,2016-05-18,16.61000,17.19000,16.47000,16.83000,503208
1736,2016-05-17,16.39000,17.04000,16.33000,16.64000,443109
1737,2016-05-16,16.56000,16.73000,16.20000,16.48000,421686
1738,2016-05-13,16.01000,16.75000,16.00000,16.45000,651408
1739,2016-05-12,16.48000,16.50000,15.78000,16.10000,799182
1740,2016-05-11,16.91000,16.93000,16.37000,16.41000,349506
1741,2016-05-10,16.56000,17.00000,16.51000,16.97000,269597
1742,2016-05-09,16.81000,16.84000,16.38000,16.56000,399148
1743,2016-05-06,16.72000,17.01000,16.52000,16.84000,280896
1744,2016-05-05,17.25000,18.24000,16.78000,16.87000,323465
1745,2016-05-04,17.16000,17.65000,16.98000,17.01000,437822
1746,2016-05-03,17.76000,18.48000,16.96000,17.18000,308405
1747,2016-05-02,18.20000,18.39000,17.76000,17.89000,317441
1748,2016-04-29,18.70000,18.79000,17.73000,18.03000,265642
1749,2016-04-28,18.51000,19.06000,18.51000,18.63000,296900
1750,2016-04-27,18.57000,19.17000,18.57000,18.75000,465120
1751,2016-04-26,18.29000,18.60000,18.25000,18.59000,248924
1752,2016-04-25,18.52000,18.87000,17.80000,18.25000,344564
1753,2016-04-22,18.51000,19.14000,18.24000,18.67000,516170
1754,2016-04-21,18.36000,18.78000,18.26000,18.55000,524054
1755,2016-04-20,18.29000,18.74000,18.12000,18.42000,526530
1756,2016-04-19,18.50000,18.76000,18.17000,18.29000,399685
1757,2016-04-18,18.21000,18.50000,17.86000,18.48000,411103
1758,2016-04-15,17.93000,18.54000,17.88000,18.42000,667240
1759,2016-04-14,17.53000,18.08000,17.51000,18.03000,321563
1760,2016-04-13,16.88000,17.45000,16.83000,17.45000,308713
1761,2016-04-12,16.40000,17.25000,16.36000,17.04000,213206
1762,2016-04-11,16.83000,17.19000,16.49000,16.49000,229623
1763,2016-04-08,16.69000,17.14000,16.14000,16.74000,121290
1764,2016-04-07,16.62000,17.26000,16.44000,16.53000,243471
1765,2016-04-06,16.56000,17.18000,16.46000,16.72000,293189
1766,2016-04-05,16.53000,16.77000,16.31000,16.48000,376653
1767,2016-04-04,17.14000,17.46000,16.63000,16.64000,313106
1768,2016-04-01,17.71000,17.84000,16.98000,17.18000,544097
1769,2016-03-31,17.88000,18.32000,17.75000,17.78000,376285
1770,2016-03-30,18.50000,18.69000,17.76000,17.90000,319329
1771,2016-03-29,17.68000,18.56000,17.40000,18.45000,511207
1772,2016-03-28,17.80000,18.13000,17.36000,17.74000,589814
1773,2016-03-24,17.32000,17.77000,16.93000,17.57000,371442
1774,2016-03-23,17.82000,18.05000,17.41000,17.41000,296919
1775,2016-03-22,17.64000,18.08000,17.64000,17.93000,332317
1776,2016-03-21,17.62000,17.99000,17.44000,17.73000,234709
1777,2016-03-18,18.36000,18.88000,17.53000,17.59000,573985
1778,2016-03-17,17.79000,18.58000,17.60000,18.21000,575876
1779,2016-03-16,17.58000,17.86000,17.00000,17.78000,315775
1780,2016-03-15,17.59000,17.96000,17.14000,17.72000,412018
1781,2016-03-14,17.80000,18.12000,17.66000,17.76000,431842
1782,2016-03-11,18.23000,18.43000,17.76000,17.87000,790179
1783,2016-03-10,16.77000,18.13000,16.51000,18.00000,1554764
1784,2016-03-09,15.99000,17.28000,15.93000,16.75000,646267
1785,2016-03-08,16.09000,16.33000,15.87000,15.98000,578906
1786,2016-03-07,16.27000,16.96000,15.97000,16.25000,1572026
1787,2016-03-04,16.74000,17.26000,15.76000,16.00000,1180497
1788,2016-03-03,16.90000,17.41000,16.53000,16.75000,1416954
1789,2016-03-02,15.84000,17.18000,14.93000,16.91000,1642755
1790,2016-03-01,16.33000,16.47000,14.36000,15.89000,1615035
1791,2016-02-29,16.13000,16.86000,15.98000,16.77000,585831
1792,2016-02-27,16.20000,16.20000,16.20000,16.20000,0
1793,2016-02-26,16.19000,16.47000,15.66000,16.16000,587829
1794,2016-02-25,15.45000,16.33000,14.94000,16.07000,718123
1795,2016-02-24,15.47000,16.03000,13.96000,15.49000,1519680
1796,2016-02-23,15.83000,16.53000,14.00000,15.68000,667726
1797,2016-02-22,16.05000,16.69000,15.90000,15.96000,370497
1798,2016-02-19,16.22000,16.63000,15.63000,15.96000,327678
1799,2016-02-18,15.97000,16.47000,14.00000,16.25000,443327
1800,2016-02-17,14.77000,16.03000,14.77000,15.82000,652749
1801,2016-02-16,14.07000,15.04000,14.04000,14.61000,652793
1802,2016-02-12,13.91000,13.97000,13.11000,13.73000,1728026
1803,2016-02-11,14.57000,14.64000,13.43000,13.65000,1629820
1804,2016-02-10,15.45000,15.65000,14.75000,14.86000,668404
1805,2016-02-09,15.78000,15.98000,14.83000,15.31000,1193005
1806,2016-02-08,16.46000,17.36000,15.07000,16.02000,1012838
1807,2016-02-05,16.78000,17.28000,14.56000,16.93000,999337
1808,2016-02-04,16.42000,17.23000,16.42000,16.85000,472269
1809,2016-02-03,16.05000,16.55000,15.38000,16.43000,779946
1810,2016-02-02,16.99000,17.17000,15.61000,15.91000,1980988
1811,2016-02-01,16.83000,17.37000,16.53000,17.25000,966614
1812,2016-01-29,17.93000,18.51000,14.61000,16.95000,2675124
1813,2016-01-28,17.74000,17.98000,17.45000,17.80000,443487
1814,2016-01-27,17.54000,17.67000,17.13000,17.45000,580676
1815,2016-01-26,17.61000,18.00000,17.48000,17.56000,648444
1816,2016-01-25,17.99000,18.45000,17.30000,17.56000,639536
1817,2016-01-22,17.71000,18.28000,17.39000,18.27000,566992
1818,2016-01-21,17.22000,18.85000,16.91000,17.32000,1430619
1819,2016-01-20,16.49000,17.28000,16.07000,17.25000,1237569
1820,2016-01-19,16.81000,17.16000,16.34000,16.78000,736656
1821,2016-01-15,16.76000,16.87000,15.86000,16.62000,1337343
1822,2016-01-14,17.41000,17.63000,16.79000,17.29000,794515
1823,2016-01-13,17.76000,17.91000,17.12000,17.26000,1143773
1824,2016-01-12,17.71000,18.02000,17.29000,17.59000,825558
1825,2016-01-11,17.85000,17.86000,17.26000,17.57000,496534
1826,2016-01-08,17.59000,18.02000,17.19000,17.65000,477412
1827,2016-01-07,17.70000,17.93000,17.47000,17.50000,607393
1828,2016-01-06,18.22000,18.46000,17.77000,17.99000,605457
1829,2016-01-05,18.74000,18.74000,17.71000,18.37000,733879
1830,2016-01-04,18.93000,19.19000,18.25000,18.62000,1620131
1831,2015-12-31,19.30000,19.63000,18.89000,19.29000,749769
1832,2015-12-30,19.00000,19.30000,18.83000,19.22000,618847
1833,2015-12-29,19.05000,19.12000,18.58000,19.11000,585242
1834,2015-12-28,18.83000,19.10000,18.65000,19.02000,531375
1835,2015-12-24,18.88000,19.37000,18.70000,18.98000,232582
1836,2015-12-23,18.55000,18.88000,18.36000,18.82000,831485
1837,2015-12-22,18.51000,18.62000,17.69000,18.46000,875910
1838,2015-12-21,17.80000,18.50000,17.54000,18.40000,857182
1839,2015-12-18,17.30000,18.00000,16.84000,17.82000,2519785
1840,2015-12-17,17.01000,17.59000,16.69000,17.30000,2734029
1841,2015-12-16,16.33000,17.34000,16.20000,17.03000,3434854
1842,2015-12-15,14.87000,16.56000,14.70000,15.99000,2001574
1843,2015-12-14,15.01000,15.05000,14.39000,14.70000,2262750
1844,2015-12-11,15.05000,15.41000,14.53000,15.01000,3151169
1845,2015-12-10,14.42000,15.51000,14.42000,15.35000,1598738
1846,2015-12-09,14.10000,14.93000,14.10000,14.45000,2366168
1847,2015-12-08,13.86000,14.61000,13.51000,14.15000,2187808
1848,2015-12-07,14.64000,14.65000,13.75000,14.15000,2636454
1849,2015-12-04,15.23000,15.49000,14.77000,14.83000,4655613
1850,2015-12-03,15.22000,16.33000,15.10000,15.25000,2796549
1851,2015-12-02,15.98000,16.02000,15.01000,15.20000,2927213
1852,2015-12-01,14.65000,16.55000,14.62000,16.02000,2907691
1853,2015-11-30,14.15000,14.96000,14.15000,14.48000,2371109
1854,2015-11-27,14.91000,15.11000,14.10000,14.85000,2268316
1855,2015-11-25,14.30000,15.60000,14.15000,15.28000,5982978
1856,2015-11-24,17.50000,17.95000,16.71000,17.45000,1306248
1857,2015-11-23,17.02000,17.91000,16.89000,17.50000,1009558
1858,2015-11-20,18.13000,18.33000,16.40000,17.08000,2210382
1859,2015-11-19,18.82000,19.11000,18.30000,18.49000,707887
1860,2015-11-18,17.82000,19.04000,17.50000,18.90000,793735
1861,2015-11-17,19.38000,19.39000,17.69000,17.80000,1818666
1862,2015-11-16,19.48000,19.60000,19.14000,19.39000,856128
1863,2015-11-13,20.05000,20.62000,19.29000,19.53000,1058135
1864,2015-11-12,20.75000,20.83000,20.07000,20.12000,341752
1865,2015-11-11,21.14000,21.14000,20.19000,20.96000,568708
1866,2015-11-10,20.95000,21.54000,20.26000,21.01000,538482
1867,2015-11-09,20.81000,21.83000,20.81000,21.06000,1251759
1868,2015-11-06,20.48000,20.90000,19.77000,20.81000,1563387
1869,2015-11-05,20.57000,20.57000,19.39000,19.50000,439589
1870,2015-11-04,20.34000,21.12000,20.34000,20.61000,1070606
1871,2015-11-03,19.29000,20.46000,19.25000,20.34000,1190495
1872,2015-11-02,18.67000,19.63000,18.36000,19.27000,676408
1873,2015-10-30,18.76000,18.87000,17.93000,18.53000,488641
1874,2015-10-29,19.08000,19.21000,18.39000,18.78000,505883
1875,2015-10-28,18.35000,19.40000,18.25000,19.25000,506313
1876,2015-10-27,18.55000,18.63000,17.81000,18.28000,535552
1877,2015-10-26,19.45000,20.17000,18.39000,18.65000,449389
1878,2015-10-23,18.87000,18.87000,18.29000,18.84000,767435
1879,2015-10-22,19.14000,19.32000,18.50000,18.60000,845139
1880,2015-10-21,20.24000,20.45000,19.03000,19.14000,775353
1881,2015-10-20,20.19000,20.91000,19.96000,20.22000,513179
1882,2015-10-19,19.58000,20.46000,19.17000,20.16000,632295
1883,2015-10-16,19.67000,19.82000,19.35000,19.74000,579142
1884,2015-10-15,19.64000,19.80000,19.25000,19.58000,1032343
1885,2015-10-14,19.91000,20.12000,19.30000,19.64000,824128
1886,2015-10-13,20.04000,20.46000,19.66000,19.85000,748071
1887,2015-10-12,21.07000,21.15000,19.63000,20.08000,604704
1888,2015-10-09,20.79000,21.45000,20.79000,21.10000,2034247
1889,2015-10-08,19.72000,20.93000,19.44000,20.74000,2775289
1890,2015-10-07,19.72000,19.95000,19.18000,19.85000,785256
1891,2015-10-06,18.96000,19.98000,18.84000,19.66000,578755
1892,2015-10-05,18.12000,19.43000,18.06000,19.04000,1501936
1893,2015-10-02,16.41000,18.11000,15.98000,18.06000,790274
1894,2015-10-01,16.61000,16.88000,16.27000,16.55000,903199
1895,2015-09-30,16.09000,16.63000,15.86000,16.55000,1215096
1896,2015-09-29,16.45000,16.70000,16.10000,16.40000,1191258
1897,2015-09-28,17.06000,17.17000,16.50000,16.52000,1232188
1898,2015-09-25,18.61000,18.61000,17.13000,17.18000,1167954
1899,2015-09-24,18.80000,19.13000,17.46000,18.52000,2699681
1900,2015-09-23,17.78000,19.44000,17.54000,18.56000,2699459
1901,2015-09-22,18.05000,18.10000,17.05000,17.54000,1937122
1902,2015-09-21,19.47000,19.50000,17.89000,18.41000,2924192
1903,2015-09-18,19.43000,19.57000,18.88000,19.34000,1096864
1904,2015-09-17,19.30000,20.11000,19.24000,19.67000,817288
1905,2015-09-16,19.25000,19.81000,19.04000,19.30000,766659
1906,2015-09-15,19.18000,19.54000,19.07000,19.33000,708180
1907,2015-09-14,18.80000,19.33000,18.54000,19.21000,585720
1908,2015-09-11,18.74000,18.90000,18.13000,18.79000,727279
1909,2015-09-10,19.53000,19.80000,18.79000,18.91000,910427
1910,2015-09-09,19.84000,19.93000,19.37000,19.64000,1485367
1911,2015-09-08,21.20000,21.49000,19.75000,19.78000,3530972
1912,2015-09-04,22.08000,22.42000,20.99000,21.50000,1746747
1913,2015-09-03,22.43000,22.84000,22.10000,22.36000,768773
1914,2015-09-02,22.20000,23.09000,21.69000,22.54000,1017245
1915,2015-09-01,22.30000,22.64000,21.36000,21.91000,1157830
1916,2015-08-31,22.88000,23.39000,22.62000,22.76000,800585
1917,2015-08-28,21.85000,23.08000,21.79000,23.04000,811503
1918,2015-08-27,21.46000,21.92000,21.16000,21.89000,789632
1919,2015-08-26,20.10000,21.42000,20.10000,21.30000,1368553
1920,2015-08-25,19.97000,21.00000,19.83000,20.04000,2069742
1921,2015-08-24,19.23000,19.79000,18.97000,19.20000,1253381
1922,2015-08-21,20.04000,20.32000,19.60000,19.85000,2082436
1923,2015-08-20,20.99000,21.18000,20.37000,20.39000,406946
1924,2015-08-19,21.32000,21.56000,20.72000,21.19000,574719
1925,2015-08-18,22.26000,22.38000,21.39000,21.47000,658477
1926,2015-08-17,22.54000,22.54000,22.01000,22.20000,862074
1927,2015-08-14,23.85000,24.24000,22.45000,22.52000,1147514
1928,2015-08-13,23.53000,24.31000,23.40000,23.99000,886799
1929,2015-08-12,21.80000,23.70000,21.80000,23.61000,1375335
1930,2015-08-11,23.17000,23.41000,21.89000,22.71000,2375169
1931,2015-08-10,22.70000,23.20000,22.45000,23.19000,934597
1932,2015-08-07,21.43000,22.96000,21.33000,22.53000,2266135
1933,2015-08-06,24.00000,24.14000,21.54000,21.55000,1359659
1934,2015-08-05,24.16000,25.38000,23.54000,23.97000,1625605
1935,2015-08-04,24.64000,24.94000,21.11000,23.21000,2874578
1936,2015-08-03,25.18000,25.86000,24.43000,24.68000,1715831
1937,2015-07-31,27.11000,27.38000,25.10000,25.38000,1492948
1938,2015-07-30,27.17000,30.00000,26.54000,27.05000,1533444
1939,2015-07-29,27.00000,27.28000,26.70000,27.00000,862395
1940,2015-07-28,26.92000,27.21000,26.74000,27.10000,992104
1941,2015-07-27,27.00000,27.63000,26.71000,26.90000,784796
1942,2015-07-24,28.14000,28.20000,26.81000,27.09000,1685457
1943,2015-07-23,28.88000,31.71000,28.26000,28.41000,997469
1944,2015-07-22,29.53000,29.90000,28.86000,28.89000,696965
1945,2015-07-21,30.09000,30.46000,29.20000,29.49000,864765
1946,2015-07-20,30.83000,31.04000,29.79000,29.82000,771411
1947,2015-07-17,31.57000,31.65000,30.72000,30.83000,368201
1948,2015-07-16,31.83000,32.19000,31.32000,31.52000,574052
1949,2015-07-15,32.04000,32.16000,31.60000,31.71000,386102
1950,2015-07-14,31.86000,32.85000,31.75000,32.17000,1065054
1951,2015-07-13,32.31000,32.51000,32.07000,32.29000,255444
1952,2015-07-10,32.46000,32.77000,32.10000,32.22000,222384
1953,2015-07-09,32.28000,32.76000,32.02000,32.23000,301916
1954,2015-07-08,32.10000,33.67000,31.88000,31.96000,838705
1955,2015-07-07,32.17000,32.58000,31.44000,32.30000,1134905
1956,2015-07-06,31.50000,32.05000,31.34000,32.00000,433776
1957,2015-07-02,31.98000,32.23000,31.48000,31.66000,224128
1958,2015-07-01,31.51000,32.08000,31.32000,31.96000,607543
1959,2015-06-30,32.25000,33.16000,31.24000,31.32000,637566
1960,2015-06-29,33.97000,35.24000,32.04000,32.22000,1008297
1961,2015-06-26,35.00000,35.31000,33.68000,33.86000,3281097
1962,2015-06-25,35.17000,35.47000,34.58000,35.04000,304952
1963,2015-06-24,35.27000,35.42000,34.58000,35.01000,382266
1964,2015-06-23,36.09000,36.19000,35.33000,35.33000,425803
1965,2015-06-22,36.27000,36.86000,35.93000,36.24000,454398
1966,2015-06-19,36.49000,36.63000,36.04000,36.12000,557588
1967,2015-06-18,36.65000,36.91000,36.40000,36.58000,311199
1968,2015-06-17,36.55000,36.88000,36.41000,36.69000,273357
1969,2015-06-16,35.92000,36.55000,35.69000,36.48000,596504
1970,2015-06-15,35.10000,36.33000,35.02000,36.12000,454781
1971,2015-06-12,35.80000,36.04000,35.26000,35.51000,301136
1972,2015-06-11,35.99000,36.22000,35.69000,35.99000,193111
1973,2015-06-10,35.74000,36.16000,35.48000,35.92000,525617
1974,2015-06-09,35.50000,35.73000,35.04000,35.61000,350928
1975,2015-06-08,36.05000,36.29000,35.57000,35.67000,312458
1976,2015-06-05,36.50000,36.50000,35.55000,36.20000,342790
1977,2015-06-04,36.89000,36.89000,36.10000,36.28000,434971
1978,2015-06-03,37.51000,37.87000,36.75000,36.90000,357308
1979,2015-06-02,37.81000,37.82000,37.24000,37.56000,358818
1980,2015-06-01,38.73000,38.73000,37.51000,38.10000,291805
1981,2015-05-29,38.61000,38.70000,38.05000,38.44000,265570
1982,2015-05-28,38.48000,38.84000,38.20000,38.80000,322580
1983,2015-05-27,38.23000,38.66000,37.89000,38.62000,271562
1984,2015-05-26,38.31000,38.68000,37.68000,38.41000,246833
1985,2015-05-22,38.09000,38.55000,37.74000,38.40000,1425272
1986,2015-05-21,38.38000,38.68000,37.81000,37.99000,490313
1987,2015-05-20,37.48000,38.71000,37.23000,38.31000,681549
1988,2015-05-19,36.89000,37.56000,36.75000,37.24000,486619
1989,2015-05-18,37.20000,37.47000,36.88000,37.27000,460606
1990,2015-05-15,37.20000,37.95000,37.13000,37.27000,305925
1991,2015-05-14,36.62000,37.25000,36.45000,37.13000,316177
1992,2015-05-13,36.76000,37.24000,36.05000,36.45000,288243
1993,2015-05-12,36.18000,36.65000,35.93000,36.42000,333144
1994,2015-05-11,37.17000,37.50000,35.75000,36.17000,521700
1995,2015-05-08,34.35000,35.65000,34.35000,35.40000,252775
1996,2015-05-07,33.34000,34.26000,33.01000,34.17000,517293
1997,2015-05-06,34.34000,34.51000,33.10000,33.54000,209347
1998,2015-05-05,33.86000,34.48000,33.69000,34.12000,717914
1999,2015-05-04,33.45000,34.10000,33.45000,34.05000,198426
2000,2015-05-01,33.90000,33.90000,33.17000,33.53000,210792
2001,2015-04-30,34.34000,34.59000,33.50000,33.91000,335457
2002,2015-04-29,34.56000,34.87000,34.38000,34.46000,172889
2003,2015-04-28,34.79000,34.91000,34.57000,34.80000,132947
2004,2015-04-27,34.66000,35.33000,34.56000,34.73000,156089
2005,2015-04-24,35.01000,35.17000,34.60000,34.73000,153199
2006,2015-04-23,35.29000,35.31000,34.75000,34.85000,191717
2007,2015-04-22,35.31000,35.53000,34.69000,35.18000,146605
2008,2015-04-21,35.29000,35.50000,35.01000,35.21000,262999
2009,2015-04-20,35.22000,35.44000,35.09000,35.27000,310149
2010,2015-04-17,35.18000,35.54000,34.92000,35.01000,185220
2011,2015-04-16,35.43000,35.68000,35.28000,35.42000,147572
2012,2015-04-15,35.45000,35.87000,35.33000,35.54000,594978
2013,2015-04-14,35.40000,35.53000,34.99000,35.23000,500525
2014,2015-04-13,35.31000,35.94000,35.19000,35.44000,255715
2015,2015-04-10,34.92000,35.92000,34.62000,35.17000,560044
2016,2015-04-09,34.44000,35.07000,34.22000,34.67000,961138
2017,2015-04-08,34.07000,34.60000,33.92000,34.41000,549042
2018,2015-04-07,34.14000,34.80000,34.14000,34.21000,357262
2019,2015-04-06,34.17000,34.90000,34.07000,34.25000,149453
2020,2015-04-02,34.27000,34.74000,33.92000,34.29000,260097
2021,2015-04-01,33.84000,34.68000,33.78000,34.14000,292590
2022,2015-03-31,33.45000,33.84000,32.90000,33.78000,278925
2023,2015-03-30,33.94000,34.32000,33.49000,33.68000,371326
2024,2015-03-27,33.01000,33.93000,32.66000,33.87000,763671
2025,2015-03-26,32.47000,32.80000,32.00000,32.55000,160345
2026,2015-03-25,33.54000,33.74000,32.49000,32.66000,321186
2027,2015-03-24,33.57000,33.75000,33.09000,33.38000,100894
2028,2015-03-23,33.98000,34.27000,33.27000,33.68000,237688
2029,2015-03-20,33.48000,34.18000,33.01000,34.00000,568721
2030,2015-03-19,33.79000,33.99000,32.80000,33.19000,244062
2031,2015-03-18,33.27000,34.38000,32.56000,33.96000,271439
2032,2015-03-17,32.94000,33.79000,32.94000,33.44000,228774
2033,2015-03-16,32.81000,33.11000,32.16000,32.84000,189327
2034,2015-03-13,33.28000,33.68000,31.94000,32.24000,499164
2035,2015-03-12,32.68000,33.35000,32.53000,33.21000,172874
2036,2015-03-11,32.60000,32.79000,32.27000,32.44000,192522
2037,2015-03-10,32.70000,32.90000,32.25000,32.51000,377614
2038,2015-03-09,32.98000,33.60000,32.77000,32.80000,316798
2039,2015-03-06,33.13000,33.87000,32.62000,33.02000,366741
2040,2015-03-05,32.73000,33.90000,32.50000,33.41000,424734
2041,2015-03-04,32.55000,32.83000,32.27000,32.62000,444503
2042,2015-03-03,32.38000,32.98000,32.38000,32.61000,588507
2043,2015-03-02,32.92000,33.14000,32.48000,32.57000,706853
2044,2015-02-27,32.60000,33.18000,32.50000,32.79000,1122310
2045,2015-02-26,33.20000,33.62000,32.04000,32.28000,2077315
2046,2015-02-25,33.93000,33.98000,32.59000,33.10000,490736
2047,2015-02-24,33.27000,34.36000,33.02000,34.03000,407619
2048,2015-02-23,34.84000,35.37000,33.21000,33.42000,421170
2049,2015-02-20,34.80000,34.90000,34.05000,34.73000,315932
2050,2015-02-19,34.76000,35.27000,34.51000,34.67000,280639
2051,2015-02-18,33.81000,34.82000,33.53000,34.70000,298929
2052,2015-02-17,34.55000,34.55000,33.70000,33.93000,363731
2053,2015-02-13,34.49000,34.53000,33.41000,34.40000,408570
2054,2015-02-12,33.54000,34.54000,33.15000,34.32000,499991
2055,2015-02-11,34.01000,34.17000,32.97000,33.30000,469062
2056,2015-02-10,33.56000,34.39000,32.82000,34.02000,694041
2057,2015-02-09,32.15000,32.90000,31.90000,32.57000,222797
2058,2015-02-06,33.15000,33.15000,31.61000,32.20000,338969
2059,2015-02-05,33.42000,33.64000,32.87000,33.14000,374122
2060,2015-02-04,33.10000,33.92000,32.75000,33.19000,427391
2061,2015-02-03,33.69000,34.28000,32.99000,33.20000,556951
2062,2015-02-02,33.09000,33.52000,32.35000,33.33000,578594
2063,2015-01-30,33.60000,33.95000,32.85000,32.92000,442113
2064,2015-01-29,34.62000,34.62000,33.50000,33.85000,546175
2065,2015-01-28,35.10000,35.37000,34.23000,34.47000,575653
2066,2015-01-27,34.65000,36.35000,34.00000,34.99000,663610
2067,2015-01-26,34.24000,36.32000,33.30000,35.00000,1289469
2068,2015-01-23,33.93000,34.63000,32.16000,34.08000,2123535
2069,2015-01-22,32.44000,32.62000,32.00000,32.54000,559366
2070,2015-01-21,31.63000,32.68000,31.41000,32.38000,484780
2071,2015-01-20,31.96000,32.24000,31.42000,31.67000,656642
2072,2015-01-16,31.51000,32.55000,31.49000,31.88000,5356298
2073,2015-01-15,31.62000,31.88000,30.26000,31.50000,733404
2074,2015-01-14,30.89000,32.03000,30.39000,31.75000,560369
2075,2015-01-13,28.48000,31.36000,27.58000,31.30000,745190
2076,2015-01-12,29.01000,29.01000,27.59000,28.35000,430649
2077,2015-01-09,27.25000,29.33000,27.08000,29.16000,470845
2078,2015-01-08,28.16000,28.26000,26.93000,27.08000,273448
2079,2015-01-07,27.49000,28.74000,27.28000,27.89000,525219
2080,2015-01-06,26.89000,28.87000,26.89000,27.23000,1166776
2081,2015-01-05,27.57000,27.85000,25.93000,26.57000,913912
2082,2015-01-02,27.51000,28.12000,27.05000,27.85000,509439
2083,2014-12-31,27.13000,28.08000,27.06000,27.32000,261489
2084,2014-12-30,26.36000,27.49000,26.36000,27.15000,295470
2085,2014-12-29,25.49000,27.14000,25.48000,26.40000,2273616
2086,2014-12-26,25.94000,26.21000,25.75000,25.93000,170038
2087,2014-12-24,25.88000,26.13000,25.61000,25.74000,167937
2088,2014-12-23,25.57000,25.92000,25.31000,25.74000,262913
2089,2014-12-22,25.58000,25.96000,25.42000,25.49000,302783
2090,2014-12-19,25.65000,26.09000,25.55000,25.63000,994644
2091,2014-12-18,26.13000,27.26000,25.56000,25.77000,630441
2092,2014-12-17,25.31000,25.91000,25.10000,25.87000,937863
2093,2014-12-16,25.91000,26.57000,25.21000,25.29000,393724
2094,2014-12-15,26.01000,26.38000,25.29000,26.04000,254034
2095,2014-12-12,26.52000,26.84000,25.37000,25.80000,2083156
2096,2014-12-11,26.31000,26.99000,25.70000,26.72000,1649281
2097,2014-12-10,26.88000,27.37000,26.67000,26.95000,555955
2098,2014-12-09,26.83000,27.16000,26.11000,27.06000,514195
2099,2014-12-08,28.20000,28.44000,27.07000,27.10000,866965
2100,2014-12-05,27.56000,28.70000,27.56000,28.20000,745512
2101,2014-12-04,27.59000,29.22000,27.31000,27.59000,638674
2102,2014-12-03,27.87000,27.96000,27.02000,27.67000,888224
2103,2014-12-02,26.13000,28.38000,25.85000,27.73000,1286033
2104,2014-12-01,28.18000,28.52000,25.64000,25.87000,1568518
2105,2014-11-28,29.79000,29.79000,27.94000,28.20000,340770
2106,2014-11-26,29.69000,29.91000,29.40000,29.79000,165451
2107,2014-11-25,29.11000,29.79000,28.83000,29.66000,160179
2108,2014-11-24,29.12000,29.55000,28.98000,29.18000,278414
2109,2014-11-21,29.24000,29.48000,28.51000,29.13000,352798
2110,2014-11-20,28.92000,29.09000,28.50000,28.73000,274080
2111,2014-11-19,28.22000,29.30000,27.85000,28.91000,415346
2112,2014-11-18,28.07000,28.67000,27.75000,28.13000,1416958
2113,2014-11-17,28.20000,29.40000,27.50000,27.87000,1411535
2114,2014-11-14,24.00000,27.18000,21.00000,26.87000,6170086
2115,2014-11-13,32.26000,32.26000,26.31000,29.96000,1442095
2116,2014-11-12,31.82000,32.44000,31.06000,32.37000,404598
2117,2014-11-11,32.52000,32.52000,31.29000,31.83000,345514
2118,2014-11-10,32.54000,32.81000,32.02000,32.64000,515723
2119,2014-11-07,32.57000,32.86000,31.90000,32.40000,353835
2120,2014-11-06,31.50000,32.67000,31.01000,32.48000,489120
2121,2014-11-05,31.23000,31.72000,30.55000,31.53000,1150212
2122,2014-11-04,33.77000,33.98000,30.65000,31.22000,805192
2123,2014-11-03,32.63000,33.84000,32.20000,33.74000,351468
2124,2014-10-31,33.68000,34.00000,32.44000,32.50000,428978
2125,2014-10-30,33.09000,33.43000,32.10000,32.95000,322242
2126,2014-10-29,33.31000,33.42000,31.97000,33.15000,165314
2127,2014-10-28,32.86000,33.41000,32.29000,33.15000,321286
2128,2014-10-27,32.47000,33.03000,31.57000,32.80000,256310
2129,2014-10-24,32.75000,33.47000,32.27000,32.73000,123684
2130,2014-10-23,32.16000,33.72000,31.88000,32.66000,283483
2131,2014-10-22,32.68000,32.81000,31.47000,31.88000,259119
2132,2014-10-21,31.66000,33.70000,31.66000,32.50000,418208
2133,2014-10-20,31.83000,32.40000,31.19000,31.52000,309723
2134,2014-10-17,31.56000,32.93000,31.56000,31.80000,452491
2135,2014-10-16,29.33000,31.27000,29.33000,30.92000,404676
2136,2014-10-15,29.77000,30.33000,28.64000,29.82000,742430
2137,2014-10-14,31.00000,31.73000,30.04000,30.16000,364957
2138,2014-10-13,31.05000,32.01000,30.82000,30.93000,358030
2139,2014-10-10,31.20000,32.26000,30.02000,31.16000,717543
2140,2014-10-09,32.58000,32.89000,31.17000,31.34000,562314
2141,2014-10-08,32.65000,33.26000,32.34000,32.59000,497325
2142,2014-10-07,33.21000,33.39000,32.28000,32.62000,387034
2143,2014-10-06,33.98000,34.16000,31.26000,33.41000,265552
2144,2014-10-03,33.40000,34.23000,32.26000,34.01000,542635
2145,2014-10-02,34.13000,34.40000,31.77000,32.99000,947251
2146,2014-10-01,35.47000,35.76000,33.13000,33.91000,906587
2147,2014-09-30,35.65000,36.13000,35.25000,35.58000,4026434
2148,2014-09-29,36.08000,36.08000,34.97000,35.59000,545073
2149,2014-09-26,35.40000,36.80000,35.39000,36.38000,630537
2150,2014-09-25,36.87000,37.19000,35.01000,35.27000,862241
2151,2014-09-24,37.43000,38.90000,36.48000,36.84000,626315
2152,2014-09-23,36.26000,39.01000,36.26000,37.24000,430881
2153,2014-09-22,37.31000,38.88000,36.01000,36.30000,427882
2154,2014-09-19,37.05000,37.99000,36.71000,37.68000,623633
2155,2014-09-18,37.38000,37.83000,36.23000,36.82000,487951
2156,2014-09-17,36.97000,37.98000,36.97000,37.44000,328696
2157,2014-09-16,36.90000,37.56000,36.31000,37.15000,329301
2158,2014-09-15,37.50000,38.09000,36.55000,36.74000,246348
2159,2014-09-12,37.50000,38.48000,37.29000,37.66000,198696
2160,2014-09-11,37.84000,39.53000,37.33000,37.65000,169595
2161,2014-09-10,37.90000,38.16000,37.47000,37.89000,50656
2162,2014-09-09,38.21000,38.21000,37.06000,37.73000,214287
2163,2014-09-08,38.43000,38.60000,37.79000,38.16000,240448
2164,2014-09-05,38.75000,39.63000,38.23000,38.59000,210563
2165,2014-09-04,39.94000,40.03000,38.27000,38.73000,341833
2166,2014-09-03,39.23000,40.47000,38.61000,40.10000,220578
2167,2014-09-02,40.00000,40.00000,38.36000,38.91000,258743
2168,2014-08-29,39.20000,40.26000,38.70000,40.11000,141068
2169,2014-08-28,38.89000,39.13000,38.54000,38.94000,202805
2170,2014-08-27,38.90000,38.99000,38.40000,38.70000,150483
2171,2014-08-26,38.45000,39.20000,38.24000,38.60000,261768
2172,2014-08-25,38.80000,38.98000,38.05000,38.17000,276863
2173,2014-08-22,37.55000,39.01000,37.47000,38.47000,123615
2174,2014-08-21,38.22000,38.77000,37.01000,37.31000,190307
2175,2014-08-20,36.91000,38.50000,36.91000,37.94000,128996
2176,2014-08-19,37.56000,38.00000,36.89000,36.91000,151533
2177,2014-08-18,37.05000,37.48000,36.51000,37.40000,253328
2178,2014-08-15,37.12000,37.39000,36.55000,36.66000,97783
2179,2014-08-14,37.27000,37.27000,36.40000,36.70000,175036
2180,2014-08-13,36.85000,38.09000,36.40000,37.09000,674541
2181,2014-08-12,35.35000,35.81000,35.31000,35.43000,317578
2182,2014-08-11,35.43000,35.72000,35.11000,35.28000,133574
2183,2014-08-08,34.41000,36.11000,34.13000,35.49000,336793
2184,2014-08-07,35.00000,35.47000,33.87000,34.52000,500550
2185,2014-08-06,36.11000,36.48000,34.30000,34.93000,272375
2186,2014-08-05,36.11000,36.33000,35.61000,36.17000,219992
2187,2014-08-04,36.38000,36.64000,36.03000,36.50000,185244
2188,2014-08-01,35.55000,36.39000,35.55000,36.14000,383503
2189,2014-07-31,37.50000,37.96000,35.72000,36.18000,736276
2190,2014-07-30,39.00000,39.00000,37.48000,37.83000,455410
2191,2014-07-29,39.02000,39.02000,38.20000,38.87000,347327
2192,2014-07-28,40.00000,40.17000,38.85000,39.34000,191460
2193,2014-07-25,40.07000,40.70000,39.60000,39.80000,1034410
2194,2014-07-24,39.54000,40.55000,39.54000,40.07000,300712
2195,2014-07-23,39.66000,40.20000,38.71000,39.79000,313652
2196,2014-07-22,40.98000,40.98000,39.48000,39.69000,426530
2197,2014-07-21,39.62000,40.47000,39.60000,40.31000,340836
2198,2014-07-18,39.96000,40.16000,39.80000,39.90000,192521
2199,2014-07-17,40.38000,40.64000,39.98000,40.13000,297825
2200,2014-07-16,39.68000,40.56000,39.57000,40.38000,746016
2201,2014-07-15,38.79000,39.46000,38.24000,39.22000,1116591
2202,2014-07-14,37.69000,39.55000,37.55000,38.63000,1093386
2203,2014-07-11,37.65000,37.70000,37.37000,37.46000,222584
2204,2014-07-10,37.45000,37.50000,37.14000,37.42000,358226
2205,2014-07-09,37.46000,37.51000,37.20000,37.38000,215273
2206,2014-07-08,38.05000,38.98000,37.25000,37.40000,667665
2207,2014-07-07,37.50000,37.75000,37.17000,37.39000,950084
2208,2014-07-03,37.65000,38.10000,37.01000,37.27000,327437
2209,2014-07-02,37.30000,37.82000,36.56000,37.30000,407561
2210,2014-07-01,38.00000,38.12000,37.22000,37.39000,928227
2211,2014-06-30,38.32000,38.46000,37.18000,37.82000,206657
2212,2014-06-27,37.94000,38.25000,37.52000,38.07000,261363
2213,2014-06-26,38.15000,38.60000,37.47000,38.16000,264740
2214,2014-06-25,38.07000,38.98000,36.51000,38.23000,286090
2215,2014-06-24,38.36000,39.10000,37.58000,38.40000,306149
2216,2014-06-23,40.00000,40.00000,38.22000,39.22000,525087
2217,2014-06-20,37.70000,40.61000,37.37000,40.00000,1064078
2218,2014-06-19,36.75000,37.56000,36.58000,37.36000,496376
2219,2014-06-18,35.80000,37.00000,35.65000,36.90000,479811
2220,2014-06-17,36.47000,36.80000,35.54000,36.50000,1099084
2221,2014-06-16,37.00000,37.48000,36.11000,36.52000,1702191
2222,2014-06-13,35.16000,38.28000,35.00000,37.00000,15448766
2223,1970-01-01,22.88000,23.54000,22.64750,22.74000,47993
2224,1970-01-01,22.88000,23.54000,22.64750,22.74000,47993
