,datetime,open,high,low,close,volume
0,2023-04-11,9.63000,9.87000,9.57000,9.77000,62900
1,2023-04-10,9.53000,9.76000,9.50000,9.67000,133900
2,2023-04-06,9.40000,9.67000,9.40000,9.51000,55100
3,2023-04-05,9.36000,9.48000,9.31000,9.41000,55100
4,2023-04-04,9.65000,9.65000,9.17000,9.43000,81900
5,2023-04-03,9.73000,9.73000,9.50000,9.55000,53500
6,2023-03-31,9.61000,9.71000,9.51000,9.63000,107500
7,2023-03-30,9.72000,9.79000,9.51000,9.59000,46300
8,2023-03-29,9.69000,9.69000,9.56000,9.68000,61200
9,2023-03-28,9.71000,9.76000,9.61000,9.69000,30500
10,2023-03-27,9.74000,9.83000,9.64000,9.73000,52200
11,2023-03-24,9.45000,9.63000,9.38000,9.58000,41200
12,2023-03-23,9.69000,9.74000,9.47000,9.51000,58300
13,2023-03-22,10.03000,10.17000,9.65000,9.68000,56000
14,2023-03-21,9.84000,10.02000,9.70000,10.02000,87200
15,2023-03-20,9.67000,9.75000,9.59000,9.66000,103400
16,2023-03-17,9.91000,9.92000,9.45000,9.54000,163400
17,2023-03-16,10.09000,10.13000,9.83000,9.99000,74700
18,2023-03-15,9.87000,10.17000,9.61000,10.08000,83700
19,2023-03-14,10.04000,10.24000,9.81000,9.87000,77900
20,2023-03-13,10.03000,10.11000,9.35000,9.47000,94000
21,2023-03-10,10.66000,10.74000,10.12000,10.24000,145400
22,2023-03-09,11.29000,11.29000,10.64000,10.76000,47000
23,2023-03-08,11.43000,11.44000,11.31000,11.34000,31800
24,2023-03-07,11.60000,11.60000,11.38000,11.45000,38400
25,2023-03-06,11.70000,11.70000,11.45000,11.56000,84200
26,2023-03-03,11.68000,11.68000,11.55000,11.65000,19500
27,2023-03-02,11.62000,11.63000,11.52000,11.60000,38800
28,2023-03-01,11.71000,11.74000,11.64000,11.64000,73200
29,2023-02-28,11.79000,11.84000,11.71000,11.71000,42200
30,2023-02-27,11.81000,11.91000,11.77000,11.80000,16700
31,2023-02-24,11.81000,11.83000,11.72000,11.83000,39600
32,2023-02-23,11.85000,11.92000,11.77000,11.83000,30900
33,2023-02-22,12.02000,12.04000,11.84000,11.84000,71900
34,2023-02-21,12.02000,12.05000,11.91000,11.94000,35100
35,2023-02-17,11.99000,12.20000,11.87000,12.13000,71700
36,2023-02-16,12.05000,12.05000,11.82000,11.91000,43100
37,2023-02-15,12.09000,12.24000,12.07000,12.14000,34700
38,2023-02-14,12.10000,12.22000,12.02000,12.14000,31100
39,2023-02-13,12.07000,12.26000,12.04000,12.21000,69400
40,2023-02-10,11.78000,12.02000,11.77000,11.98000,28400
41,2023-02-09,11.93000,11.99000,11.77000,11.82000,24300
42,2023-02-08,12.05000,12.13000,11.91000,11.95000,51200
43,2023-02-07,12.37000,12.42000,12.09000,12.12000,58100
44,2023-02-06,12.25000,12.35000,12.19000,12.33000,26400
45,2023-02-03,12.25000,12.28000,12.07000,12.22000,38600
46,2023-02-02,11.99000,12.34000,11.99000,12.25000,45800
47,2023-02-01,12.10000,12.20000,11.94000,11.96000,64600
48,2023-01-31,11.61000,11.89000,11.61000,11.84000,36800
49,2023-01-30,11.80000,11.97000,11.61000,11.61000,35900
50,2023-01-27,12.15000,12.15000,11.78000,11.78000,23700
51,2023-01-26,12.02000,12.07000,11.90000,12.07000,21700
52,2023-01-25,11.96000,11.99000,11.88000,11.93000,24800
53,2023-01-24,11.96000,12.02000,11.96000,11.98000,12900
54,2023-01-23,12.09000,12.11000,11.96000,11.98000,30800
55,2023-01-20,11.99000,12.04000,11.89000,12.04000,44900
56,2023-01-19,11.88000,11.94000,11.86000,11.92000,19200
57,2023-01-18,11.96000,11.99000,11.89000,11.93000,27700
58,2023-01-17,12.02000,12.05000,11.96000,12.00000,21700
59,2023-01-13,12.03000,12.15000,11.87000,12.08000,18600
60,2023-01-12,11.98000,12.19000,11.96000,12.12000,31200
61,2023-01-11,11.96000,11.99000,11.85000,11.96000,16600
62,2023-01-10,11.80000,11.95000,11.77000,11.89000,28300
63,2023-01-09,11.93000,11.96000,11.78000,11.82000,23700
64,2023-01-06,11.82000,11.95000,11.79000,11.93000,52000
65,2023-01-05,11.83000,11.83000,11.66000,11.70000,32000
66,2023-01-04,11.89000,11.93000,11.81000,11.83000,43000
67,2023-01-03,11.91000,12.42000,11.71000,11.78000,55300
68,2022-12-30,11.82000,11.87000,11.77000,11.85000,33900
69,2022-12-29,11.84000,11.93000,11.78000,11.82000,65400
70,2022-12-28,11.87000,11.87000,11.70000,11.75000,194800
71,2022-12-27,11.76000,11.81000,11.73000,11.76000,17400
72,2022-12-23,11.80000,11.87000,11.74000,11.76000,35400
73,2022-12-22,11.80000,11.80000,11.66000,11.76000,46200
74,2022-12-21,11.75000,11.93000,11.72000,11.84000,29600
75,2022-12-20,11.81000,11.86000,11.72000,11.74000,18600
76,2022-12-19,11.84000,11.87000,11.76000,11.81000,67100
77,2022-12-16,11.68000,11.82000,11.68000,11.81000,105600
78,2022-12-15,11.98000,12.08000,11.81000,11.83000,37000
79,2022-12-14,12.36000,12.36000,12.01000,12.06000,41300
80,2022-12-13,12.31000,12.38000,12.00000,12.19000,102700
81,2022-12-12,12.07000,12.15000,12.04000,12.09000,31600
82,2022-12-09,12.07000,12.12000,12.06000,12.08000,21900
83,2022-12-08,12.12000,12.18000,12.05000,12.12000,30000
84,2022-12-07,12.10000,12.14000,12.06000,12.08000,30900
85,2022-12-06,12.05000,12.17000,12.01000,12.12000,76100
86,2022-12-05,12.30000,12.32000,11.98000,12.12000,63200
87,2022-12-02,12.39000,12.40000,12.26000,12.35000,27700
88,2022-12-01,12.45000,12.45000,12.31000,12.39000,42500
89,2022-11-30,12.18000,12.41000,12.10000,12.35000,54500
90,2022-11-29,12.25000,12.31000,12.20000,12.22000,20500
91,2022-11-28,12.44000,12.96000,12.17000,12.24000,54700
92,2022-11-25,12.44000,12.53000,12.43000,12.43000,3900
93,2022-11-23,12.50000,12.53000,12.39000,12.45000,13600
94,2022-11-22,12.55000,12.56000,12.40000,12.50000,13400
95,2022-11-21,12.58000,12.63000,12.46000,12.49000,26000
96,2022-11-18,12.56000,12.59000,12.48000,12.48000,24700
97,2022-11-17,12.34000,12.42000,12.29000,12.39000,21800
98,2022-11-16,12.54000,12.54000,12.32000,12.37000,33600
99,2022-11-15,12.50000,12.65000,12.32000,12.48000,42800
100,2022-11-14,12.66000,12.68000,12.41000,12.46000,23800
101,2022-11-11,12.63000,12.99000,12.56000,12.62000,34100
102,2022-11-10,12.36000,12.77000,12.19000,12.68000,50700
103,2022-11-09,12.30000,12.40000,12.15000,12.17000,20300
104,2022-11-08,12.40000,12.40000,12.20000,12.30000,54500
105,2022-11-07,12.63000,12.63000,12.31000,12.31000,35500
106,2022-11-04,12.49000,12.65000,12.40000,12.50000,61100
107,2022-11-03,12.50000,12.58000,12.37000,12.39000,37500
108,2022-11-02,12.86000,12.97000,12.59000,12.62000,28900
109,2022-11-01,12.92000,13.02000,12.80000,12.85000,63600
110,2022-10-31,13.04000,13.05000,12.78000,12.89000,26200
111,2022-10-28,13.01000,13.01000,12.83000,12.94000,50100
112,2022-10-27,12.76000,12.94000,12.66000,12.72000,27200
113,2022-10-26,12.80000,12.92000,12.59000,12.62000,23300
114,2022-10-25,12.54000,12.81000,12.45000,12.65000,50700
115,2022-10-24,12.36000,12.61000,12.26000,12.55000,23100
116,2022-10-21,12.28000,12.37000,12.11000,12.31000,38600
117,2022-10-20,12.19000,12.42000,12.06000,12.19000,24200
118,2022-10-19,12.48000,12.51000,12.23000,12.48000,26000
119,2022-10-18,12.60000,12.69000,12.40000,12.50000,31000
120,2022-10-17,12.50000,12.59000,12.45000,12.52000,25000
121,2022-10-14,12.58000,12.62000,12.35000,12.42000,33700
122,2022-10-13,12.31000,12.55000,12.03000,12.50000,53600
123,2022-10-12,12.12000,12.26000,12.00000,12.10000,24100
124,2022-10-11,12.02000,12.42000,11.99000,12.15000,38400
125,2022-10-10,12.01000,12.20000,12.00000,12.10000,29100
126,2022-10-07,12.27000,12.27000,12.03000,12.06000,36900
127,2022-10-06,12.34000,12.41000,12.31000,12.36000,18400
128,2022-10-05,12.50000,12.60000,12.35000,12.43000,45900
129,2022-10-04,12.35000,12.74000,12.35000,12.67000,28000
130,2022-10-03,12.37000,12.37000,12.15000,12.27000,34800
131,2022-09-30,12.25000,12.34000,12.12000,12.13000,31400
132,2022-09-29,12.27000,12.31000,12.16000,12.22000,43200
133,2022-09-28,12.23000,12.50000,12.23000,12.43000,36300
134,2022-09-27,12.45000,12.45000,12.15000,12.19000,24500
135,2022-09-26,12.52000,12.56000,12.33000,12.39000,82200
136,2022-09-23,12.62000,12.62000,12.41000,12.55000,45700
137,2022-09-22,12.58000,12.75000,12.53000,12.69000,42600
138,2022-09-21,13.01000,13.01000,12.69000,12.75000,33100
139,2022-09-20,13.02000,13.02000,12.79000,12.87000,20100
140,2022-09-19,12.88000,13.03000,12.73000,13.00000,24600
141,2022-09-16,12.62000,12.78000,12.50000,12.75000,64000
142,2022-09-15,12.58000,12.89000,12.58000,12.66000,18600
143,2022-09-14,12.80000,12.80000,12.57000,12.64000,34300
144,2022-09-13,13.16000,13.26000,12.60000,12.69000,53100
145,2022-09-12,12.94000,13.00000,12.90000,12.95000,27100
146,2022-09-09,12.77000,12.90000,12.77000,12.84000,17500
147,2022-09-08,12.78000,13.12000,12.73000,12.86000,15500
148,2022-09-07,12.69000,12.94000,12.66000,12.91000,30000
149,2022-09-06,13.04000,13.04000,12.63000,12.76000,42200
150,2022-09-02,13.06000,13.09000,12.91000,12.92000,24400
151,2022-09-01,13.12000,13.17000,12.97000,13.03000,42900
152,2022-08-31,13.16000,13.20000,13.11000,13.11000,24500
153,2022-08-30,13.24000,13.30000,13.11000,13.18000,31100
154,2022-08-29,13.18000,13.52000,13.17000,13.18000,54400
155,2022-08-26,13.48000,13.49000,13.24000,13.33000,31500
156,2022-08-25,13.25000,13.46000,13.16000,13.39000,83700
157,2022-08-24,13.31000,13.36000,13.25000,13.25000,31800
158,2022-08-23,13.63000,13.65000,13.43000,13.46000,41300
159,2022-08-22,13.87000,13.87000,13.59000,13.64000,33300
160,2022-08-19,14.05000,14.35000,13.97000,14.06000,90700
161,2022-08-18,14.32000,14.32000,14.06000,14.21000,64300
162,2022-08-17,14.22000,14.32000,14.22000,14.28000,36900
163,2022-08-16,14.14000,14.41000,14.12000,14.37000,43700
164,2022-08-15,14.03000,14.20000,13.99000,14.18000,21600
165,2022-08-12,14.03000,14.16000,14.00000,14.06000,46200
166,2022-08-11,13.88000,14.04000,13.86000,13.95000,30700
167,2022-08-10,13.92000,13.96000,13.88000,13.91000,25700
168,2022-08-09,13.89000,13.97000,13.66000,13.75000,26200
169,2022-08-08,13.91000,13.97000,13.76000,13.92000,46300
170,2022-08-05,13.70000,13.90000,13.70000,13.85000,44000
171,2022-08-04,13.76000,13.83000,13.65000,13.77000,78400
172,2022-08-03,13.53000,13.80000,13.51000,13.75000,51500
173,2022-08-02,13.60000,13.77000,13.37000,13.45000,120000
174,2022-08-01,13.45000,13.70000,13.35000,13.58000,92400
175,2022-07-29,13.40000,13.79000,13.40000,13.55000,83600
176,2022-07-28,13.31000,13.36000,13.19000,13.33000,63700
177,2022-07-27,13.31000,13.37000,13.14000,13.30000,53300
178,2022-07-26,13.29000,13.35000,13.19000,13.21000,48500
179,2022-07-25,13.24000,13.43000,13.08000,13.30000,71700
180,2022-07-22,13.28000,13.34000,13.15000,13.18000,53700
181,2022-07-21,13.40000,13.53000,13.31000,13.37000,47200
182,2022-07-20,13.45000,13.58000,13.34000,13.50000,48800
183,2022-07-19,13.20000,13.52000,13.20000,13.45000,26300
184,2022-07-18,12.91000,13.20000,12.91000,13.15000,34100
185,2022-07-15,12.98000,13.02000,12.86000,12.90000,47300
186,2022-07-14,12.90000,12.91000,12.75000,12.75000,46000
187,2022-07-13,13.00000,13.09000,12.96000,13.01000,29600
188,2022-07-12,13.03000,13.21000,12.97000,13.06000,51100
189,2022-07-11,13.06000,13.15000,13.06000,13.10000,34700
190,2022-07-08,13.22000,13.24000,13.09000,13.13000,35000
191,2022-07-07,13.34000,13.34000,13.16000,13.17000,35800
192,2022-07-06,13.37000,13.49000,13.22000,13.23000,30700
193,2022-07-05,13.47000,13.58000,13.26000,13.42000,46200
194,2022-07-01,13.66000,13.74000,13.49000,13.66000,41800
195,2022-06-30,13.46000,13.80000,13.42000,13.63000,53600
196,2022-06-29,13.56000,13.63000,13.54000,13.61000,63300
197,2022-06-28,13.60000,13.68000,13.55000,13.60000,65300
198,2022-06-27,14.09000,14.28000,13.59000,13.59000,112900
199,2022-06-24,13.25000,14.21000,13.24000,14.01000,432600
200,2022-06-23,13.33000,13.33000,13.11000,13.24000,68100
201,2022-06-22,13.45000,13.45000,13.15000,13.18000,50400
202,2022-06-21,13.28000,13.32000,13.07000,13.18000,70900
203,2022-06-17,12.73000,13.21000,12.73000,13.19000,288800
204,2022-06-16,12.78000,12.94000,12.75000,12.80000,116300
205,2022-06-15,13.16000,13.25000,12.96000,13.04000,38800
206,2022-06-14,12.96000,13.05000,12.90000,13.01000,41500
207,2022-06-13,12.91000,13.09000,12.86000,12.90000,60400
208,2022-06-10,13.08000,13.11000,13.00000,13.07000,49300
209,2022-06-09,13.35000,13.36000,13.21000,13.22000,40400
210,2022-06-08,13.40000,13.46000,13.35000,13.42000,46900
211,2022-06-07,13.50000,13.59000,13.31000,13.56000,41500
212,2022-06-06,13.34000,13.42000,13.34000,13.39000,28600
213,2022-06-03,13.44000,13.48000,13.27000,13.31000,54100
214,2022-06-02,13.43000,13.60000,13.39000,13.57000,33500
215,2022-06-01,13.50000,13.50000,13.22000,13.43000,47100
216,2022-05-31,13.27000,13.53000,13.20000,13.50000,42100
217,2022-05-27,13.20000,13.36000,13.01000,13.35000,49300
218,2022-05-26,13.13000,13.36000,12.99000,13.11000,50400
219,2022-05-25,13.22000,13.23000,12.91000,13.02000,48400
220,2022-05-24,13.15000,13.15000,12.86000,13.07000,55200
221,2022-05-23,13.12000,13.25000,12.97000,12.99000,45500
222,2022-05-20,12.87000,13.03000,12.82000,12.95000,40000
223,2022-05-19,12.86000,13.02000,12.71000,12.80000,78800
224,2022-05-18,12.99000,13.18000,12.92000,12.97000,57300
225,2022-05-17,13.00000,13.21000,12.96000,13.11000,33700
226,2022-05-16,12.93000,13.79000,12.81000,12.85000,58000
227,2022-05-13,13.10000,13.17000,12.94000,13.05000,40900
228,2022-05-12,13.07000,13.25000,12.94000,13.09000,48900
229,2022-05-11,13.31000,13.39000,13.20000,13.22000,36800
230,2022-05-10,13.34000,13.50000,13.17000,13.29000,32100
231,2022-05-09,13.26000,13.38000,13.18000,13.30000,38600
232,2022-05-06,13.45000,13.45000,13.19000,13.29000,41100
233,2022-05-05,13.50000,13.53000,13.25000,13.34000,37300
234,2022-05-04,13.35000,13.73000,13.35000,13.65000,38800
235,2022-05-03,13.38000,13.56000,13.25000,13.31000,53700
236,2022-05-02,13.63000,13.72000,13.34000,13.40000,78500
237,2022-04-29,13.63000,13.79000,13.56000,13.65000,103900
238,2022-04-28,13.86000,13.88000,13.60000,13.79000,32900
239,2022-04-27,13.58000,13.84000,13.52000,13.65000,54400
240,2022-04-26,13.53000,13.72000,13.52000,13.67000,63800
241,2022-04-25,13.54000,13.80000,13.54000,13.69000,48200
242,2022-04-22,13.81000,13.95000,13.65000,13.66000,40900
243,2022-04-21,14.35000,14.38000,13.89000,13.90000,30500
244,2022-04-20,14.10000,14.33000,14.10000,14.22000,30600
245,2022-04-19,13.89000,14.01000,13.89000,13.97000,21400
246,2022-04-18,13.62000,13.84000,13.62000,13.67000,32700
247,2022-04-14,13.71000,13.78000,13.53000,13.67000,26900
248,2022-04-13,13.58000,13.77000,13.58000,13.71000,40800
249,2022-04-12,13.71000,13.80000,13.61000,13.67000,29200
250,2022-04-11,13.91000,13.91000,13.63000,13.66000,23300
251,2022-04-08,13.65000,13.87000,13.65000,13.74000,41200
252,2022-04-07,13.67000,13.72000,13.52000,13.64000,37500
253,2022-04-06,13.85000,13.86000,13.66000,13.70000,47000
254,2022-04-05,14.00000,14.05000,13.82000,13.85000,42700
255,2022-04-04,13.81000,14.11000,13.71000,14.01000,63300
256,2022-04-01,14.10000,14.10000,13.81000,13.85000,49600
257,2022-03-31,14.02000,14.20000,13.91000,13.98000,95300
258,2022-03-30,14.97000,14.97000,14.06000,14.07000,46200
259,2022-03-29,14.62000,14.71000,14.29000,14.43000,54200
260,2022-03-28,14.27000,14.47000,14.27000,14.46000,78100
261,2022-03-25,14.19000,14.38000,14.10000,14.34000,33900
262,2022-03-24,14.00000,14.13000,13.94000,14.11000,31800
263,2022-03-23,14.19000,14.19000,13.91000,13.95000,30000
264,2022-03-22,14.40000,14.40000,14.13000,14.31000,29600
265,2022-03-21,14.23000,14.41000,14.15000,14.21000,30900
266,2022-03-18,14.30000,14.31000,13.99000,14.25000,95400
267,2022-03-17,14.28000,14.35000,14.24000,14.32000,40200
268,2022-03-16,14.21000,14.50000,14.15000,14.42000,155400
269,2022-03-15,14.40000,14.43000,14.06000,14.07000,78100
270,2022-03-14,14.49000,14.68000,14.23000,14.23000,27500
271,2022-03-11,14.00000,14.38000,14.00000,14.22000,61900
272,2022-03-10,13.95000,14.14000,13.78000,14.02000,30100
273,2022-03-09,14.02000,14.23000,13.95000,14.01000,25200
274,2022-03-08,13.88000,14.12000,13.73000,13.79000,26800
275,2022-03-07,14.27000,14.27000,13.79000,13.83000,44300
276,2022-03-04,14.22000,14.31000,14.13000,14.23000,23500
277,2022-03-03,14.66000,14.66000,14.35000,14.44000,24600
278,2022-03-02,14.20000,14.73000,14.20000,14.55000,31200
279,2022-03-01,14.09000,14.12000,13.88000,14.01000,71300
280,2022-02-28,14.51000,14.58000,14.28000,14.30000,53500
281,2022-02-25,14.41000,14.68000,14.41000,14.62000,20200
282,2022-02-24,14.28000,14.34000,13.91000,14.24000,48200
283,2022-02-23,14.91000,14.91000,14.32000,14.42000,27900
284,2022-02-22,14.51000,14.81000,14.51000,14.64000,26300
285,2022-02-18,14.52000,14.74000,14.52000,14.59000,28400
286,2022-02-17,14.71000,14.81000,14.65000,14.65000,32000
287,2022-02-16,14.71000,14.94000,14.70000,14.85000,38900
288,2022-02-15,14.61000,14.90000,14.60000,14.80000,26700
289,2022-02-14,14.81000,14.81000,14.35000,14.44000,54300
290,2022-02-11,14.59000,14.87000,14.59000,14.72000,34500
291,2022-02-10,14.61000,14.89000,14.56000,14.68000,39500
292,2022-02-09,15.22000,15.26000,14.78000,14.81000,35900
293,2022-02-08,14.94000,15.17000,14.94000,15.17000,22500
294,2022-02-07,14.81000,15.04000,14.79000,14.89000,27400
295,2022-02-04,14.70000,14.96000,14.55000,14.90000,30700
296,2022-02-03,14.78000,15.00000,14.58000,14.79000,34800
297,2022-02-02,14.81000,14.99000,14.78000,14.83000,37200
298,2022-02-01,14.84000,15.17000,14.59000,15.07000,198500
299,2022-01-31,15.19000,15.19000,14.71000,14.86000,127600
300,2022-01-28,15.63000,15.63000,14.80000,15.18000,33800
301,2022-01-27,15.21000,15.32000,14.79000,14.84000,19200
302,2022-01-26,15.79000,16.03000,14.98000,15.22000,41000
303,2022-01-25,15.34000,15.69000,14.98000,15.51000,38300
304,2022-01-24,14.91000,15.58000,14.91000,15.52000,40800
305,2022-01-21,14.90000,15.61000,14.78000,15.09000,45700
306,2022-01-20,15.58000,15.71000,15.04000,15.08000,34300
307,2022-01-19,15.69000,16.00000,15.33000,15.48000,28400
308,2022-01-18,15.81000,16.13000,15.54000,15.68000,40200
309,2022-01-14,15.72000,16.07000,15.72000,16.02000,26800
310,2022-01-13,15.75000,15.92000,15.69000,15.81000,23600
311,2022-01-12,15.24000,15.74000,15.19000,15.60000,36600
312,2022-01-11,15.88000,15.88000,15.61000,15.75000,16100
313,2022-01-10,15.86000,15.88000,15.65000,15.88000,17600
314,2022-01-07,15.99000,16.02000,15.84000,15.91000,26500
315,2022-01-06,15.98000,16.15000,15.93000,16.02000,30700
316,2022-01-05,16.02000,16.04000,15.84000,15.95000,51700
317,2022-01-04,15.50000,16.01000,15.50000,15.85000,83400
318,2022-01-03,15.19000,15.81000,15.13000,15.50000,69400
319,2021-12-31,15.25000,15.25000,14.94000,15.04000,14800
320,2021-12-30,15.17000,15.17000,15.01000,15.01000,15900
321,2021-12-29,15.08000,15.22000,14.87000,15.18000,22800
322,2021-12-28,15.07000,15.36000,14.92000,15.12000,30300
323,2021-12-27,14.85000,15.23000,14.73000,15.13000,45100
324,2021-12-23,14.83000,15.12000,14.74000,14.97000,21000
325,2021-12-22,14.57000,14.82000,14.40000,14.79000,63600
326,2021-12-21,14.34000,14.68000,14.34000,14.65000,67900
327,2021-12-20,14.35000,14.40000,14.00000,14.31000,51400
328,2021-12-17,14.50000,14.52000,14.10000,14.44000,112800
329,2021-12-16,14.74000,14.85000,14.32000,14.50000,44000
330,2021-12-15,14.72000,14.75000,14.39000,14.60000,51500
331,2021-12-14,14.50000,14.89000,14.16000,14.58000,57200
332,2021-12-13,14.79000,14.99000,14.52000,14.56000,28300
333,2021-12-10,14.76000,14.98000,14.70000,14.89000,38200
334,2021-12-09,14.83000,15.13000,14.76000,14.76000,40300
335,2021-12-08,14.96000,15.21000,14.96000,15.00000,37400
336,2021-12-07,15.58000,15.58000,14.73000,15.22000,40300
337,2021-12-06,15.30000,15.69000,15.30000,15.49000,30400
338,2021-12-03,15.35000,15.55000,15.12000,15.21000,29100
339,2021-12-02,15.40000,15.75000,15.20000,15.58000,127500
340,2021-12-01,15.56000,15.78000,15.45000,15.55000,48800
341,2021-11-30,15.35000,15.46000,15.21000,15.28000,59100
342,2021-11-29,15.64000,15.64000,15.30000,15.36000,54600
343,2021-11-26,15.53000,15.65000,14.99000,15.40000,83000
344,2021-11-24,15.72000,15.79000,15.63000,15.76000,22100
345,2021-11-23,15.67000,15.86000,15.59000,15.83000,21700
346,2021-11-22,15.59000,15.85000,15.55000,15.55000,24700
347,2021-11-19,15.61000,15.61000,15.33000,15.39000,22200
348,2021-11-18,15.72000,15.82000,15.57000,15.75000,35500
349,2021-11-17,15.82000,15.82000,15.50000,15.75000,23800
350,2021-11-16,15.87000,15.95000,15.68000,15.91000,40600
351,2021-11-15,16.01000,16.09000,15.95000,15.98000,71000
352,2021-11-12,16.00000,16.08000,15.19000,16.03000,105200
353,2021-11-11,16.08000,16.08000,15.89000,15.91000,18600
354,2021-11-10,15.99000,16.05000,15.91000,15.95000,32300
355,2021-11-09,16.20000,16.54000,15.81000,16.05000,31100
356,2021-11-08,16.17000,16.35000,16.08000,16.34000,67400
357,2021-11-05,15.88000,16.28000,15.88000,16.03000,87800
358,2021-11-04,15.67000,15.77000,15.34000,15.64000,39400
359,2021-11-03,15.34000,16.07000,15.34000,15.78000,105200
360,2021-11-02,15.64000,15.64000,15.39000,15.47000,22700
361,2021-11-01,15.17000,15.60000,15.14000,15.54000,71500
362,2021-10-29,15.37000,15.41000,14.88000,15.15000,60100
363,2021-10-28,14.43000,14.70000,14.43000,14.64000,19600
364,2021-10-27,14.56000,14.56000,14.38000,14.43000,25800
365,2021-10-26,14.68000,14.87000,14.55000,14.59000,71000
366,2021-10-25,15.12000,15.22000,14.29000,14.61000,62000
367,2021-10-22,15.12000,15.35000,15.12000,15.19000,36300
368,2021-10-21,15.03000,15.16000,15.00000,15.10000,23100
369,2021-10-20,14.86000,15.11000,14.86000,15.04000,16600
370,2021-10-19,14.93000,14.93000,14.77000,14.87000,26100
371,2021-10-18,14.94000,15.12000,14.90000,14.95000,33300
372,2021-10-15,15.43000,15.43000,14.94000,15.03000,90800
373,2021-10-14,15.02000,15.10000,14.90000,15.08000,36800
374,2021-10-13,14.96000,14.96000,14.75000,14.81000,26800
375,2021-10-12,14.85000,15.07000,14.79000,15.01000,28500
376,2021-10-11,15.06000,15.24000,14.87000,14.93000,21600
377,2021-10-08,15.03000,15.12000,15.01000,15.08000,18800
378,2021-10-07,14.96000,15.18000,14.96000,15.12000,53000
379,2021-10-06,14.57000,14.90000,14.43000,14.89000,42200
380,2021-10-05,14.84000,14.84000,14.69000,14.72000,20800
381,2021-10-04,14.83000,14.91000,14.63000,14.72000,26500
382,2021-10-01,14.49000,15.00000,14.46000,14.90000,72200
383,2021-09-30,14.71000,14.86000,14.40000,14.46000,46500
384,2021-09-29,14.21000,14.89000,14.21000,14.76000,88300
385,2021-09-28,14.67000,14.68000,14.39000,14.66000,148800
386,2021-09-27,14.26000,14.74000,14.20000,14.60000,55300
387,2021-09-24,14.06000,14.31000,13.94000,14.27000,105000
388,2021-09-23,13.88000,14.28000,13.88000,14.17000,31300
389,2021-09-22,13.70000,13.90000,13.70000,13.84000,30400
390,2021-09-21,13.89000,14.02000,13.55000,13.69000,36900
391,2021-09-20,13.25000,14.04000,13.07000,13.88000,134300
392,2021-09-17,14.03000,14.25000,12.88000,13.01000,679300
393,2021-09-16,14.02000,14.11000,13.83000,13.95000,17900
394,2021-09-15,13.84000,14.10000,13.47000,14.03000,108300
395,2021-09-14,14.09000,14.18000,13.76000,13.86000,28800
396,2021-09-13,13.86000,14.26000,13.86000,14.10000,56600
397,2021-09-10,14.53000,14.53000,14.07000,14.18000,39500
398,2021-09-09,14.80000,14.87000,14.50000,14.50000,39300
399,2021-09-08,14.89000,14.89000,14.65000,14.77000,34900
400,2021-09-07,14.92000,15.01000,14.83000,14.85000,41300
401,2021-09-03,14.86000,14.97000,14.74000,14.95000,26100
402,2021-09-02,14.94000,15.07000,14.87000,14.98000,28500
403,2021-09-01,15.06000,15.57000,14.92000,15.00000,38400
404,2021-08-31,15.37000,15.37000,14.91000,14.99000,32400
405,2021-08-30,15.12000,15.23000,14.82000,14.90000,29800
406,2021-08-27,14.91000,15.46000,14.91000,15.38000,57300
407,2021-08-26,14.90000,15.06000,14.71000,14.81000,37300
408,2021-08-25,14.96000,15.17000,14.89000,14.91000,24200
409,2021-08-24,14.93000,15.11000,14.83000,14.99000,40500
410,2021-08-23,14.95000,15.18000,14.85000,14.98000,33000
411,2021-08-20,14.81000,15.05000,14.53000,14.85000,42600
412,2021-08-19,14.83000,15.03000,14.63000,14.88000,28200
413,2021-08-18,15.09000,15.44000,14.96000,14.96000,33300
414,2021-08-17,15.37000,15.46000,15.02000,15.15000,39100
415,2021-08-16,15.54000,15.64000,15.25000,15.47000,43800
416,2021-08-13,15.95000,15.95000,15.62000,15.65000,23900
417,2021-08-12,16.00000,16.00000,15.79000,15.93000,33300
418,2021-08-11,16.00000,16.05000,15.86000,16.05000,32400
419,2021-08-10,15.88000,16.02000,15.79000,16.02000,25400
420,2021-08-09,16.04000,16.17000,15.88000,15.89000,25300
421,2021-08-06,15.99000,16.19000,15.93000,16.04000,62300
422,2021-08-05,15.74000,15.93000,15.67000,15.93000,37300
423,2021-08-04,15.53000,15.76000,15.50000,15.64000,83400
424,2021-08-03,15.61000,15.72000,15.48000,15.65000,66800
425,2021-08-02,15.69000,15.92000,15.49000,15.57000,70600
426,2021-07-30,15.66000,15.84000,15.50000,15.55000,46200
427,2021-07-29,15.49000,15.62000,15.35000,15.57000,24800
428,2021-07-28,15.37000,15.52000,15.14000,15.44000,49700
429,2021-07-27,15.25000,15.34000,15.11000,15.30000,72100
430,2021-07-26,15.30000,15.51000,15.26000,15.31000,43100
431,2021-07-23,15.32000,15.45000,15.22000,15.29000,65700
432,2021-07-22,15.26000,15.33000,15.08000,15.24000,68800
433,2021-07-21,15.40000,15.51000,15.23000,15.26000,40400
434,2021-07-20,14.86000,15.43000,14.86000,15.11000,73900
435,2021-07-19,15.00000,15.03000,14.76000,14.84000,94000
436,2021-07-16,15.20000,15.28000,15.18000,15.20000,75200
437,2021-07-15,15.00000,15.22000,14.98000,15.10000,43000
438,2021-07-14,15.00000,15.16000,14.96000,15.04000,80000
439,2021-07-13,15.00000,15.27000,14.80000,14.95000,82200
440,2021-07-12,14.76000,15.02000,14.66000,15.01000,27700
441,2021-07-09,14.70000,14.95000,14.36000,14.85000,62000
442,2021-07-08,14.52000,14.86000,14.30000,14.52000,65800
443,2021-07-07,14.80000,14.88000,14.60000,14.75000,61700
444,2021-07-06,15.21000,15.21000,14.74000,14.87000,113200
445,2021-07-02,15.29000,15.31000,15.20000,15.23000,49800
446,2021-07-01,15.28000,15.45000,15.25000,15.34000,52100
447,2021-06-30,15.35000,15.40000,15.20000,15.26000,213800
448,2021-06-29,15.48000,15.48000,15.32000,15.33000,84800
449,2021-06-28,15.39000,15.39000,15.09000,15.37000,109900
450,2021-06-25,15.56000,15.65000,15.20000,15.21000,541000
451,2021-06-24,15.49000,15.60000,15.40000,15.52000,81900
452,2021-06-23,15.52000,15.58000,15.43000,15.45000,85600
453,2021-06-22,15.45000,15.58000,15.29000,15.57000,96400
454,2021-06-21,15.14000,15.56000,15.05000,15.45000,97800
455,2021-06-18,15.50000,15.50000,14.97000,15.10000,392300
456,2021-06-17,15.52000,15.83000,15.47000,15.52000,129200
457,2021-06-16,15.68000,15.74000,15.50000,15.70000,129900
458,2021-06-15,15.47000,15.82000,15.47000,15.65000,59000
459,2021-06-14,15.50000,15.56000,15.45000,15.54000,68200
460,2021-06-11,15.49000,15.57000,15.37000,15.50000,145200
461,2021-06-10,15.51000,15.56000,15.45000,15.51000,67900
462,2021-06-09,15.60000,15.60000,15.31000,15.50000,58400
463,2021-06-08,15.73000,15.82000,15.50000,15.69000,58500
464,2021-06-07,15.64000,15.64000,15.40000,15.51000,52500
465,2021-06-04,15.50000,15.56000,15.32000,15.51000,72000
466,2021-06-03,15.15000,15.56000,15.11000,15.50000,102300
467,2021-06-02,15.15000,15.20000,15.10000,15.17000,77500
468,2021-06-01,14.87000,15.21000,14.84000,15.17000,82300
469,2021-05-28,14.74000,14.78000,14.59000,14.73000,49700
470,2021-05-27,14.92000,15.18000,14.74000,14.74000,93900
471,2021-05-26,14.82000,14.90000,14.72000,14.78000,52500
472,2021-05-25,14.94000,15.06000,14.81000,14.84000,157000
473,2021-05-24,15.00000,15.06000,14.86000,14.92000,59500
474,2021-05-21,14.92000,15.03000,14.73000,14.93000,43200
475,2021-05-20,14.91000,14.91000,14.53000,14.71000,61900
476,2021-05-19,14.85000,15.00000,14.60000,14.90000,70100
477,2021-05-18,15.02000,15.09000,14.97000,15.00000,69300
478,2021-05-17,14.66000,15.10000,14.66000,15.01000,55400
479,2021-05-14,14.81000,15.04000,14.67000,15.00000,107900
480,2021-05-13,13.94000,14.71000,13.94000,14.59000,60900
481,2021-05-12,14.23000,14.74000,14.00000,14.07000,84200
482,2021-05-11,13.85000,14.35000,13.14000,14.14000,65800
483,2021-05-10,14.76000,14.85000,14.25000,14.29000,108200
484,2021-05-07,14.60000,14.81000,14.52000,14.66000,42000
485,2021-05-06,14.55000,14.84000,14.36000,14.75000,62100
486,2021-05-05,14.74000,14.75000,14.48000,14.56000,56600
487,2021-05-04,14.63000,14.79000,14.45000,14.51000,52300
488,2021-05-03,14.46000,14.82000,14.46000,14.65000,60300
489,2021-04-30,14.25000,14.51000,14.10000,14.35000,83100
490,2021-04-29,14.08000,14.43000,14.08000,14.25000,39200
491,2021-04-28,14.47000,14.50000,14.03000,14.08000,46300
492,2021-04-27,14.41000,14.50000,14.21000,14.37000,57300
493,2021-04-26,14.53000,14.72000,14.39000,14.41000,47500
494,2021-04-23,14.32000,14.87000,14.26000,14.51000,84100
495,2021-04-22,14.73000,14.73000,14.15000,14.20000,52700
496,2021-04-21,14.32000,14.64000,14.15000,14.61000,53900
497,2021-04-20,14.84000,14.89000,14.31000,14.32000,65000
498,2021-04-19,14.92000,15.23000,14.73000,14.90000,103800
499,2021-04-16,15.18000,15.18000,14.85000,14.96000,45600
500,2021-04-15,15.35000,15.35000,14.80000,15.00000,61100
501,2021-04-14,15.00000,15.17000,14.99000,15.03000,63300
502,2021-04-13,15.24000,15.24000,14.80000,15.03000,46400
503,2021-04-12,15.46000,15.46000,15.19000,15.37000,65700
504,2021-04-09,15.46000,15.74000,15.36000,15.55000,84700
505,2021-04-08,15.38000,15.89000,15.12000,15.36000,88500
506,2021-04-07,15.53000,15.53000,15.08000,15.39000,116000
507,2021-04-06,15.38000,15.50000,15.20000,15.43000,94200
508,2021-04-05,15.40000,15.57000,15.04000,15.50000,87700
509,2021-04-01,14.63000,15.24000,14.60000,15.06000,110200
510,2021-03-31,14.70000,15.25000,14.00000,14.54000,179800
511,2021-03-30,14.89000,15.21000,14.87000,15.09000,59700
512,2021-03-29,15.23000,15.34000,14.79000,14.82000,53600
513,2021-03-26,15.44000,15.48000,15.17000,15.44000,44300
514,2021-03-25,14.33000,15.13000,14.30000,15.04000,122800
515,2021-03-24,14.60000,15.17000,14.40000,14.40000,107200
516,2021-03-23,15.00000,15.14000,14.36000,14.45000,58800
517,2021-03-22,15.31000,15.46000,14.75000,15.01000,60400
518,2021-03-19,15.81000,15.83000,15.08000,15.46000,336800
519,2021-03-18,15.70000,16.03000,15.57000,15.68000,87100
520,2021-03-17,15.64000,15.92000,15.39000,15.59000,65800
521,2021-03-16,15.62000,15.73000,15.31000,15.56000,65600
522,2021-03-15,15.57000,15.95000,15.57000,15.73000,58500
523,2021-03-12,15.80000,16.00000,15.76000,15.97000,90300
524,2021-03-11,15.87000,15.87000,15.59000,15.80000,92400
525,2021-03-10,15.51000,15.92000,14.78000,15.77000,97300
526,2021-03-09,15.83000,15.87000,15.29000,15.51000,97000
527,2021-03-08,16.13000,16.13000,15.76000,15.93000,157300
528,2021-03-05,16.00000,16.32000,15.56000,15.75000,85100
529,2021-03-04,15.29000,15.76000,15.19000,15.68000,185100
530,2021-03-03,14.85000,15.34000,14.85000,15.13000,120800
531,2021-03-02,14.57000,14.76000,14.54000,14.76000,77000
532,2021-03-01,14.50000,14.56000,14.21000,14.54000,103600
533,2021-02-26,14.06000,14.42000,13.90000,14.20000,140500
534,2021-02-25,14.30000,14.39000,14.05000,14.25000,143500
535,2021-02-24,13.69000,14.37000,13.66000,14.22000,112900
536,2021-02-23,13.92000,13.99000,13.17000,13.46000,122600
537,2021-02-22,13.40000,13.83000,13.40000,13.67000,82100
538,2021-02-19,13.09000,13.48000,13.09000,13.39000,67700
539,2021-02-18,13.28000,13.50000,13.06000,13.06000,130300
540,2021-02-17,12.81000,12.96000,12.80000,12.92000,98200
541,2021-02-16,12.79000,13.00000,12.43000,12.91000,107900
542,2021-02-12,12.44000,12.63000,12.30000,12.63000,50500
543,2021-02-11,12.72000,12.79000,12.27000,12.52000,58000
544,2021-02-10,12.98000,13.08000,12.77000,12.81000,33100
545,2021-02-09,13.04000,13.06000,12.84000,12.99000,46600
546,2021-02-08,12.66000,13.14000,12.61000,13.04000,93900
547,2021-02-05,13.11000,13.11000,12.43000,12.73000,39800
548,2021-02-04,12.55000,12.73000,12.46000,12.62000,34500
549,2021-02-03,12.15000,12.48000,11.93000,12.42000,49500
550,2021-02-02,12.00000,12.24000,11.90000,12.18000,82600
551,2021-02-01,12.07000,12.07000,11.64000,11.90000,52500
552,2021-01-29,12.10000,12.15000,11.77000,12.07000,82600
553,2021-01-28,12.09000,12.09000,11.81000,11.99000,47600
554,2021-01-27,12.04000,12.09000,11.60000,11.93000,127700
555,2021-01-26,12.76000,12.76000,12.36000,12.40000,45900
556,2021-01-25,12.62000,12.72000,12.34000,12.58000,52600
557,2021-01-22,12.22000,12.80000,12.15000,12.78000,91100
558,2021-01-21,12.74000,12.74000,12.34000,12.34000,81300
559,2021-01-20,12.70000,12.94000,12.61000,12.74000,96000
560,2021-01-19,12.92000,14.05000,12.57000,12.73000,61600
561,2021-01-15,12.19000,12.82000,12.19000,12.70000,45800
562,2021-01-14,12.71000,13.13000,12.71000,12.95000,64700
563,2021-01-13,12.86000,12.97000,12.68000,12.86000,54900
564,2021-01-12,13.04000,13.10000,12.83000,13.05000,76500
565,2021-01-11,12.63000,12.80000,12.53000,12.73000,67300
566,2021-01-08,12.96000,12.96000,12.37000,12.71000,61500
567,2021-01-07,13.19000,13.19000,12.62000,13.04000,58300
568,2021-01-06,12.36000,13.13000,12.36000,12.98000,89400
569,2021-01-05,11.94000,12.28000,11.86000,12.08000,55700
570,2021-01-04,12.22000,12.30000,11.80000,11.97000,63800
571,2020-12-31,11.95000,12.18000,11.91000,12.11000,36000
572,2020-12-30,11.89000,12.13000,11.85000,12.00000,29200
573,2020-12-29,12.31000,12.31000,11.83000,11.89000,48600
574,2020-12-28,12.11000,12.36000,12.11000,12.29000,54700
575,2020-12-24,12.62000,12.62000,12.03000,12.11000,30200
576,2020-12-23,11.93000,12.17000,11.76000,12.14000,117800
577,2020-12-22,11.97000,12.28000,11.67000,11.78000,63500
578,2020-12-21,11.90000,11.99000,11.75000,11.89000,143300
579,2020-12-18,12.30000,12.49000,11.85000,11.90000,232700
580,2020-12-17,12.20000,12.50000,11.76000,12.09000,120200
581,2020-12-16,11.51000,11.72000,11.44000,11.65000,194700
582,2020-12-15,11.33000,11.75000,11.21000,11.56000,56800
583,2020-12-14,11.45000,11.47000,11.15000,11.29000,110800
584,2020-12-11,11.78000,11.91000,11.14000,11.23000,134700
585,2020-12-10,11.45000,11.67000,11.39000,11.65000,44500
586,2020-12-09,11.67000,11.71000,11.32000,11.63000,78200
587,2020-12-08,11.27000,11.57000,11.27000,11.53000,74100
588,2020-12-07,11.60000,11.60000,11.27000,11.38000,55200
589,2020-12-04,11.42000,11.61000,11.28000,11.59000,76700
590,2020-12-03,11.33000,11.44000,11.16000,11.21000,52300
591,2020-12-02,11.09000,11.37000,11.09000,11.34000,92000
592,2020-12-01,10.97000,11.22000,10.93000,11.05000,42600
593,2020-11-30,11.16000,11.31000,10.88000,10.94000,79200
594,2020-11-27,11.49000,11.49000,11.12000,11.37000,28700
595,2020-11-25,11.86000,11.86000,11.47000,11.54000,81000
596,2020-11-24,11.29000,12.05000,11.29000,11.98000,107700
597,2020-11-23,11.05000,11.39000,11.05000,11.27000,81800
598,2020-11-20,10.91000,11.08000,10.77000,11.02000,73400
599,2020-11-19,11.24000,11.63000,10.90000,11.09000,61500
600,2020-11-18,11.47000,11.86000,11.33000,11.33000,56600
601,2020-11-17,11.80000,12.07000,11.05000,11.47000,537200
602,2020-11-16,11.72000,11.85000,11.62000,11.82000,39700
603,2020-11-13,11.06000,11.52000,10.93000,11.39000,26400
604,2020-11-12,11.43000,11.43000,11.07000,11.12000,32700
605,2020-11-11,11.91000,12.24000,11.28000,11.45000,33700
606,2020-11-10,11.87000,12.34000,11.79000,11.89000,103700
607,2020-11-09,10.65000,11.99000,10.65000,11.71000,112300
608,2020-11-06,10.20000,10.20000,9.85000,9.94000,582900
609,2020-11-05,9.70000,10.30000,9.70000,10.23000,36500
610,2020-11-04,10.20000,10.20000,9.74000,9.81000,45200
611,2020-11-03,10.03000,10.31000,9.98000,10.26000,44500
612,2020-11-02,9.72000,9.87000,9.70000,9.81000,35400
613,2020-10-30,9.78000,9.88000,9.54000,9.66000,48200
614,2020-10-29,9.52000,9.80000,9.44000,9.77000,38200
615,2020-10-28,9.82000,10.40000,9.57000,9.59000,79400
616,2020-10-27,10.23000,10.31000,9.83000,10.01000,92400
617,2020-10-26,9.97000,10.31000,9.96000,10.22000,68300
618,2020-10-23,9.95000,10.04000,9.63000,10.01000,73200
619,2020-10-22,9.80000,9.97000,9.51000,9.90000,100900
620,2020-10-21,9.66000,9.80000,9.66000,9.72000,34300
621,2020-10-20,9.89000,9.97000,9.64000,9.71000,57100
622,2020-10-19,9.83000,9.86000,9.76000,9.79000,21700
623,2020-10-16,9.51000,9.80000,9.50000,9.79000,33300
624,2020-10-15,9.72000,9.95000,9.50000,9.55000,93500
625,2020-10-14,9.74000,9.93000,9.70000,9.83000,79900
626,2020-10-13,9.81000,9.83000,9.58000,9.80000,83400
627,2020-10-12,9.75000,9.92000,9.75000,9.91000,51800
628,2020-10-09,10.05000,10.05000,9.81000,9.91000,30300
629,2020-10-08,9.88000,9.99000,9.72000,9.96000,44800
630,2020-10-07,9.63000,9.81000,9.63000,9.77000,44900
631,2020-10-06,9.60000,9.83000,9.38000,9.50000,55200
632,2020-10-05,8.90000,9.47000,8.90000,9.47000,45900
633,2020-10-02,8.71000,9.28000,8.66000,9.23000,93000
634,2020-10-01,8.73000,8.84000,8.58000,8.80000,146100
635,2020-09-30,8.59000,8.73000,8.57000,8.68000,61100
636,2020-09-29,8.60000,8.63000,8.45000,8.57000,109100
637,2020-09-28,8.52000,8.78000,8.52000,8.63000,62700
638,2020-09-25,8.25000,8.43000,8.24000,8.41000,70800
639,2020-09-24,8.29000,8.49000,8.23000,8.27000,63600
640,2020-09-23,8.38000,8.51000,8.22000,8.25000,103800
641,2020-09-22,8.70000,8.70000,8.27000,8.40000,155800
642,2020-09-21,8.66000,8.72000,8.52000,8.67000,204500
643,2020-09-18,8.96000,8.99000,8.74000,8.91000,193200
644,2020-09-17,8.78000,8.89000,8.73000,8.89000,129000
645,2020-09-16,8.72000,8.88000,8.62000,8.88000,225300
646,2020-09-15,8.75000,8.78000,8.64000,8.69000,66500
647,2020-09-14,8.90000,8.97000,8.70000,8.71000,54400
648,2020-09-11,8.95000,8.95000,8.66000,8.84000,64800
649,2020-09-10,9.07000,9.07000,8.90000,8.96000,43400
650,2020-09-09,9.04000,9.08000,8.90000,8.98000,84300
651,2020-09-08,9.00000,9.16000,8.78000,8.97000,53900
652,2020-09-04,9.05000,9.07000,8.64000,9.04000,78200
653,2020-09-03,8.55000,8.97000,8.55000,8.81000,63200
654,2020-09-02,8.57000,8.62000,8.48000,8.60000,44300
655,2020-09-01,8.59000,8.61000,8.47000,8.61000,79700
656,2020-08-31,8.97000,8.99000,8.48000,8.55000,87500
657,2020-08-28,8.77000,8.87000,8.48000,8.87000,51200
658,2020-08-27,8.51000,8.73000,8.51000,8.66000,69200
659,2020-08-26,8.75000,8.75000,8.47000,8.57000,91900
660,2020-08-25,8.88000,8.97000,8.67000,8.77000,36700
661,2020-08-24,8.51000,8.89000,8.47000,8.88000,56100
662,2020-08-21,8.57000,8.61000,8.33000,8.39000,153200
663,2020-08-20,8.57000,8.66000,8.57000,8.62000,40900
664,2020-08-19,8.79000,8.83000,8.63000,8.70000,49800
665,2020-08-18,8.96000,8.98000,8.65000,8.68000,34400
666,2020-08-17,9.02000,9.02000,8.88000,8.96000,53700
667,2020-08-14,8.86000,9.15000,8.86000,9.13000,47400
668,2020-08-13,9.12000,9.22000,8.89000,8.96000,46700
669,2020-08-12,9.54000,9.54000,9.07000,9.25000,51200
670,2020-08-11,9.27000,9.54000,9.25000,9.32000,85200
671,2020-08-10,9.05000,9.31000,9.05000,9.14000,95300
672,2020-08-07,8.66000,9.09000,8.54000,9.04000,45900
673,2020-08-06,8.53000,8.78000,8.50000,8.73000,77900
674,2020-08-05,8.49000,8.59000,8.39000,8.58000,64800
675,2020-08-04,8.44000,8.49000,8.28000,8.36000,66200
676,2020-08-03,8.49000,8.58000,8.35000,8.48000,62400
677,2020-07-31,8.40000,8.48000,8.24000,8.42000,98000
678,2020-07-30,8.29000,8.57000,8.22000,8.51000,47500
679,2020-07-29,8.64000,8.86000,8.02000,8.53000,294900
680,2020-07-28,8.56000,8.79000,8.19000,8.25000,95500
681,2020-07-27,8.76000,8.91000,8.39000,8.47000,56800
682,2020-07-24,9.15000,9.15000,8.81000,8.82000,42400
683,2020-07-23,8.71000,9.19000,8.71000,9.15000,85300
684,2020-07-22,8.90000,8.93000,8.67000,8.79000,81300
685,2020-07-21,8.65000,9.00000,8.65000,8.88000,58800
686,2020-07-20,8.72000,8.80000,8.50000,8.52000,40700
687,2020-07-17,9.24000,9.24000,8.80000,8.80000,59200
688,2020-07-16,9.28000,9.41000,9.09000,9.19000,34500
689,2020-07-15,9.20000,9.39000,9.07000,9.30000,55600
690,2020-07-14,8.99000,9.06000,8.71000,8.86000,85200
691,2020-07-13,8.93000,9.11000,8.66000,8.97000,123800
692,2020-07-10,8.25000,8.79000,8.24000,8.77000,268500
693,2020-07-09,8.59000,8.75000,8.13000,8.28000,104400
694,2020-07-08,8.65000,8.85000,8.32000,8.64000,155200
695,2020-07-07,8.86000,8.94000,8.61000,8.69000,138000
696,2020-07-06,9.20000,9.35000,8.95000,9.03000,83100
697,2020-07-02,9.36000,9.39000,8.94000,8.98000,68700
698,2020-07-01,9.69000,9.69000,8.89000,9.06000,81700
699,2020-06-30,9.32000,9.71000,9.28000,9.69000,74800
700,2020-06-29,9.01000,9.45000,8.94000,9.44000,69800
701,2020-06-26,9.18000,9.18000,8.79000,8.81000,222700
702,2020-06-25,9.05000,9.41000,9.00000,9.41000,54900
703,2020-06-24,9.38000,9.38000,9.06000,9.11000,77800
704,2020-06-23,9.88000,9.88000,9.50000,9.58000,28800
705,2020-06-22,9.45000,9.70000,9.35000,9.69000,80800
706,2020-06-19,9.77000,9.87000,9.45000,9.69000,119200
707,2020-06-18,9.47000,9.77000,9.43000,9.66000,37800
708,2020-06-17,10.19000,10.19000,9.61000,9.62000,81700
709,2020-06-16,10.21000,10.37000,9.96000,10.16000,70400
710,2020-06-15,9.10000,9.93000,8.54000,9.73000,92400
711,2020-06-12,9.54000,9.89000,9.19000,9.57000,77700
712,2020-06-11,9.70000,9.92000,9.05000,9.06000,95300
713,2020-06-10,11.37000,11.37000,10.35000,10.36000,68200
714,2020-06-09,11.74000,11.74000,11.32000,11.48000,139200
715,2020-06-08,11.92000,11.99000,11.36000,11.73000,125000
716,2020-06-05,11.46000,11.84000,11.26000,11.54000,90800
717,2020-06-04,10.46000,10.70000,10.31000,10.70000,69000
718,2020-06-03,10.26000,10.79000,10.20000,10.55000,70000
719,2020-06-02,9.90000,10.03000,9.58000,9.95000,76400
720,2020-06-01,10.17000,10.18000,9.78000,9.79000,88100
721,2020-05-29,10.37000,10.57000,9.97000,10.06000,106500
722,2020-05-28,11.00000,11.05000,10.42000,10.47000,141000
723,2020-05-27,9.99000,11.04000,9.99000,10.99000,125300
724,2020-05-26,10.07000,10.43000,9.57000,10.08000,147700
725,2020-05-22,9.96000,10.22000,9.48000,9.49000,119300
726,2020-05-21,9.71000,9.99000,9.70000,9.85000,121100
727,2020-05-20,9.42000,9.78000,9.42000,9.71000,93300
728,2020-05-19,9.49000,9.60000,9.04000,9.15000,88500
729,2020-05-18,8.67000,9.69000,8.67000,9.57000,111900
730,2020-05-15,8.19000,8.50000,7.90000,8.47000,88800
731,2020-05-14,8.01000,8.26000,7.58000,8.14000,82300
732,2020-05-13,8.62000,8.82000,8.03000,8.26000,68500
733,2020-05-12,9.45000,9.45000,8.69000,8.74000,84100
734,2020-05-11,9.67000,9.73000,9.18000,9.26000,100900
735,2020-05-08,9.51000,10.01000,9.48000,9.94000,118800
736,2020-05-07,9.41000,9.51000,9.21000,9.36000,95800
737,2020-05-06,9.56000,9.73000,9.22000,9.25000,74000
738,2020-05-05,10.19000,10.19000,9.48000,9.54000,88500
739,2020-05-04,9.91000,10.14000,9.60000,9.88000,63500
740,2020-05-01,9.77000,10.20000,9.69000,10.10000,174700
741,2020-04-30,10.50000,10.59000,9.90000,10.07000,100000
742,2020-04-29,10.57000,11.06000,10.16000,10.97000,206100
743,2020-04-28,10.19000,10.36000,9.80000,10.07000,86200
744,2020-04-27,9.19000,9.83000,9.19000,9.78000,102700
745,2020-04-24,8.97000,9.07000,8.67000,9.00000,48000
746,2020-04-23,8.83000,9.17000,8.74000,9.04000,59000
747,2020-04-22,9.40000,9.54000,8.77000,8.82000,85700
748,2020-04-21,8.97000,9.37000,8.89000,9.27000,104300
749,2020-04-20,9.10000,9.46000,8.90000,9.35000,120500
750,2020-04-17,8.78000,9.41000,8.74000,9.36000,124300
751,2020-04-16,8.51000,9.31000,7.94000,8.58000,132500
752,2020-04-15,9.16000,9.48000,8.52000,8.57000,95900
753,2020-04-14,10.50000,10.50000,9.29000,9.66000,68300
754,2020-04-13,10.34000,10.34000,9.89000,10.06000,54000
755,2020-04-09,9.52000,10.61000,9.40000,10.45000,89800
756,2020-04-08,9.21000,10.13000,8.84000,9.36000,99400
757,2020-04-07,9.08000,9.29000,8.68000,8.88000,101700
758,2020-04-06,8.71000,8.96000,8.65000,8.78000,69900
759,2020-04-03,8.81000,9.13000,8.15000,8.30000,53400
760,2020-04-02,8.96000,9.39000,8.57000,8.98000,71700
761,2020-04-01,9.16000,9.42000,8.84000,9.04000,79300
762,2020-03-31,9.68000,9.98000,8.70000,9.84000,80300
763,2020-03-30,9.78000,9.88000,9.29000,9.76000,60000
764,2020-03-27,9.86000,9.96000,9.50000,9.70000,93900
765,2020-03-26,9.56000,10.19000,9.37000,10.18000,92100
766,2020-03-25,9.29000,9.80000,8.82000,9.31000,108000
767,2020-03-24,8.90000,9.32000,8.72000,9.30000,85000
768,2020-03-23,8.77000,8.90000,7.96000,8.47000,98400
769,2020-03-20,9.22000,9.42000,8.50000,8.57000,125100
770,2020-03-19,7.89000,9.92000,7.89000,9.28000,92600
771,2020-03-18,10.06000,10.22000,7.88000,7.88000,88500
772,2020-03-17,9.73000,10.40000,9.33000,10.38000,117200
773,2020-03-16,10.11000,10.25000,9.51000,9.58000,105100
774,2020-03-13,10.96000,11.57000,10.55000,11.54000,146600
775,2020-03-12,11.08000,11.64000,10.40000,10.43000,127700
776,2020-03-11,11.90000,12.20000,11.53000,11.58000,142800
777,2020-03-10,12.16000,12.86000,11.87000,12.20000,88500
778,2020-03-09,13.06000,13.06000,11.84000,11.88000,89200
779,2020-03-06,13.77000,13.98000,13.37000,13.67000,129400
780,2020-03-05,14.31000,14.32000,13.88000,14.07000,68700
781,2020-03-04,14.65000,14.65000,14.25000,14.51000,45800
782,2020-03-03,14.68000,14.76000,14.30000,14.44000,74900
783,2020-03-02,14.21000,14.89000,14.09000,14.72000,57800
784,2020-02-28,14.61000,14.84000,13.91000,14.19000,182800
785,2020-02-27,15.15000,15.49000,14.95000,14.95000,134100
786,2020-02-26,15.25000,15.32000,15.07000,15.27000,140400
787,2020-02-25,15.26000,15.29000,14.99000,15.08000,212600
788,2020-02-24,14.97000,15.23000,14.91000,15.16000,259500
789,2020-02-21,15.30000,15.35000,15.19000,15.25000,128300
790,2020-02-20,15.75000,15.75000,15.00000,15.28000,208300
791,2020-02-19,15.82000,15.97000,15.82000,15.85000,35000
792,2020-02-18,15.93000,15.93000,15.67000,15.77000,30900
793,2020-02-14,16.15000,16.37000,15.89000,15.93000,26900
794,2020-02-13,15.94000,16.19000,15.94000,16.14000,29900
795,2020-02-12,16.09000,16.41000,15.95000,16.10000,46000
796,2020-02-11,15.98000,16.17000,15.90000,16.00000,43300
797,2020-02-10,15.87000,15.97000,15.83000,15.91000,26400
798,2020-02-07,16.05000,16.26000,15.89000,15.91000,33500
799,2020-02-06,16.10000,16.18000,15.99000,16.09000,56900
800,2020-02-05,15.80000,16.08000,15.72000,16.07000,30800
801,2020-02-04,15.89000,15.98000,15.72000,15.75000,28700
802,2020-02-03,15.67000,15.83000,15.57000,15.68000,56200
803,2020-01-31,15.24000,15.61000,15.08000,15.53000,95900
804,2020-01-30,15.01000,15.23000,15.00000,15.23000,63700
805,2020-01-29,15.31000,15.31000,15.02000,15.10000,58300
806,2020-01-28,15.36000,15.39000,15.22000,15.34000,60300
807,2020-01-27,15.23000,15.38000,15.06000,15.27000,50100
808,2020-01-24,15.63000,15.63000,15.40000,15.40000,53100
809,2020-01-23,15.42000,15.66000,15.40000,15.57000,59300
810,2020-01-22,15.57000,15.59000,15.38000,15.51000,36000
811,2020-01-21,15.73000,15.73000,15.48000,15.56000,39700
812,2020-01-17,15.90000,15.92000,15.75000,15.81000,51400
813,2020-01-16,15.76000,15.89000,15.60000,15.82000,82200
814,2020-01-15,15.73000,16.09000,15.56000,15.68000,35500
815,2020-01-14,15.86000,15.89000,15.73000,15.77000,66200
816,2020-01-13,15.85000,15.95000,15.82000,15.91000,31500
817,2020-01-10,15.94000,15.99000,15.80000,15.89000,36700
818,2020-01-09,16.02000,16.18000,15.93000,15.98000,30200
819,2020-01-08,16.01000,16.10000,15.85000,16.03000,38000
820,2020-01-07,16.11000,16.15000,15.88000,16.00000,47200
821,2020-01-06,16.06000,16.34000,16.06000,16.19000,38200
822,2020-01-03,16.10000,16.36000,16.08000,16.25000,35600
823,2020-01-02,16.40000,16.40000,16.13000,16.24000,34600
824,2019-12-31,16.64000,16.73000,16.33000,16.35000,30400
825,2019-12-30,16.38000,16.43000,16.27000,16.35000,33000
826,2019-12-27,16.47000,16.47000,16.34000,16.39000,48500
827,2019-12-26,16.45000,16.49000,16.39000,16.40000,21800
828,2019-12-24,16.54000,16.55000,16.49000,16.50000,11000
829,2019-12-23,16.72000,16.72000,16.57000,16.58000,47400
830,2019-12-20,16.74000,16.75000,16.62000,16.71000,120800
831,2019-12-19,16.74000,16.81000,16.68000,16.72000,55200
832,2019-12-18,16.63000,16.85000,16.63000,16.71000,41400
833,2019-12-17,16.61000,16.71000,16.61000,16.69000,45600
834,2019-12-16,16.50000,16.70000,16.50000,16.61000,81400
835,2019-12-13,16.40000,16.49000,16.26000,16.46000,84100
836,2019-12-12,16.24000,16.41000,16.22000,16.40000,127200
837,2019-12-11,16.17000,16.25000,16.10000,16.23000,104900
838,2019-12-10,16.17000,16.20000,16.14000,16.14000,60400
839,2019-12-09,16.16000,16.25000,16.09000,16.18000,61300
840,2019-12-06,16.12000,16.23000,16.10000,16.18000,80400
841,2019-12-05,15.96000,16.08000,15.92000,16.03000,151300
842,2019-12-04,15.74000,16.02000,15.74000,15.98000,149800
843,2019-12-03,15.76000,15.79000,15.48000,15.68000,51700
844,2019-12-02,15.96000,15.99000,15.82000,15.86000,40100
845,2019-11-29,15.87000,15.97000,15.87000,15.93000,19100
846,2019-11-27,15.87000,15.96000,15.82000,15.91000,31000
847,2019-11-26,15.80000,15.94000,15.65000,15.78000,47800
848,2019-11-25,15.62000,15.97000,15.62000,15.87000,78700
849,2019-11-22,15.65000,15.67000,15.46000,15.65000,56400
850,2019-11-21,15.80000,15.80000,15.47000,15.55000,219300
851,2019-11-20,15.84000,16.01000,15.75000,15.75000,83600
852,2019-11-19,16.00000,16.00000,15.86000,15.90000,52700
853,2019-11-18,15.83000,16.01000,15.75000,15.92000,57800
854,2019-11-15,15.89000,16.03000,15.77000,15.86000,34600
855,2019-11-14,15.76000,15.92000,15.74000,15.79000,31600
856,2019-11-13,15.73000,15.84000,15.72000,15.81000,32700
857,2019-11-12,16.04000,16.05000,15.86000,15.87000,63500
858,2019-11-11,15.84000,16.05000,15.84000,15.95000,209600
859,2019-11-08,15.85000,15.92000,15.79000,15.85000,51100
860,2019-11-07,15.85000,16.00000,15.80000,15.86000,158700
861,2019-11-06,15.79000,15.90000,15.79000,15.84000,43300
862,2019-11-05,15.94000,16.04000,15.66000,15.95000,36500
863,2019-11-04,15.84000,15.99000,15.80000,15.86000,50600
864,2019-11-01,15.81000,16.05000,15.79000,15.83000,36800
865,2019-10-31,15.77000,15.98000,15.53000,15.84000,53300
866,2019-10-30,15.61000,15.98000,15.55000,15.81000,119600
867,2019-10-29,15.39000,15.71000,15.39000,15.60000,67100
868,2019-10-28,15.51000,15.77000,15.45000,15.49000,25100
869,2019-10-25,15.44000,15.71000,15.34000,15.52000,27800
870,2019-10-24,15.33000,15.38000,15.30000,15.38000,26900
871,2019-10-23,15.46000,15.53000,15.40000,15.51000,30600
872,2019-10-22,15.50000,15.70000,15.48000,15.55000,29300
873,2019-10-21,15.40000,15.65000,15.40000,15.56000,88200
874,2019-10-18,15.26000,15.43000,15.26000,15.39000,31600
875,2019-10-17,15.36000,15.38000,15.21000,15.37000,23100
876,2019-10-16,15.32000,15.50000,15.23000,15.30000,19700
877,2019-10-15,15.20000,15.50000,15.12000,15.40000,42400
878,2019-10-14,15.08000,15.23000,15.02000,15.22000,26800
879,2019-10-11,15.07000,15.30000,15.07000,15.21000,42600
880,2019-10-10,15.00000,15.14000,14.86000,15.00000,47800
881,2019-10-09,15.12000,15.12000,14.95000,15.00000,20200
882,2019-10-08,15.00000,15.07000,14.85000,14.99000,47600
883,2019-10-07,14.99000,15.20000,14.99000,15.09000,27100
884,2019-10-04,15.07000,15.15000,14.95000,15.14000,28100
885,2019-10-03,15.09000,15.13000,14.85000,15.08000,25600
886,2019-10-02,14.99000,15.18000,14.81000,15.13000,64000
887,2019-10-01,15.47000,15.60000,15.01000,15.07000,34600
888,2019-09-30,15.49000,15.49000,15.34000,15.39000,46300
889,2019-09-27,15.39000,15.49000,15.32000,15.37000,39000
890,2019-09-26,15.48000,15.50000,15.30000,15.32000,33100
891,2019-09-25,15.14000,15.53000,15.12000,15.48000,65700
892,2019-09-24,15.43000,15.43000,15.25000,15.25000,49300
893,2019-09-23,15.51000,15.59000,15.36000,15.48000,29500
894,2019-09-20,15.36000,15.93000,15.25000,15.57000,151200
895,2019-09-19,15.64000,15.78000,15.42000,15.45000,40500
896,2019-09-18,15.60000,15.75000,15.41000,15.59000,53900
897,2019-09-17,15.55000,15.65000,15.30000,15.57000,49700
898,2019-09-16,15.77000,16.00000,15.67000,15.71000,34800
899,2019-09-13,15.75000,15.98000,15.67000,15.83000,32800
900,2019-09-12,15.50000,15.72000,15.39000,15.64000,54200
901,2019-09-11,15.41000,15.55000,15.11000,15.55000,54000
902,2019-09-10,15.08000,15.44000,15.01000,15.36000,41300
903,2019-09-09,14.79000,15.25000,14.79000,15.16000,37600
904,2019-09-06,14.52000,14.77000,14.52000,14.71000,37600
905,2019-09-05,14.68000,14.97000,14.56000,14.57000,45200
906,2019-09-04,14.48000,14.49000,14.40000,14.43000,24100
907,2019-09-03,14.51000,14.57000,14.22000,14.36000,34300
908,2019-08-30,14.69000,14.69000,14.53000,14.62000,20500
909,2019-08-29,14.53000,14.72000,14.53000,14.62000,20600
910,2019-08-28,14.39000,14.68000,14.39000,14.43000,37800
911,2019-08-27,14.73000,14.73000,14.28000,14.51000,65500
912,2019-08-26,14.37000,14.61000,14.25000,14.61000,28600
913,2019-08-23,14.87000,14.87000,14.27000,14.28000,41100
914,2019-08-22,15.01000,15.01000,14.80000,14.86000,34200
915,2019-08-21,15.00000,15.08000,14.93000,15.04000,30300
916,2019-08-20,14.93000,14.99000,14.90000,14.94000,28100
917,2019-08-19,14.97000,15.04000,14.92000,14.99000,29400
918,2019-08-16,14.48000,14.83000,14.48000,14.81000,40200
919,2019-08-15,14.84000,14.84000,14.35000,14.42000,31200
920,2019-08-14,14.89000,14.92000,14.63000,14.69000,40100
921,2019-08-13,15.07000,15.25000,15.00000,15.14000,25800
922,2019-08-12,14.94000,15.69000,14.86000,15.08000,36500
923,2019-08-09,15.05000,15.10000,14.96000,15.00000,46100
924,2019-08-08,15.10000,15.27000,14.93000,15.20000,56300
925,2019-08-07,14.79000,15.05000,14.79000,15.00000,42500
926,2019-08-06,14.91000,15.25000,14.88000,15.04000,57900
927,2019-08-05,15.15000,15.20000,14.77000,14.90000,38700
928,2019-08-02,15.49000,15.49000,15.25000,15.38000,65200
929,2019-08-01,15.84000,16.02000,15.49000,15.50000,111700
930,2019-07-31,15.88000,16.12000,15.88000,15.92000,62100
931,2019-07-30,15.59000,16.00000,15.22000,15.88000,44400
932,2019-07-29,15.91000,16.07000,15.69000,15.77000,36600
933,2019-07-26,15.49000,16.11000,15.17000,15.98000,53200
934,2019-07-25,15.54000,15.54000,15.34000,15.34000,13100
935,2019-07-24,15.22000,15.66000,15.22000,15.62000,35800
936,2019-07-23,15.08000,15.20000,14.95000,15.20000,17400
937,2019-07-22,15.01000,15.07000,14.93000,15.07000,27400
938,2019-07-19,15.08000,15.16000,15.03000,15.08000,22600
939,2019-07-18,15.17000,15.26000,15.13000,15.18000,14400
940,2019-07-17,15.11000,15.18000,14.98000,15.13000,42500
941,2019-07-16,15.12000,15.27000,15.10000,15.13000,26500
942,2019-07-15,15.36000,15.36000,15.12000,15.19000,23500
943,2019-07-12,15.22000,15.43000,15.16000,15.35000,40100
944,2019-07-11,15.19000,15.25000,15.08000,15.25000,22000
945,2019-07-10,15.23000,15.29000,15.15000,15.18000,31700
946,2019-07-09,15.22000,15.33000,15.12000,15.21000,26800
947,2019-07-08,15.36000,15.48000,15.22000,15.25000,34600
948,2019-07-05,15.42000,15.54000,15.42000,15.49000,24800
949,2019-07-03,15.43000,15.59000,15.39000,15.42000,101000
950,2019-07-02,15.39000,15.47000,15.32000,15.40000,46800
951,2019-07-01,15.37000,15.56000,15.34000,15.40000,65800
952,2019-06-28,15.01000,15.48000,14.66000,15.31000,237000
953,2019-06-27,14.81000,15.02000,14.77000,15.01000,64200
954,2019-06-26,14.61000,14.94000,14.61000,14.85000,42500
955,2019-06-25,14.34000,14.70000,14.26000,14.58000,184200
956,2019-06-24,14.49000,14.60000,14.33000,14.35000,53900
957,2019-06-21,14.59000,14.77000,14.55000,14.55000,82900
958,2019-06-20,14.59000,14.77000,14.24000,14.72000,50800
959,2019-06-19,14.67000,14.68000,14.42000,14.47000,72400
960,2019-06-18,14.51000,14.75000,14.50000,14.65000,30700
961,2019-06-17,14.44000,14.54000,14.40000,14.48000,40000
962,2019-06-14,14.34000,14.45000,14.30000,14.39000,51700
963,2019-06-13,14.26000,14.37000,14.21000,14.34000,46800
964,2019-06-12,14.29000,14.29000,14.20000,14.20000,19100
965,2019-06-11,14.30000,14.31000,14.20000,14.27000,49600
966,2019-06-10,14.25000,14.41000,14.20000,14.24000,39700
967,2019-06-07,14.26000,14.29000,14.14000,14.21000,19800
968,2019-06-06,14.24000,14.30000,14.04000,14.25000,22900
969,2019-06-05,14.29000,14.34000,14.16000,14.24000,41100
970,2019-06-04,14.23000,14.33000,14.14000,14.32000,28100
971,2019-06-03,13.79000,14.04000,13.69000,14.02000,53000
972,2019-05-31,13.85000,13.98000,13.77000,13.81000,29200
973,2019-05-30,14.30000,14.32000,13.93000,14.05000,31100
974,2019-05-29,14.24000,14.26000,14.14000,14.22000,40000
975,2019-05-28,14.50000,14.50000,14.30000,14.32000,35300
976,2019-05-24,14.47000,14.75000,14.40000,14.52000,15300
977,2019-05-23,14.64000,14.64000,14.29000,14.37000,31000
978,2019-05-22,14.75000,14.80000,14.55000,14.76000,31000
979,2019-05-21,14.63000,14.87000,14.63000,14.85000,50300
980,2019-05-20,14.46000,14.67000,14.36000,14.59000,51600
981,2019-05-17,14.60000,14.79000,14.53000,14.53000,43100
982,2019-05-16,14.63000,14.83000,14.61000,14.71000,67500
983,2019-05-15,14.77000,14.78000,14.59000,14.67000,44800
984,2019-05-14,14.72000,14.86000,14.65000,14.76000,29900
985,2019-05-13,14.74000,14.77000,14.60000,14.64000,52200
986,2019-05-10,14.77000,14.93000,14.66000,14.89000,33800
987,2019-05-09,14.66000,14.90000,14.43000,14.86000,60000
988,2019-05-08,14.84000,14.96000,14.64000,14.74000,40000
989,2019-05-07,15.26000,15.26000,14.79000,14.81000,43500
990,2019-05-06,15.28000,15.46000,15.24000,15.26000,39700
991,2019-05-03,15.10000,15.45000,15.10000,15.40000,25500
992,2019-05-02,15.08000,15.14000,14.97000,15.03000,22700
993,2019-05-01,14.93000,15.02000,14.80000,14.92000,59500
994,2019-04-30,15.01000,15.22000,14.82000,14.92000,45100
995,2019-04-29,15.35000,15.48000,14.86000,15.02000,67400
996,2019-04-26,15.52000,15.59000,15.35000,15.46000,25400
997,2019-04-25,15.17000,15.58000,15.09000,15.52000,111200
998,2019-04-24,15.11000,15.31000,15.09000,15.25000,22800
999,2019-04-23,15.08000,15.19000,14.97000,15.11000,110200
1000,2019-04-22,15.02000,15.21000,14.89000,15.05000,31100
1001,2019-04-18,15.14000,15.24000,15.04000,15.07000,30000
1002,2019-04-17,15.30000,15.31000,15.17000,15.19000,15600
1003,2019-04-16,15.10000,15.28000,15.01000,15.25000,30900
1004,2019-04-15,15.16000,15.45000,14.96000,15.07000,55700
1005,2019-04-12,15.10000,15.20000,15.01000,15.16000,42600
1006,2019-04-11,15.05000,15.15000,14.97000,15.01000,30200
1007,2019-04-10,14.85000,15.07000,14.82000,15.04000,17800
1008,2019-04-09,15.02000,15.07000,14.83000,14.84000,30200
1009,2019-04-08,15.18000,15.20000,15.05000,15.07000,28900
1010,2019-04-05,15.10000,15.20000,14.86000,15.19000,26200
1011,2019-04-04,14.76000,15.10000,14.76000,15.10000,29100
1012,2019-04-03,14.80000,14.96000,14.72000,14.76000,67800
1013,2019-04-02,14.80000,14.91000,14.68000,14.72000,58500
1014,2019-04-01,14.95000,14.95000,14.73000,14.85000,46500
1015,2019-03-29,14.70000,14.79000,14.50000,14.65000,54800
1016,2019-03-28,14.72000,14.83000,14.53000,14.82000,18300
1017,2019-03-27,14.41000,14.66000,14.33000,14.64000,42100
1018,2019-03-26,14.30000,14.52000,14.30000,14.41000,100500
1019,2019-03-25,14.64000,14.64000,14.19000,14.26000,53200
1020,2019-03-22,14.93000,15.25000,14.35000,14.35000,65900
1021,2019-03-21,15.12000,15.36000,15.00000,15.00000,33500
1022,2019-03-20,15.37000,15.47000,15.15000,15.18000,25400
1023,2019-03-19,15.76000,15.76000,15.35000,15.37000,16000
1024,2019-03-18,15.67000,15.90000,15.65000,15.75000,24800
1025,2019-03-15,15.65000,15.84000,15.64000,15.67000,93200
1026,2019-03-14,15.63000,15.71000,15.59000,15.62000,21300
1027,2019-03-13,15.62000,15.81000,15.60000,15.64000,26900
1028,2019-03-12,15.75000,15.89000,15.53000,15.66000,38200
1029,2019-03-11,15.40000,15.80000,15.26000,15.76000,44100
1030,2019-03-08,15.12000,15.43000,15.12000,15.40000,48500
1031,2019-03-07,15.25000,15.41000,15.10000,15.15000,76000
1032,2019-03-06,15.81000,15.83000,15.37000,15.39000,47300
1033,2019-03-05,15.86000,15.95000,15.71000,15.79000,18000
1034,2019-03-04,16.00000,16.07000,15.84000,15.86000,28900
1035,2019-03-01,15.92000,16.00000,15.73000,16.00000,37900
1036,2019-02-28,15.97000,15.97000,15.85000,15.85000,23600
1037,2019-02-27,15.87000,16.08000,15.87000,15.95000,49600
1038,2019-02-26,16.02000,16.14000,15.88000,15.88000,47800
1039,2019-02-25,16.20000,16.27000,15.99000,16.01000,57300
1040,2019-02-22,16.12000,16.19000,16.06000,16.18000,36800
1041,2019-02-21,16.13000,16.17000,15.94000,16.12000,35000
1042,2019-02-20,16.06000,16.17000,15.96000,16.09000,38500
1043,2019-02-19,16.08000,16.22000,15.99000,16.02000,108100
1044,2019-02-15,15.71000,16.14000,15.65000,16.13000,85900
1045,2019-02-14,15.52000,15.74000,15.41000,15.64000,50000
1046,2019-02-13,15.31000,15.62000,15.31000,15.55000,51300
1047,2019-02-12,15.28000,15.48000,15.23000,15.30000,64900
1048,2019-02-11,15.30000,15.31000,15.16000,15.30000,54700
1049,2019-02-08,15.29000,15.33000,15.07000,15.29000,68100
1050,2019-02-07,15.46000,15.55000,15.33000,15.36000,68600
1051,2019-02-06,15.40000,15.48000,15.31000,15.44000,47800
1052,2019-02-05,15.72000,15.75000,15.40000,15.41000,81200
1053,2019-02-04,15.54000,15.94000,15.42000,15.73000,83100
1054,2019-02-01,15.11000,15.48000,14.88000,15.47000,126800
1055,2019-01-31,14.80000,15.20000,14.60000,15.08000,168900
1056,2019-01-30,15.11000,15.20000,14.79000,14.80000,77000
1057,2019-01-29,14.57000,15.19000,14.57000,15.12000,115300
1058,2019-01-28,14.33000,14.87000,14.33000,14.58000,138500
1059,2019-01-25,14.01000,14.49000,14.01000,14.37000,78100
1060,2019-01-24,14.07000,14.40000,14.04000,14.15000,50900
1061,2019-01-23,14.42000,14.42000,14.09000,14.09000,30100
1062,2019-01-22,14.49000,14.64000,14.22000,14.25000,47600
1063,2019-01-18,14.40000,14.66000,14.39000,14.49000,67300
1064,2019-01-17,14.44000,14.59000,14.23000,14.40000,176400
1065,2019-01-16,14.50000,14.60000,14.39000,14.44000,45000
1066,2019-01-15,14.43000,14.51000,14.23000,14.37000,55900
1067,2019-01-14,14.23000,14.60000,14.08000,14.44000,65700
1068,2019-01-11,13.98000,14.35000,13.91000,14.34000,75900
1069,2019-01-10,14.17000,14.25000,14.00000,14.08000,44400
1070,2019-01-09,14.19000,14.36000,14.12000,14.22000,35300
1071,2019-01-08,14.32000,15.00000,14.01000,14.34000,32000
1072,2019-01-07,14.07000,14.65000,14.05000,14.21000,57300
1073,2019-01-04,13.82000,14.20000,13.82000,14.11000,52900
1074,2019-01-03,13.42000,13.94000,13.36000,13.72000,57900
1075,2019-01-02,13.12000,13.53000,13.12000,13.48000,90900
1076,2018-12-31,13.24000,13.33000,13.06000,13.22000,66400
1077,2018-12-28,12.87000,13.44000,12.87000,13.24000,82100
1078,2018-12-27,13.28000,13.46000,12.97000,13.13000,69600
1079,2018-12-26,13.49000,13.54000,13.03000,13.38000,124100
1080,2018-12-24,13.72000,13.84000,13.33000,13.44000,16900
1081,2018-12-21,13.78000,14.00000,13.75000,13.78000,106900
1082,2018-12-20,13.72000,14.05000,13.61000,13.92000,61200
1083,2018-12-19,13.77000,14.15000,13.62000,13.73000,63800
1084,2018-12-18,14.07000,14.18000,13.84000,14.08000,95800
1085,2018-12-17,13.74000,14.00000,13.71000,13.98000,59700
1086,2018-12-14,13.92000,14.03000,13.72000,13.75000,36600
1087,2018-12-13,14.31000,14.46000,13.95000,13.97000,52200
1088,2018-12-12,14.26000,14.47000,14.22000,14.25000,120700
1089,2018-12-11,14.52000,14.62000,14.07000,14.25000,42300
1090,2018-12-10,14.66000,14.66000,14.31000,14.40000,59100
1091,2018-12-07,14.47000,14.92000,14.38000,14.65000,66000
1092,2018-12-06,14.50000,14.83000,14.20000,14.46000,80900
1093,2018-12-04,15.77000,15.77000,14.62000,14.62000,67700
1094,2018-12-03,15.95000,16.07000,15.67000,15.77000,28000
1095,2018-11-30,15.53000,15.91000,15.53000,15.86000,59900
1096,2018-11-29,15.60000,15.68000,15.42000,15.55000,70000
1097,2018-11-28,15.40000,15.72000,15.22000,15.66000,61400
1098,2018-11-27,15.41000,15.55000,15.36000,15.41000,49100
1099,2018-11-26,15.35000,15.58000,15.29000,15.54000,47400
1100,2018-11-23,15.40000,15.40000,15.25000,15.29000,39000
1101,2018-11-21,15.36000,15.78000,15.32000,15.35000,58600
1102,2018-11-20,15.33000,15.70000,15.33000,15.35000,56700
1103,2018-11-19,15.30000,15.53000,15.25000,15.33000,472600
1104,2018-11-16,15.37000,15.42000,15.25000,15.30000,52300
1105,2018-11-15,15.35000,15.56000,15.35000,15.43000,35800
1106,2018-11-14,15.45000,15.57000,15.25000,15.37000,43800
1107,2018-11-13,15.40000,15.59000,15.27000,15.37000,60800
1108,2018-11-12,15.45000,15.60000,15.34000,15.35000,20800
1109,2018-11-09,15.69000,15.72000,15.39000,15.45000,26200
1110,2018-11-08,15.49000,15.74000,15.49000,15.68000,13200
1111,2018-11-07,15.66000,15.83000,15.44000,15.62000,29300
1112,2018-11-06,15.60000,15.77000,15.52000,15.65000,17400
1113,2018-11-05,15.70000,15.79000,15.56000,15.58000,27900
1114,2018-11-02,15.23000,15.77000,15.23000,15.69000,62800
1115,2018-11-01,15.19000,15.38000,15.15000,15.21000,141500
1116,2018-10-31,15.20000,15.28000,15.06000,15.11000,52900
1117,2018-10-30,15.13000,15.44000,15.04000,15.12000,58800
1118,2018-10-29,15.15000,15.37000,15.03000,15.14000,71800
1119,2018-10-26,15.31000,15.45000,14.85000,14.99000,105700
1120,2018-10-25,14.76000,14.92000,14.37000,14.83000,40700
1121,2018-10-24,15.41000,15.41000,14.66000,14.67000,74700
1122,2018-10-23,15.01000,15.52000,15.01000,15.40000,38800
1123,2018-10-22,15.76000,15.76000,15.30000,15.31000,31700
1124,2018-10-19,15.42000,15.52000,15.30000,15.41000,36500
1125,2018-10-18,15.65000,15.73000,15.40000,15.45000,26100
1126,2018-10-17,15.70000,15.82000,15.57000,15.71000,22800
1127,2018-10-16,15.65000,15.85000,15.54000,15.82000,35400
1128,2018-10-15,15.56000,15.68000,15.52000,15.58000,18300
1129,2018-10-12,15.96000,15.96000,15.35000,15.60000,99000
1130,2018-10-11,16.27000,16.35000,15.84000,15.86000,30000
1131,2018-10-10,16.35000,16.58000,16.24000,16.32000,54500
1132,2018-10-09,16.28000,16.45000,16.26000,16.36000,35900
1133,2018-10-08,16.14000,16.35000,16.05000,16.30000,21300
1134,2018-10-05,16.02000,16.19000,15.92000,16.12000,95900
1135,2018-10-04,16.29000,16.43000,16.16000,16.16000,31500
1136,2018-10-03,15.95000,16.31000,15.88000,16.29000,31600
1137,2018-10-02,15.97000,16.02000,15.87000,15.96000,33600
1138,2018-10-01,16.25000,16.49000,15.98000,15.99000,42900
1139,2018-09-28,16.19000,16.24000,16.12000,16.20000,51300
1140,2018-09-27,16.33000,16.36000,16.14000,16.19000,67800
1141,2018-09-26,16.53000,16.53000,16.26000,16.31000,26900
1142,2018-09-25,16.65000,16.65000,16.50000,16.51000,25000
1143,2018-09-24,16.73000,16.81000,16.51000,16.63000,40100
1144,2018-09-21,16.85000,16.92000,16.75000,16.80000,179800
1145,2018-09-20,16.76000,17.00000,16.73000,16.90000,89900
1146,2018-09-19,16.89000,16.89000,16.72000,16.73000,41000
1147,2018-09-18,17.01000,17.05000,16.89000,16.89000,25100
1148,2018-09-17,17.22000,17.25000,17.02000,17.04000,28300
1149,2018-09-14,17.23000,17.26000,17.15000,17.22000,48600
1150,2018-09-13,17.38000,17.38000,17.22000,17.24000,27400
1151,2018-09-12,17.31000,17.39000,17.25000,17.35000,39900
1152,2018-09-11,17.40000,17.40000,17.31000,17.34000,14900
1153,2018-09-10,17.40000,17.69000,17.37000,17.40000,44900
1154,2018-09-07,17.43000,17.47000,17.35000,17.47000,19500
1155,2018-09-06,17.47000,17.67000,17.36000,17.44000,41500
1156,2018-09-05,17.56000,17.58000,17.43000,17.47000,33900
1157,2018-09-04,17.56000,17.61000,17.40000,17.55000,45200
1158,2018-08-31,17.46000,17.58000,17.38000,17.55000,19000
1159,2018-08-30,17.40000,17.54000,17.27000,17.48000,18800
1160,2018-08-29,17.35000,17.43000,17.30000,17.40000,22700
1161,2018-08-28,17.46000,17.47000,17.28000,17.36000,12300
1162,2018-08-27,17.50000,17.71000,17.44000,17.46000,45400
1163,2018-08-24,17.65000,17.70000,17.52000,17.57000,60700
1164,2018-08-23,17.68000,17.68000,17.56000,17.66000,12800
1165,2018-08-22,17.66000,17.70000,17.60000,17.69000,19700
1166,2018-08-21,17.72000,17.74000,17.59000,17.65000,36600
1167,2018-08-20,17.84000,17.99000,17.65000,17.71000,44500
1168,2018-08-17,17.58000,17.85000,17.57000,17.83000,62500
1169,2018-08-16,17.47000,17.70000,17.47000,17.64000,46800
1170,2018-08-15,17.71000,17.73000,17.40000,17.48000,55200
1171,2018-08-14,17.32000,17.77000,17.27000,17.71000,63500
1172,2018-08-13,17.33000,17.43000,17.25000,17.32000,27900
1173,2018-08-10,17.32000,17.40000,17.27000,17.31000,19600
1174,2018-08-09,17.54000,17.61000,17.35000,17.40000,14500
1175,2018-08-08,17.47000,17.62000,17.36000,17.53000,20600
1176,2018-08-07,17.50000,17.58000,17.35000,17.44000,21400
1177,2018-08-06,17.43000,17.59000,17.35000,17.50000,32800
1178,2018-08-03,17.48000,17.57000,17.35000,17.41000,33900
1179,2018-08-02,17.49000,17.54000,17.40000,17.51000,34600
1180,2018-08-01,17.54000,17.71000,17.39000,17.54000,24500
1181,2018-07-31,17.37000,17.62000,17.09000,17.54000,76700
1182,2018-07-30,16.71000,17.40000,16.71000,17.32000,42900
1183,2018-07-27,17.12000,17.17000,16.42000,16.66000,70100
1184,2018-07-26,17.17000,17.31000,17.07000,17.13000,12000
1185,2018-07-25,17.34000,17.40000,16.95000,17.09000,22400
1186,2018-07-24,17.50000,17.50000,17.25000,17.35000,30200
1187,2018-07-23,17.42000,17.50000,17.31000,17.49000,76900
1188,2018-07-20,17.37000,17.53000,17.34000,17.41000,32900
1189,2018-07-19,17.24000,17.40000,17.22000,17.38000,41800
1190,2018-07-18,17.12000,17.29000,17.07000,17.27000,31300
1191,2018-07-17,17.20000,17.30000,17.06000,17.11000,53200
1192,2018-07-16,17.21000,17.32000,17.13000,17.23000,20600
1193,2018-07-13,17.35000,17.37000,17.16000,17.18000,20800
1194,2018-07-12,17.60000,17.66000,17.23000,17.40000,36400
1195,2018-07-11,17.58000,17.61000,17.38000,17.43000,30900
1196,2018-07-10,17.80000,17.85000,17.54000,17.58000,38400
1197,2018-07-09,17.88000,17.97000,17.59000,17.85000,58700
1198,2018-07-06,17.76000,17.99000,17.76000,17.88000,43200
1199,2018-07-05,17.82000,17.98000,17.81000,17.92000,40700
1200,2018-07-03,17.75000,17.86000,17.75000,17.82000,21500
1201,2018-07-02,17.77000,18.00000,17.69000,17.76000,41800
1202,2018-06-29,17.72000,17.95000,17.65000,17.84000,94600
1203,2018-06-28,17.61000,17.86000,17.61000,17.68000,48100
1204,2018-06-27,18.15000,18.15000,17.62000,17.62000,55300
1205,2018-06-26,17.74000,18.24000,17.66000,18.15000,65100
1206,2018-06-25,17.65000,17.83000,17.58000,17.79000,94800
1207,2018-06-22,17.48000,17.89000,17.30000,17.60000,268000
1208,2018-06-21,17.55000,17.55000,17.37000,17.48000,31200
1209,2018-06-20,17.34000,17.70000,17.33000,17.54000,92900
1210,2018-06-19,17.17000,17.42000,17.14000,17.35000,36900
1211,2018-06-18,17.07000,17.25000,17.04000,17.21000,47100
1212,2018-06-15,17.04000,17.15000,16.95000,17.12000,70400
1213,2018-06-14,17.21000,17.21000,17.07000,17.15000,32200
1214,2018-06-13,17.23000,17.28000,17.15000,17.18000,41200
1215,2018-06-12,17.22000,17.29000,17.15000,17.25000,88800
1216,2018-06-11,17.29000,17.34000,17.09000,17.23000,118200
1217,2018-06-08,17.31000,17.39000,17.25000,17.27000,48900
1218,2018-06-07,17.47000,17.55000,17.25000,17.30000,40400
1219,2018-06-06,16.72000,17.43000,16.65000,17.40000,137000
1220,2018-06-05,17.33000,17.33000,17.09000,17.21000,43000
1221,2018-06-04,17.39000,17.43000,17.23000,17.26000,37600
1222,2018-06-01,17.55000,17.55000,17.29000,17.38000,58200
1223,2018-05-31,17.49000,17.80000,17.47000,17.47000,62200
1224,2018-05-30,17.12000,17.55000,17.12000,17.35000,50300
1225,2018-05-29,17.15000,17.42000,16.90000,17.10000,60800
1226,2018-05-25,17.19000,17.32000,16.29000,17.24000,48200
1227,2018-05-24,16.81000,17.20000,16.55000,17.17000,185800
1228,2018-05-23,16.74000,16.88000,16.72000,16.80000,68300
1229,2018-05-22,16.69000,16.90000,16.69000,16.73000,57100
1230,2018-05-21,16.72000,16.82000,16.67000,16.70000,157600
1231,2018-05-18,16.70000,16.72000,16.62000,16.66000,48100
1232,2018-05-17,16.70000,16.75000,16.65000,16.70000,78000
1233,2018-05-16,16.66000,16.72000,16.63000,16.69000,51900
1234,2018-05-15,16.75000,16.89000,16.67000,16.67000,118700
1235,2018-05-14,16.83000,16.83000,16.47000,16.76000,47900
1236,2018-05-11,16.95000,17.01000,16.82000,16.84000,31700
1237,2018-05-10,17.00000,17.00000,16.86000,16.97000,35900
1238,2018-05-09,17.09000,17.10000,16.95000,16.95000,102700
1239,2018-05-08,17.08000,17.11000,16.89000,17.05000,47900
1240,2018-05-07,16.97000,17.16000,16.94000,17.01000,44200
1241,2018-05-04,16.73000,17.15000,16.70000,16.98000,75600
1242,2018-05-03,16.45000,16.75000,16.33000,16.72000,79800
1243,2018-05-02,16.29000,16.53000,16.21000,16.44000,49600
1244,2018-05-01,16.25000,16.30000,15.92000,16.30000,38700
1245,2018-04-30,16.39000,16.41000,16.15000,16.25000,57000
1246,2018-04-27,16.00000,16.40000,16.00000,16.37000,51500
1247,2018-04-26,15.98000,16.00000,15.77000,15.87000,18800
1248,2018-04-25,16.09000,16.12000,15.90000,15.90000,24100
1249,2018-04-24,16.00000,16.13000,15.99000,16.08000,30300
1250,2018-04-23,16.00000,16.06000,15.95000,15.99000,30100
1251,2018-04-20,16.00000,16.11000,15.93000,16.01000,31400
1252,2018-04-19,16.02000,16.20000,16.00000,16.07000,47700
1253,2018-04-18,15.89000,16.00000,15.87000,15.99000,26600
1254,2018-04-17,16.19000,16.24000,15.85000,15.94000,41000
1255,2018-04-16,15.74000,16.16000,15.72000,16.13000,44000
1256,2018-04-13,15.91000,15.91000,15.60000,15.64000,45300
1257,2018-04-12,15.92000,15.98000,15.86000,15.89000,22200
1258,2018-04-11,15.84000,15.85000,15.71000,15.84000,33100
1259,2018-04-10,15.83000,15.92000,15.77000,15.84000,28100
1260,2018-04-09,15.83000,16.02000,15.65000,15.69000,21800
1261,2018-04-06,15.94000,16.11000,15.55000,15.76000,34500
1262,2018-04-05,16.09000,16.15000,15.92000,16.01000,36500
1263,2018-04-04,15.73000,16.09000,15.65000,15.97000,33600
1264,2018-04-03,15.83000,15.92000,15.71000,15.87000,45500
1265,2018-04-02,15.83000,15.83000,15.53000,15.74000,47400
1266,2018-03-29,15.93000,16.06000,15.82000,15.84000,67700
1267,2018-03-28,15.61000,15.98000,15.61000,15.85000,49100
1268,2018-03-27,15.64000,15.75000,15.57000,15.58000,36800
1269,2018-03-26,15.51000,16.17000,15.23000,15.64000,50000
1270,2018-03-23,15.91000,15.91000,15.29000,15.33000,96700
1271,2018-03-22,16.11000,16.27000,15.91000,15.91000,37700
1272,2018-03-21,16.21000,16.29000,16.13000,16.17000,23300
1273,2018-03-20,16.39000,16.47000,16.15000,16.16000,22000
1274,2018-03-19,16.22000,16.41000,16.16000,16.37000,106100
1275,2018-03-16,16.18000,16.29000,16.15000,16.28000,121500
1276,2018-03-15,16.10000,16.22000,16.01000,16.20000,25900
1277,2018-03-14,16.38000,16.45000,16.09000,16.10000,46000
1278,2018-03-13,16.41000,16.45000,16.21000,16.26000,55300
1279,2018-03-12,16.41000,16.45000,16.21000,16.25000,33400
1280,2018-03-09,16.26000,16.38000,15.93000,16.33000,37400
1281,2018-03-08,16.34000,16.34000,16.02000,16.14000,33700
1282,2018-03-07,15.78000,16.30000,15.78000,16.24000,50400
1283,2018-03-06,15.58000,15.86000,15.42000,15.84000,41800
1284,2018-03-05,15.33000,15.53000,15.16000,15.45000,27500
1285,2018-03-02,15.13000,15.45000,15.11000,15.40000,51300
1286,2018-03-01,15.36000,15.46000,15.13000,15.26000,39000
1287,2018-02-28,15.62000,15.73000,15.37000,15.38000,58900
1288,2018-02-27,15.87000,16.02000,15.59000,15.61000,38100
1289,2018-02-26,15.89000,15.95000,15.64000,15.89000,24300
1290,2018-02-23,15.89000,15.89000,15.70000,15.84000,25400
1291,2018-02-22,16.00000,16.00000,15.77000,15.80000,41000
1292,2018-02-21,15.77000,16.07000,15.72000,15.91000,35800
1293,2018-02-20,16.03000,16.14000,15.76000,15.77000,37100
1294,2018-02-16,15.88000,16.17000,15.88000,16.10000,46000
1295,2018-02-15,16.02000,16.44000,15.93000,15.95000,74900
1296,2018-02-14,15.78000,16.00000,15.78000,15.92000,45600
1297,2018-02-13,15.83000,15.97000,15.75000,15.87000,50500
1298,2018-02-12,15.92000,16.01000,15.83000,15.88000,153100
1299,2018-02-09,15.90000,15.98000,15.71000,15.89000,104400
1300,2018-02-08,15.84000,16.08000,15.78000,15.78000,130000
1301,2018-02-07,15.67000,15.87000,15.64000,15.74000,45400
1302,2018-02-06,15.40000,15.84000,15.33000,15.70000,83500
1303,2018-02-05,15.91000,16.18000,15.60000,15.60000,84300
1304,2018-02-02,16.21000,16.38000,16.05000,16.16000,67800
1305,2018-02-01,16.40000,16.43000,16.11000,16.32000,48800
1306,2018-01-31,16.49000,16.55000,16.26000,16.39000,56200
1307,2018-01-30,16.29000,16.45000,16.29000,16.41000,49100
1308,2018-01-29,16.16000,16.37000,16.10000,16.29000,43000
1309,2018-01-26,16.25000,16.30000,16.08000,16.18000,45200
1310,2018-01-25,16.33000,16.39000,16.14000,16.28000,47100
1311,2018-01-24,16.42000,16.58000,16.27000,16.29000,68000
1312,2018-01-23,16.42000,16.42000,16.27000,16.39000,27000
1313,2018-01-22,16.50000,16.55000,16.28000,16.39000,27400
1314,2018-01-19,16.31000,16.51000,16.28000,16.50000,56200
1315,2018-01-18,16.60000,16.60000,16.35000,16.35000,21500
1316,2018-01-17,16.73000,16.73000,16.50000,16.62000,79700
1317,2018-01-16,16.74000,16.93000,16.56000,16.57000,36200
1318,2018-01-12,16.69000,16.83000,16.56000,16.73000,43700
1319,2018-01-11,16.39000,16.70000,16.39000,16.61000,65000
1320,2018-01-10,16.28000,16.52000,16.28000,16.37000,42600
1321,2018-01-09,16.20000,16.67000,16.20000,16.29000,50400
1322,2018-01-08,16.07000,16.29000,16.00000,16.21000,251500
1323,2018-01-05,16.17000,16.18000,16.07000,16.14000,34800
1324,2018-01-04,16.15000,16.20000,16.08000,16.14000,138400
1325,2018-01-03,16.05000,16.10000,15.92000,16.06000,97400
1326,2018-01-02,16.07000,16.14000,15.87000,16.05000,69000
1327,2017-12-29,16.11000,16.13000,16.03000,16.03000,84600
1328,2017-12-28,16.03000,16.21000,15.91000,16.12000,209200
1329,2017-12-27,15.99000,16.13000,15.87000,16.01000,80400
1330,2017-12-26,16.11000,16.18000,15.98000,15.99000,79000
1331,2017-12-22,16.10000,16.20000,15.97000,16.07000,100500
1332,2017-12-21,16.13000,16.21000,16.06000,16.09000,74400
1333,2017-12-20,16.10000,16.20000,15.99000,16.05000,97800
1334,2017-12-19,16.14000,16.32000,16.03000,16.07000,86100
1335,2017-12-18,16.21000,16.36000,16.05000,16.12000,63900
1336,2017-12-15,15.95000,16.34000,15.95000,16.11000,258200
1337,2017-12-14,16.18000,16.22000,15.12000,15.96000,49600
1338,2017-12-13,16.16000,16.36000,16.12000,16.15000,67700
1339,2017-12-12,16.31000,16.32000,16.09000,16.13000,44700
1340,2017-12-11,16.50000,16.57000,16.24000,16.24000,34800
1341,2017-12-08,16.86000,16.86000,16.50000,16.52000,30500
1342,2017-12-07,16.74000,16.98000,16.72000,16.78000,31600
1343,2017-12-06,16.89000,17.01000,16.82000,16.84000,51400
1344,2017-12-05,17.11000,17.49000,16.86000,16.88000,71700
1345,2017-12-04,17.17000,17.36000,17.00000,17.02000,85500
1346,2017-12-01,17.01000,17.15000,16.70000,17.04000,57300
1347,2017-11-30,17.48000,17.48000,16.42000,17.07000,180700
1348,2017-11-29,17.18000,17.45000,17.18000,17.38000,74100
1349,2017-11-28,16.90000,17.19000,16.82000,17.15000,94100
1350,2017-11-27,16.64000,16.94000,16.62000,16.79000,44900
1351,2017-11-24,16.80000,16.80000,16.58000,16.64000,14600
1352,2017-11-22,16.58000,16.80000,16.54000,16.73000,40700
1353,2017-11-21,16.58000,16.62000,16.50000,16.57000,39500
1354,2017-11-20,16.43000,16.62000,16.22000,16.57000,36200
1355,2017-11-17,16.32000,16.47000,16.13000,16.42000,63600
1356,2017-11-16,16.35000,16.51000,16.11000,16.39000,114100
1357,2017-11-15,16.20000,16.48000,16.17000,16.34000,84600
1358,2017-11-14,16.15000,16.29000,15.96000,16.26000,36600
1359,2017-11-13,15.93000,16.16000,15.83000,16.15000,11900
1360,2017-11-10,16.10000,16.25000,15.98000,16.01000,22600
1361,2017-11-09,15.85000,16.14000,15.75000,16.12000,46200
1362,2017-11-08,15.84000,15.99000,15.83000,15.92000,35100
1363,2017-11-07,16.27000,16.27000,15.87000,15.92000,49600
1364,2017-11-06,16.33000,16.46000,16.20000,16.29000,31800
1365,2017-11-03,16.56000,16.65000,16.29000,16.32000,40900
1366,2017-11-02,16.22000,16.62000,16.22000,16.50000,36400
1367,2017-11-01,16.50000,16.50000,16.03000,16.15000,47900
1368,2017-10-31,16.35000,16.41000,16.21000,16.33000,50100
1369,2017-10-30,16.65000,16.88000,16.31000,16.34000,47200
1370,2017-10-27,16.89000,16.89000,16.38000,16.76000,80700
1371,2017-10-26,16.89000,16.95000,16.65000,16.89000,42200
1372,2017-10-25,16.86000,16.90000,16.78000,16.88000,26400
1373,2017-10-24,16.86000,16.92000,16.77000,16.78000,39400
1374,2017-10-23,16.85000,16.85000,16.69000,16.80000,40200
1375,2017-10-20,16.95000,16.95000,16.80000,16.84000,41900
1376,2017-10-19,16.84000,16.89000,16.75000,16.87000,29800
1377,2017-10-18,16.85000,16.98000,16.72000,16.86000,115900
1378,2017-10-17,16.86000,16.89000,16.77000,16.82000,54100
1379,2017-10-16,16.83000,16.90000,16.67000,16.87000,86200
1380,2017-10-13,16.89000,16.93000,16.76000,16.82000,34100
1381,2017-10-12,16.87000,16.94000,16.77000,16.88000,272000
1382,2017-10-11,16.97000,17.00000,16.91000,16.94000,52400
1383,2017-10-10,16.95000,16.99000,16.91000,16.97000,119300
1384,2017-10-09,16.95000,17.02000,16.91000,16.93000,38300
1385,2017-10-06,16.99000,17.00000,16.87000,16.93000,96800
1386,2017-10-05,17.00000,17.00000,16.91000,16.99000,120400
1387,2017-10-04,17.36000,17.40000,16.92000,16.97000,40500
1388,2017-10-03,17.19000,17.35000,17.10000,17.32000,67200
1389,2017-10-02,17.03000,17.15000,16.97000,17.15000,63100
1390,2017-09-29,17.04000,17.15000,16.95000,16.99000,76100
1391,2017-09-28,17.09000,17.17000,16.98000,17.10000,68400
1392,2017-09-27,16.97000,17.12000,16.85000,17.03000,136500
1393,2017-09-26,16.75000,16.93000,16.64000,16.88000,59400
1394,2017-09-25,16.71000,16.88000,16.63000,16.71000,55000
1395,2017-09-22,16.14000,16.74000,16.14000,16.67000,139900
1396,2017-09-21,16.18000,16.28000,16.11000,16.20000,124900
1397,2017-09-20,16.15000,16.40000,16.10000,16.20000,158700
1398,2017-09-19,16.01000,16.24000,16.01000,16.16000,77900
1399,2017-09-18,16.00000,16.23000,15.93000,16.06000,108300
1400,2017-09-15,16.13000,16.15000,16.00000,16.00000,470800
1401,2017-09-14,16.14000,16.25000,16.04000,16.10000,96500
1402,2017-09-13,16.20000,16.25000,16.09000,16.15000,100900
1403,2017-09-12,16.32000,16.49000,16.16000,16.20000,58300
1404,2017-09-11,16.45000,16.61000,16.26000,16.33000,217400
1405,2017-09-08,16.31000,16.70000,16.24000,16.32000,133800
1406,2017-09-07,16.42000,16.73000,15.96000,16.27000,71600
1407,2017-09-06,16.65000,16.74000,16.27000,16.41000,50200
1408,2017-09-05,16.74000,17.04000,16.48000,16.55000,52300
1409,2017-09-01,16.69000,16.86000,16.63000,16.81000,29300
1410,2017-08-31,16.73000,16.85000,16.61000,16.75000,44600
1411,2017-08-30,16.72000,16.88000,16.59000,16.62000,50600
1412,2017-08-29,16.48000,16.92000,16.48000,16.79000,47200
1413,2017-08-28,16.63000,16.76000,16.40000,16.73000,53400
1414,2017-08-25,16.32000,16.68000,15.69000,16.60000,60800
1415,2017-08-24,15.91000,16.45000,15.63000,16.38000,87700
1416,2017-08-23,15.73000,15.87000,15.68000,15.72000,48000
1417,2017-08-22,15.83000,15.98000,15.70000,15.84000,82400
1418,2017-08-21,15.68000,15.87000,15.55000,15.83000,26400
1419,2017-08-18,15.26000,15.93000,15.26000,15.75000,104500
1420,2017-08-17,15.80000,15.83000,15.32000,15.36000,54300
1421,2017-08-16,15.86000,16.02000,15.80000,15.91000,75300
1422,2017-08-15,16.00000,16.10000,15.64000,15.78000,108300
1423,2017-08-14,16.17000,16.17000,15.96000,15.98000,51600
1424,2017-08-11,16.56000,16.56000,15.78000,15.98000,76300
1425,2017-08-10,16.71000,16.71000,16.44000,16.54000,38800
1426,2017-08-09,16.91000,17.01000,16.77000,16.91000,40900
1427,2017-08-08,17.00000,17.20000,16.86000,16.98000,38000
1428,2017-08-07,17.08000,17.20000,16.98000,17.01000,40300
1429,2017-08-04,17.02000,17.19000,17.00000,17.10000,32100
1430,2017-08-03,16.95000,17.22000,16.90000,17.09000,26200
1431,2017-08-02,16.94000,17.01000,16.86000,17.00000,45400
1432,2017-08-01,17.00000,17.00000,16.80000,16.91000,61000
1433,2017-07-31,16.72000,16.99000,16.47000,16.92000,74300
1434,2017-07-28,17.00000,17.09000,16.18000,16.72000,99800
1435,2017-07-27,17.25000,17.38000,16.91000,17.04000,47500
1436,2017-07-26,17.43000,17.48000,17.18000,17.38000,47000
1437,2017-07-25,17.39000,17.57000,17.32000,17.36000,34800
1438,2017-07-24,17.33000,17.50000,17.30000,17.39000,30900
1439,2017-07-21,17.64000,17.64000,17.25000,17.44000,223800
1440,2017-07-20,17.45000,17.50000,17.25000,17.47000,65300
1441,2017-07-19,17.49000,17.58000,17.29000,17.49000,23100
1442,2017-07-18,17.25000,17.53000,17.25000,17.42000,37000
1443,2017-07-17,17.56000,17.71000,17.31000,17.43000,43600
1444,2017-07-14,17.41000,17.75000,17.25000,17.70000,127800
1445,2017-07-13,17.55000,17.62000,17.33000,17.56000,30800
1446,2017-07-12,17.58000,17.70000,17.25000,17.47000,205100
1447,2017-07-11,17.95000,18.00000,17.38000,17.59000,48600
1448,2017-07-10,17.87000,17.98000,17.80000,17.91000,38700
1449,2017-07-07,17.70000,17.98000,17.63000,17.97000,47100
1450,2017-07-06,17.42000,17.68000,17.34000,17.65000,125900
1451,2017-07-05,17.44000,17.55000,17.23000,17.48000,326700
1452,2017-07-03,17.57000,17.60000,17.41000,17.51000,23100
1453,2017-06-30,18.00000,18.00000,17.30000,17.60000,53600
1454,2017-06-29,18.00000,18.02000,17.86000,17.94000,55300
1455,2017-06-28,18.00000,18.00000,17.89000,17.94000,61700
1456,2017-06-27,17.58000,17.90000,17.42000,17.87000,48200
1457,2017-06-26,17.21000,18.20000,17.20000,17.55000,659500
1458,2017-06-23,17.12000,17.25000,17.11000,17.21000,62300
1459,2017-06-22,17.19000,17.19000,17.07000,17.10000,15900
1460,2017-06-21,17.25000,17.32000,17.15000,17.19000,23000
1461,2017-06-20,17.49000,17.53000,17.30000,17.33000,12100
1462,2017-06-19,17.21000,17.50000,17.03000,17.49000,13500
1463,2017-06-16,17.44000,17.49000,17.00000,17.13000,62600
1464,2017-06-15,17.30000,17.62000,17.30000,17.56000,10200
1465,2017-06-14,17.77000,17.77000,17.29000,17.45000,13800
1466,2017-06-13,17.72000,17.99000,17.06000,17.79000,15700
1467,2017-06-12,18.10000,18.20000,17.53000,17.69000,18800
1468,2017-06-09,18.09000,18.29000,17.97000,18.07000,33500
1469,2017-06-08,17.88000,18.30000,17.88000,18.14000,14200
1470,2017-06-07,17.54000,18.13000,17.14000,17.97000,24100
1471,2017-06-06,17.43000,17.92000,17.43000,17.54000,15900
1472,2017-06-05,17.22000,17.98000,17.22000,17.72000,18500
1473,2017-06-02,17.56000,17.75000,17.45000,17.54000,25700
1474,2017-06-01,17.28000,17.75000,16.92000,17.55000,88200
1475,2017-05-31,17.09000,17.26000,16.80000,17.11000,11100
1476,2017-05-30,16.95000,17.19000,16.73000,16.73000,3800
1477,2017-05-26,17.17000,17.25000,16.97000,17.03000,10300
1478,2017-05-25,16.91000,17.25000,16.74000,17.14000,16400
1479,2017-05-24,16.79000,17.11000,16.57000,16.87000,17500
1480,2017-05-23,16.62000,16.94000,16.60000,16.78000,13100
1481,2017-05-22,16.54000,17.04000,16.48000,16.65000,19800
1482,2017-05-19,16.44000,16.65000,15.99000,16.43000,19000
1483,2017-05-18,16.40000,16.57000,16.35000,16.51000,17200
1484,2017-05-17,16.86000,16.95000,16.20000,16.32000,31700
1485,2017-05-16,17.10000,18.01000,17.02000,17.22000,69700
1486,2017-05-15,16.95000,17.35000,16.86000,17.05000,66500
1487,2017-05-12,17.06000,17.18000,16.73000,16.84000,12000
1488,2017-05-11,17.35000,17.35000,16.95000,17.18000,11900
1489,2017-05-10,17.64000,17.83000,17.43000,17.47000,12600
1490,2017-05-09,18.02000,18.10000,17.58000,17.63000,9800
1491,2017-05-08,17.95000,18.04000,17.77000,18.00000,9500
1492,2017-05-05,18.03000,18.18000,17.91000,17.94000,15700
1493,2017-05-04,17.95000,18.15000,17.83000,18.03000,17700
1494,2017-05-03,17.42000,17.85000,17.42000,17.63000,12700
1495,2017-05-02,17.53000,17.72000,17.20000,17.54000,12800
1496,2017-05-01,18.23000,18.33000,17.48000,17.58000,30700
1497,2017-04-28,18.31000,18.38000,18.08000,18.21000,16600
1498,2017-04-27,18.44000,18.48000,18.26000,18.41000,15400
1499,2017-04-26,17.96000,18.40000,17.96000,18.32000,27700
1500,2017-04-25,17.89000,17.99000,17.89000,17.95000,18500
1501,2017-04-24,17.64000,17.75000,17.55000,17.75000,21400
1502,2017-04-21,17.34000,17.43000,16.93000,17.39000,33000
1503,2017-04-20,17.07000,17.38000,17.07000,17.37000,22200
1504,2017-04-19,16.87000,17.16000,16.75000,17.01000,22100
1505,2017-04-18,16.68000,16.91000,16.51000,16.67000,28200
1506,2017-04-17,16.68000,16.83000,16.50000,16.81000,21800
1507,2017-04-13,16.91000,16.91000,16.62000,16.68000,14100
1508,2017-04-12,17.05000,17.37000,16.81000,16.88000,17000
1509,2017-04-11,16.73000,17.10000,16.73000,17.09000,21700
1510,2017-04-10,16.70000,16.95000,16.59000,16.76000,33400
1511,2017-04-07,16.68000,16.90000,16.68000,16.84000,16900
1512,2017-04-06,16.68000,16.84000,16.60000,16.72000,20700
1513,2017-04-05,16.68000,16.83000,16.50000,16.54000,39500
1514,2017-04-04,16.55000,16.70000,16.50000,16.59000,21700
1515,2017-04-03,16.97000,17.06000,16.42000,16.56000,26300
1516,2017-03-31,16.85000,17.02000,16.75000,16.93000,79800
1517,2017-03-30,16.86000,17.20000,16.68000,16.85000,156000
1518,2017-03-29,16.41000,16.84000,16.37000,16.69000,56000
1519,2017-03-28,16.45000,16.61000,16.30000,16.53000,17900
1520,2017-03-27,16.37000,16.62000,16.37000,16.58000,46900
1521,2017-03-24,16.17000,16.95000,16.16000,16.53000,52200
1522,2017-03-23,15.85000,16.80000,15.85000,16.17000,8000
1523,2017-03-22,16.19000,16.55000,15.51000,15.86000,40800
1524,2017-03-21,17.03000,17.16000,16.18000,16.19000,21800
1525,2017-03-20,16.62000,17.10000,16.62000,16.97000,15300
1526,2017-03-17,16.45000,16.81000,16.45000,16.71000,148200
1527,2017-03-16,16.68000,16.68000,16.52000,16.55000,32800
1528,2017-03-15,16.71000,17.08000,16.54000,16.60000,18300
1529,2017-03-14,16.57000,16.75000,16.45000,16.50000,75600
1530,2017-03-13,16.57000,16.81000,16.57000,16.59000,8600
1531,2017-03-10,16.68000,16.68000,16.57000,16.61000,16500
1532,2017-03-09,16.69000,16.88000,16.61000,16.63000,8500
1533,2017-03-08,16.91000,17.00000,16.50000,16.51000,45300
1534,2017-03-07,16.99000,17.02000,16.74000,16.82000,13300
1535,2017-03-06,16.93000,17.11000,16.88000,17.01000,7500
1536,2017-03-03,17.27000,17.28000,16.93000,17.06000,9800
1537,2017-03-02,16.96000,17.50000,16.96000,17.06000,6000
1538,2017-03-01,17.13000,17.36000,17.12000,17.35000,14800
1539,2017-02-28,17.03000,17.19000,16.92000,17.00000,31200
1540,2017-02-27,17.00000,17.11000,16.90000,17.10000,25400
1541,2017-02-24,16.93000,17.01000,16.81000,16.98000,11700
1542,2017-02-23,16.80000,17.02000,16.80000,16.96000,12900
1543,2017-02-22,16.88000,16.97000,16.83000,16.90000,14100
1544,2017-02-21,16.84000,16.96000,16.73000,16.93000,29100
1545,2017-02-17,16.83000,16.83000,16.70000,16.74000,30900
1546,2017-02-16,16.46000,16.85000,16.46000,16.80000,19400
1547,2017-02-15,16.64000,16.64000,16.45000,16.53000,17700
1548,2017-02-14,16.59000,16.82000,16.47000,16.68000,40100
1549,2017-02-13,16.78000,16.95000,16.43000,16.57000,15800
1550,2017-02-10,16.45000,16.70000,16.33000,16.65000,45200
1551,2017-02-09,16.17000,16.69000,15.67000,16.34000,65700
1552,2017-02-08,16.34000,16.37000,15.93000,16.20000,24900
1553,2017-02-07,16.59000,16.75000,16.36000,16.45000,13200
1554,2017-02-06,16.19000,16.60000,16.19000,16.55000,43500
1555,2017-02-03,16.10000,16.55000,16.10000,16.53000,29000
1556,2017-02-02,15.83000,16.14000,15.83000,16.06000,31500
1557,2017-02-01,16.15000,16.23000,16.02000,16.10000,12600
1558,2017-01-31,15.81000,16.10000,15.81000,16.03000,28100
1559,2017-01-30,16.21000,16.21000,15.69000,15.69000,18800
1560,2017-01-27,16.30000,16.37000,16.20000,16.26000,10600
1561,2017-01-26,16.36000,16.45000,16.30000,16.33000,25000
1562,2017-01-25,16.16000,16.42000,16.15000,16.37000,18400
1563,2017-01-24,16.16000,16.33000,16.03000,16.22000,9500
1564,2017-01-23,16.06000,16.40000,16.05000,16.14000,17600
1565,2017-01-20,16.14000,16.21000,15.74000,16.10000,34100
1566,2017-01-19,16.08000,16.35000,16.08000,16.16000,33500
1567,2017-01-18,16.24000,16.24000,15.98000,16.12000,8800
1568,2017-01-17,16.18000,16.37000,15.69000,16.21000,81100
1569,2017-01-13,16.25000,16.42000,16.22000,16.28000,44600
1570,2017-01-12,16.37000,16.37000,16.07000,16.26000,16300
1571,2017-01-11,16.34000,16.50000,16.23000,16.41000,20700
1572,2017-01-10,16.25000,16.43000,16.20000,16.28000,24400
1573,2017-01-09,16.20000,16.34000,15.99000,16.24000,14400
1574,2017-01-06,16.30000,16.49000,15.90000,16.25000,41600
1575,2017-01-05,16.28000,16.48000,16.13000,16.28000,30900
1576,2017-01-04,16.45000,16.59000,16.37000,16.49000,47000
1577,2017-01-03,16.50000,16.54000,15.99000,16.32000,31300
1578,2016-12-30,16.36000,16.40000,16.22000,16.34000,28400
1579,2016-12-29,16.35000,16.50000,16.00000,16.37000,37800
1580,2016-12-28,16.36000,16.50000,16.28000,16.35000,18700
1581,2016-12-27,16.56000,16.65000,16.36000,16.39000,92400
1582,2016-12-23,16.60000,16.71000,16.00000,16.50000,55800
1583,2016-12-22,16.54000,16.59000,16.11000,16.46000,34200
1584,2016-12-21,16.53000,16.53000,16.46000,16.49000,47600
1585,2016-12-20,16.25000,16.78000,16.25000,16.50000,59700
1586,2016-12-19,16.00000,16.22000,15.97000,16.22000,91600
1587,2016-12-16,16.00000,16.02000,15.79000,15.96000,85800
1588,2016-12-15,15.98000,16.12000,15.66000,15.98000,50900
1589,2016-12-14,15.55000,16.10000,15.42000,15.90000,383500
1590,2016-12-13,15.62000,15.65000,15.50000,15.59000,134700
1591,2016-12-12,15.79000,15.85000,15.55000,15.61000,19000
1592,2016-12-09,15.76000,15.80000,15.70000,15.76000,23000
1593,2016-12-08,15.71000,15.79000,15.50000,15.68000,29900
1594,2016-12-07,15.68000,15.74000,15.51000,15.68000,17400
1595,2016-12-06,15.35000,15.96000,15.34000,15.61000,24900
1596,2016-12-05,15.18000,15.41000,15.06000,15.32000,28900
1597,2016-12-02,15.10000,15.15000,14.85000,15.14000,9900
1598,2016-12-01,14.85000,15.39000,14.85000,15.03000,23300
1599,2016-11-30,14.80000,15.01000,14.78000,14.86000,26400
1600,2016-11-29,14.86000,14.93000,14.61000,14.73000,8200
1601,2016-11-28,15.05000,15.05000,14.76000,14.83000,15000
1602,2016-11-25,15.01000,15.12000,14.92000,14.99000,9300
1603,2016-11-23,14.83000,15.02000,14.78000,14.98000,19800
1604,2016-11-22,14.84000,14.85000,14.57000,14.78000,28300
1605,2016-11-21,14.42000,14.93000,14.31000,14.76000,32300
1606,2016-11-18,14.18000,14.59000,13.87000,14.50000,33200
1607,2016-11-17,13.45000,14.14000,13.45000,14.12000,33900
1608,2016-11-16,13.20000,13.50000,13.14000,13.47000,40700
1609,2016-11-15,13.20000,13.29000,12.90000,13.21000,57100
1610,2016-11-14,13.48000,13.69000,13.22000,13.30000,46900
1611,2016-11-11,13.37000,13.67000,13.29000,13.39000,61700
1612,2016-11-10,13.41000,13.51000,13.29000,13.35000,37900
1613,2016-11-09,13.20000,13.30000,13.01000,13.30000,29200
1614,2016-11-08,13.19000,13.25000,13.12000,13.19000,18300
1615,2016-11-07,13.10000,13.32000,12.96000,13.22000,21300
1616,2016-11-04,12.88000,13.08000,12.83000,12.92000,25700
1617,2016-11-03,12.83000,12.97000,12.74000,12.83000,12900
1618,2016-11-02,12.97000,13.12000,12.90000,12.91000,15900
1619,2016-11-01,13.27000,13.57000,12.92000,12.96000,34200
1620,2016-10-31,13.10000,13.18000,13.04000,13.12000,37500
1621,2016-10-28,13.12000,13.19000,13.02000,13.09000,9700
1622,2016-10-27,13.17000,13.17000,13.05000,13.10000,6300
1623,2016-10-26,13.12000,13.31000,13.12000,13.15000,10600
1624,2016-10-25,13.13000,13.21000,13.12000,13.13000,93800
1625,2016-10-24,13.07000,13.21000,13.01000,13.18000,7100
1626,2016-10-21,12.75000,13.10000,12.75000,13.00000,40200
1627,2016-10-20,13.08000,13.25000,13.06000,13.21000,6900
1628,2016-10-19,13.18000,13.25000,13.05000,13.13000,9000
1629,2016-10-18,13.20000,13.44000,13.11000,13.23000,12800
1630,2016-10-17,13.07000,13.22000,13.05000,13.17000,10300
1631,2016-10-14,13.04000,13.15000,13.04000,13.09000,3800
1632,2016-10-13,13.00000,13.07000,12.90000,13.06000,8600
1633,2016-10-12,13.01000,13.16000,13.00000,13.04000,34600
1634,2016-10-11,13.16000,13.16000,13.00000,13.01000,10100
1635,2016-10-10,13.23000,13.24000,13.05000,13.18000,27300
1636,2016-10-07,13.12000,13.24000,13.05000,13.07000,9200
1637,2016-10-06,13.15000,13.23000,13.06000,13.07000,5800
1638,2016-10-05,13.16000,13.31000,13.14000,13.20000,8700
1639,2016-10-04,13.05000,13.27000,13.05000,13.14000,22100
1640,2016-10-03,13.05000,13.08000,12.95000,13.06000,12700
1641,2016-09-30,12.83000,13.09000,12.83000,13.05000,23200
1642,2016-09-29,12.85000,12.99000,12.84000,12.85000,14500
1643,2016-09-28,12.76000,12.97000,12.76000,12.94000,9900
1644,2016-09-27,12.81000,12.89000,12.77000,12.86000,43500
1645,2016-09-26,12.81000,12.90000,12.80000,12.80000,23200
1646,2016-09-23,12.88000,13.00000,12.84000,12.94000,13900
1647,2016-09-22,12.94000,12.94000,12.79000,12.88000,17900
1648,2016-09-21,12.72000,12.95000,12.72000,12.86000,49100
1649,2016-09-20,12.90000,12.96000,12.69000,12.73000,15300
1650,2016-09-19,12.91000,13.16000,12.84000,12.93000,42600
1651,2016-09-16,12.82000,12.99000,12.60000,12.82000,57000
1652,2016-09-15,12.76000,12.78000,12.61000,12.78000,24600
1653,2016-09-14,12.75000,12.76000,12.62000,12.62000,10200
1654,2016-09-13,12.75000,12.97000,12.62000,12.71000,18400
1655,2016-09-12,12.83000,12.86000,12.68000,12.83000,20600
1656,2016-09-09,12.96000,12.97000,12.67000,12.73000,20100
1657,2016-09-08,12.91000,13.04000,12.86000,13.03000,13100
1658,2016-09-07,12.80000,13.08000,12.65000,12.96000,19600
1659,2016-09-06,12.77000,12.83000,12.62000,12.76000,12900
1660,2016-09-02,12.64000,12.95000,12.64000,12.76000,10100
1661,2016-09-01,12.44000,12.67000,12.34000,12.67000,15000
1662,2016-08-31,13.00000,13.01000,12.41000,12.42000,56100
1663,2016-08-30,12.87000,13.04000,12.76000,12.98000,14900
1664,2016-08-29,12.96000,13.13000,12.72000,12.87000,10800
1665,2016-08-26,12.93000,13.00000,12.83000,12.89000,8000
1666,2016-08-25,12.81000,13.08000,12.66000,13.00000,17600
1667,2016-08-24,12.89000,13.12000,12.74000,12.78000,24700
1668,2016-08-23,12.97000,13.25000,12.92000,12.93000,12700
1669,2016-08-22,12.81000,13.11000,12.77000,13.00000,19400
1670,2016-08-19,12.80000,12.95000,12.66000,12.80000,34200
1671,2016-08-18,12.81000,12.85000,12.70000,12.85000,14100
1672,2016-08-17,12.84000,12.84000,12.71000,12.79000,10900
1673,2016-08-16,12.92000,12.97000,12.73000,12.79000,15400
1674,2016-08-15,12.65000,12.94000,12.65000,12.92000,16200
1675,2016-08-12,12.83000,13.00000,12.58000,12.65000,17600
1676,2016-08-11,12.69000,12.87000,12.64000,12.82000,17200
1677,2016-08-10,12.69000,12.72000,12.61000,12.62000,6100
1678,2016-08-09,12.76000,12.76000,12.64000,12.73000,12200
1679,2016-08-08,13.00000,13.00000,12.67000,12.81000,12500
1680,2016-08-05,12.75000,12.87000,12.55000,12.83000,23800
1681,2016-08-04,12.76000,13.00000,12.68000,12.72000,17900
1682,2016-08-03,12.79000,13.00000,12.63000,12.75000,12700
1683,2016-08-02,12.95000,13.00000,12.71000,12.79000,20900
1684,2016-08-01,13.26000,13.26000,12.85000,12.98000,16200
1685,2016-07-29,13.00000,13.34000,12.83000,13.33000,79900
1686,2016-07-28,13.14000,13.15000,12.54000,13.00000,23500
1687,2016-07-27,12.84000,13.59000,12.84000,13.15000,67700
1688,2016-07-26,12.70000,12.89000,12.51000,12.88000,63800
1689,2016-07-25,12.25000,12.79000,12.20000,12.70000,70900
1690,2016-07-22,12.32000,12.32000,12.23000,12.23000,39500
1691,2016-07-21,12.35000,12.39000,12.27000,12.30000,24500
1692,2016-07-20,12.45000,12.45000,12.34000,12.40000,28400
1693,2016-07-19,12.44000,12.45000,12.35000,12.39000,25400
1694,2016-07-18,12.31000,12.49000,12.26000,12.42000,21100
1695,2016-07-15,12.50000,12.50000,12.14000,12.38000,32200
1696,2016-07-14,12.40000,12.50000,12.22000,12.47000,27200
1697,2016-07-13,12.35000,12.49000,12.13000,12.37000,21200
1698,2016-07-12,12.37000,12.50000,12.32000,12.35000,51900
1699,2016-07-11,12.38000,12.42000,12.21000,12.37000,33500
1700,2016-07-08,12.21000,12.49000,12.13000,12.28000,27400
1701,2016-07-07,12.43000,12.50000,11.95000,12.13000,73900
1702,2016-07-06,12.07000,12.43000,12.07000,12.39000,24900
1703,2016-07-05,12.24000,12.28000,12.07000,12.17000,27400
1704,2016-07-01,12.18000,12.47000,12.03000,12.21000,21900
1705,2016-06-30,12.17000,12.21000,11.93000,12.15000,52700
1706,2016-06-29,12.02000,12.20000,11.92000,12.17000,28500
1707,2016-06-28,11.99000,12.04000,11.85000,11.96000,54500
1708,2016-06-27,11.75000,11.97000,11.60000,11.83000,47800
1709,2016-06-24,12.16000,12.38000,11.75000,11.80000,1035800
1710,2016-06-23,12.38000,12.49000,12.31000,12.40000,66500
1711,2016-06-22,12.04000,12.40000,12.04000,12.39000,56600
1712,2016-06-21,11.95000,12.18000,11.92000,12.00000,38600
1713,2016-06-20,11.97000,12.36000,11.90000,12.13000,46600
1714,2016-06-17,12.05000,12.34000,11.75000,11.92000,67700
1715,2016-06-16,12.14000,12.15000,11.91000,11.99000,99700
1716,2016-06-15,12.25000,12.30000,12.15000,12.23000,33500
1717,2016-06-14,12.22000,12.32000,12.08000,12.29000,16800
1718,2016-06-13,12.77000,12.77000,12.11000,12.30000,40600
1719,2016-06-10,12.43000,12.64000,12.35000,12.42000,30700
1720,2016-06-09,12.24000,12.48000,12.17000,12.42000,15600
1721,2016-06-08,12.24000,12.28000,12.24000,12.25000,43400
1722,2016-06-07,11.79000,12.33000,11.63000,12.14000,183700
1723,2016-06-06,11.74000,11.76000,11.70000,11.75000,45600
1724,2016-06-03,11.81000,11.83000,11.74000,11.74000,19900
1725,2016-06-02,11.78000,11.84000,11.78000,11.82000,37300
1726,2016-06-01,11.90000,11.95000,11.84000,11.84000,66500
1727,2016-05-31,12.07000,12.07000,11.91000,11.91000,6800
1728,2016-05-27,11.96000,12.16000,11.96000,12.11000,25000
1729,2016-05-26,12.00000,12.00000,11.64000,11.93000,392600
1730,2016-05-25,12.01000,12.06000,11.97000,12.00000,24700
1731,2016-05-24,12.01000,12.17000,12.00000,12.01000,28100
1732,2016-05-23,12.10000,12.10000,11.90000,11.99000,16200
1733,2016-05-20,12.12000,12.15000,12.00000,12.02000,12400
1734,2016-05-19,12.04000,12.11000,11.87000,12.00000,24000
1735,2016-05-18,12.14000,12.18000,12.00000,12.06000,11000
1736,2016-05-17,12.28000,12.28000,12.08000,12.09000,6600
1737,2016-05-16,12.16000,12.25000,12.10000,12.25000,8600
1738,2016-05-13,12.00000,12.20000,12.00000,12.09000,9600
1739,2016-05-12,12.11000,12.13000,12.02000,12.09000,17100
1740,2016-05-11,12.10000,12.15000,12.08000,12.11000,39600
1741,2016-05-10,12.10000,12.14000,12.00000,12.08000,139800
1742,2016-05-09,12.15000,12.16000,12.02000,12.05000,16900
1743,2016-05-06,12.25000,12.25000,12.18000,12.25000,16800
1744,2016-05-05,12.24000,12.25000,12.17000,12.20000,6600
1745,2016-05-04,12.24000,12.24000,12.16000,12.21000,6300
1746,2016-05-03,12.17000,12.25000,12.17000,12.22000,8500
1747,2016-05-02,12.35000,12.39000,12.29000,12.30000,8100
1748,2016-04-29,12.35000,12.37000,12.25000,12.30000,3100
1749,2016-04-28,12.40000,12.46000,12.31000,12.35000,18400
1750,2016-04-27,12.42000,12.48000,12.39000,12.40000,8200
1751,2016-04-26,12.40000,12.54000,12.40000,12.48000,16500
1752,2016-04-25,12.25000,12.61000,12.04000,12.52000,33000
1753,2016-04-22,12.44000,12.45000,12.00000,12.37000,11900
1754,2016-04-21,12.41000,12.43000,12.29000,12.42000,12400
1755,2016-04-20,12.40000,12.47000,12.36000,12.42000,31000
1756,2016-04-19,12.50000,12.54000,12.39000,12.45000,15100
1757,2016-04-18,12.74000,12.74000,12.30000,12.48000,18000
1758,2016-04-15,12.55000,12.72000,12.42000,12.60000,15100
1759,2016-04-14,12.50000,12.57000,12.13000,12.53000,16200
1760,2016-04-13,12.28000,12.50000,12.28000,12.48000,13200
1761,2016-04-12,12.09000,12.30000,11.97000,12.28000,47300
1762,2016-04-11,12.11000,12.20000,11.91000,12.05000,70900
1763,2016-04-08,12.32000,12.38000,12.07000,12.15000,11400
1764,2016-04-07,12.26000,12.31000,12.16000,12.27000,20900
1765,2016-04-06,12.06000,12.43000,11.99000,12.30000,25100
1766,2016-04-05,12.08000,12.33000,11.95000,11.96000,33000
1767,2016-04-04,12.19000,12.29000,11.99000,12.11000,48500
1768,2016-04-01,12.04000,12.37000,12.02000,12.18000,33500
1769,2016-03-31,12.20000,12.22000,11.92000,11.92000,31600
1770,2016-03-30,12.24000,12.46000,12.12000,12.18000,38300
1771,2016-03-29,12.30000,12.45000,12.18000,12.18000,43200
1772,2016-03-28,12.11000,12.39000,12.11000,12.22000,12500
1773,2016-03-24,12.20000,12.25000,12.12000,12.17000,10000
1774,2016-03-23,12.25000,12.30000,12.17000,12.25000,14300
1775,2016-03-22,12.30000,12.50000,12.14000,12.24000,38100
1776,2016-03-21,12.46000,12.53000,12.24000,12.30000,13300
1777,2016-03-18,12.47000,12.50000,12.37000,12.41000,19100
1778,2016-03-17,12.63000,12.68000,12.42000,12.55000,53800
1779,2016-03-16,12.57000,12.60000,12.45000,12.53000,8800
1780,2016-03-15,12.65000,12.65000,12.51000,12.51000,8200
1781,2016-03-14,12.58000,12.65000,12.53000,12.65000,14600
1782,2016-03-11,12.55000,12.64000,12.50000,12.56000,22300
1783,2016-03-10,12.52000,12.58000,12.42000,12.55000,17700
1784,2016-03-09,12.65000,12.72000,12.50000,12.55000,15300
1785,2016-03-08,12.60000,12.94000,12.55000,12.58000,9500
1786,2016-03-07,12.60000,12.73000,12.55000,12.58000,10300
1787,2016-03-04,12.66000,12.72000,12.50000,12.71000,22400
1788,2016-03-03,12.55000,12.62000,12.52000,12.56000,13800
1789,2016-03-02,12.70000,12.70000,12.57000,12.63000,13700
1790,2016-03-01,12.54000,12.71000,12.35000,12.70000,21800
1791,2016-02-29,12.80000,12.90000,12.60000,12.62000,11900
1792,2016-02-26,12.76000,13.03000,12.55000,12.68000,10600
1793,2016-02-25,12.80000,13.10000,12.60000,12.75000,16100
1794,2016-02-24,12.78000,13.02000,12.76000,12.80000,31200
1795,2016-02-23,12.66000,12.80000,12.66000,12.80000,6600
1796,2016-02-22,12.61000,12.80000,12.61000,12.79000,9100
1797,2016-02-19,12.49000,12.60000,12.48000,12.57000,6400
1798,2016-02-18,12.52000,12.52000,12.44000,12.48000,4100
1799,2016-02-17,12.47000,12.61000,12.40000,12.61000,9900
1800,2016-02-16,12.63000,12.68000,12.33000,12.68000,4200
1801,2016-02-12,12.28000,12.58000,12.10000,12.50000,8500
1802,2016-02-11,12.40000,12.67000,12.27000,12.27000,3300
1803,2016-02-10,12.75000,12.81000,12.55000,12.67000,8600
1804,2016-02-09,13.00000,13.00000,12.76000,12.78000,1500
1805,2016-02-08,13.00000,13.01000,12.70000,12.78000,3500
1806,2016-02-05,13.00000,13.12000,12.91000,12.91000,2300
1807,2016-02-04,13.09000,13.10000,12.99000,13.09000,6300
1808,2016-02-03,12.95000,13.07000,12.95000,13.00000,4600
1809,2016-02-02,13.01000,13.09000,13.01000,13.08000,5100
1810,2016-02-01,13.08000,13.10000,12.96000,13.00000,6700
1811,2016-01-29,13.16000,13.20000,13.09000,13.09000,9500
1812,2016-01-28,13.07000,13.14000,12.96000,13.07000,16100
1813,2016-01-27,12.89000,13.11000,12.75000,12.93000,3700
1814,2016-01-26,12.67000,12.97000,12.67000,12.84000,8000
1815,2016-01-25,12.89000,12.89000,12.67000,12.74000,5600
1816,2016-01-22,12.93000,12.93000,12.86000,12.88000,3600
1817,2016-01-21,12.96000,13.00000,12.72000,12.94000,7200
1818,2016-01-20,12.92000,13.04000,12.13000,12.86000,13300
1819,2016-01-19,12.90000,13.10000,12.65000,12.91000,8200
1820,2016-01-15,13.09000,13.15000,12.68000,12.69000,11500
1821,2016-01-14,13.04000,13.19000,13.01000,13.17000,6100
1822,2016-01-13,13.16000,13.19000,13.00000,13.05000,11700
1823,2016-01-12,13.09000,13.20000,12.96000,13.18000,19000
1824,2016-01-11,13.14000,13.19000,12.96000,13.19000,9200
1825,2016-01-08,13.09000,13.15000,13.02000,13.02000,11100
1826,2016-01-07,13.10000,13.23000,13.03000,13.23000,11600
1827,2016-01-06,13.26000,13.29000,13.03000,13.22000,6200
1828,2016-01-05,13.18000,13.40000,12.95000,13.34000,18700
1829,2016-01-04,13.14000,13.23000,12.98000,13.21000,26500
1830,2015-12-31,13.00000,13.36000,12.90000,13.06000,7800
1831,2015-12-30,13.30000,13.33000,12.22000,13.14000,12500
1832,2015-12-29,13.17000,13.34000,12.99000,13.21000,125700
1833,2015-12-28,12.56000,13.30000,12.56000,12.95000,14900
1834,2015-12-24,12.26000,12.69000,12.24000,12.69000,1300
1835,2015-12-23,12.90000,12.95000,12.12000,12.91000,10000
1836,2015-12-22,12.61000,12.95000,12.17000,12.95000,10000
1837,2015-12-21,12.45000,12.88000,12.45000,12.74000,5600
1838,2015-12-18,12.84000,12.84000,12.12000,12.55000,226100
1839,2015-12-17,12.90000,13.10000,12.41000,12.69000,32900
1840,2015-12-16,12.59000,13.54000,12.50000,12.88000,26400
1841,2015-12-15,13.07000,13.20000,12.64000,12.67000,16400
1842,2015-12-14,12.90000,13.08000,12.85000,12.99000,14500
1843,2015-12-11,12.91000,13.05000,12.86000,12.89000,24100
1844,2015-12-10,12.99000,13.03000,12.97000,12.98000,14200
1845,2015-12-09,12.85000,13.11000,12.85000,13.00000,15800
1846,2015-12-08,12.96000,13.02000,12.87000,13.00000,34000
1847,2015-12-07,12.30000,13.27000,12.25000,12.88000,68300
1848,2015-12-04,12.17000,12.35000,12.16000,12.30000,64000
1849,2015-12-03,12.15000,12.21000,12.15000,12.21000,5700
1850,2015-12-02,12.11000,12.17000,12.11000,12.15000,2900
1851,2015-12-01,12.25000,12.25000,12.08000,12.18000,7400
1852,2015-11-30,12.11000,12.44000,12.11000,12.35000,10200
1853,2015-11-27,12.00000,12.26000,12.00000,12.26000,3200
1854,2015-11-25,11.99000,12.10000,11.98000,12.05000,2800
1855,2015-11-24,11.93000,12.00000,11.93000,12.00000,2800
1856,2015-11-23,11.92000,12.00000,11.92000,11.94000,5700
1857,2015-11-20,11.87000,11.99000,11.73000,11.89000,8200
1858,2015-11-19,11.87000,11.87000,11.74000,11.80000,3100
1859,2015-11-18,11.72000,11.88000,11.72000,11.74000,5600
1860,2015-11-17,11.69000,11.84000,11.51000,11.78000,16600
1861,2015-11-16,11.61000,11.88000,11.60000,11.68000,27900
1862,2015-11-13,11.70000,11.70000,11.60000,11.63000,8700
1863,2015-11-12,11.52000,11.62000,11.52000,11.62000,1100
1864,2015-11-11,11.53000,11.73000,11.53000,11.65000,3300
1865,2015-11-10,11.40000,11.63000,11.40000,11.50000,90600
1866,2015-11-09,11.45000,11.45000,11.41000,11.44000,16700
1867,2015-11-06,11.36000,11.48000,11.36000,11.43000,6300
1868,2015-11-05,11.36000,11.50000,11.34000,11.45000,8100
1869,2015-11-04,11.45000,11.51000,11.43000,11.45000,8300
1870,2015-11-03,11.47000,11.47000,11.40000,11.44000,14800
1871,2015-11-02,11.42000,11.50000,11.40000,11.45000,18000
1872,2015-10-30,11.45000,11.46000,11.40000,11.40000,7100
1873,2015-10-29,11.45000,11.45000,11.40000,11.42000,3900
1874,2015-10-28,11.45000,11.50000,11.40000,11.50000,11700
1875,2015-10-27,11.45000,11.45000,11.36000,11.36000,7700
1876,2015-10-26,11.45000,11.46000,11.40000,11.43000,1700
1877,2015-10-23,11.24000,11.55000,11.24000,11.28000,8800
1878,2015-10-22,11.45000,11.45000,11.39000,11.45000,12900
1879,2015-10-21,11.51000,11.51000,11.33000,11.44000,4900
1880,2015-10-20,11.54000,11.56000,11.29000,11.56000,3000
1881,2015-10-19,11.55000,11.58000,11.48000,11.48000,2900
1882,2015-10-16,11.63000,11.63000,11.50000,11.63000,7900
1883,2015-10-15,11.50000,11.63000,11.50000,11.60000,9200
1884,2015-10-14,11.51000,11.51000,11.42000,11.42000,3700
1885,2015-10-13,11.23000,11.49000,11.19000,11.46000,7100
1886,2015-10-12,11.40000,11.48000,11.20000,11.47000,26200
1887,2015-10-09,11.26000,11.51000,11.17000,11.29000,7300
1888,2015-10-08,11.21000,11.47000,11.21000,11.40000,7400
1889,2015-10-07,11.60000,11.61000,11.30000,11.42000,13200
1890,2015-10-06,11.31000,11.56000,11.14000,11.52000,24200
1891,2015-10-05,11.55000,11.55000,11.17000,11.54000,25900
1892,2015-10-02,11.37000,11.62000,11.30000,11.55000,11400
1893,2015-10-01,11.32000,11.78000,11.32000,11.36000,17700
1894,2015-09-30,11.27000,11.32000,11.12000,11.29000,11200
1895,2015-09-29,10.98000,11.18000,10.98000,11.18000,7900
1896,2015-09-28,11.17000,11.34000,10.99000,11.05000,19000
1897,2015-09-25,11.19000,11.43000,11.17000,11.20000,19600
1898,2015-09-24,11.53000,11.53000,11.19000,11.30000,10700
1899,2015-09-23,11.36000,11.58000,11.30000,11.44000,10400
1900,2015-09-22,11.78000,11.78000,11.35000,11.35000,43100
1901,2015-09-21,11.74000,11.75000,11.41000,11.41000,3600
1902,2015-09-18,11.46000,11.75000,11.45000,11.73000,28700
1903,2015-09-17,11.41000,11.53000,11.40000,11.46000,6600
1904,2015-09-16,11.43000,11.44000,11.40000,11.40000,4100
1905,2015-09-15,11.42000,11.48000,11.42000,11.48000,6200
1906,2015-09-14,11.42000,11.51000,11.40000,11.49000,7700
1907,2015-09-11,11.44000,11.57000,11.41000,11.57000,19600
1908,2015-09-10,11.54000,11.58000,11.40000,11.47000,4300
1909,2015-09-09,11.55000,11.55000,11.41000,11.42000,4600
1910,2015-09-08,11.59000,11.59000,11.36000,11.45000,951800
1911,2015-09-04,11.47000,11.48000,11.34000,11.47000,7300
1912,2015-09-03,11.40000,11.46000,11.26000,11.46000,2200
1913,2015-09-02,11.27000,11.53000,11.27000,11.42000,8500
1914,2015-09-01,11.15000,11.43000,11.15000,11.43000,37600
1915,2015-08-31,11.40000,11.40000,11.35000,11.40000,8300
1916,2015-08-28,11.26000,11.58000,11.26000,11.43000,3200
1917,2015-08-27,11.25000,11.40000,11.20000,11.28000,58700
1918,2015-08-26,11.32000,11.32000,11.09000,11.13000,10900
1919,2015-08-25,11.35000,11.36000,11.15000,11.36000,39300
1920,2015-08-24,11.43000,11.43000,11.40000,11.40000,8800
1921,2015-08-21,11.43000,11.48000,11.43000,11.48000,1800
1922,2015-08-20,11.37000,11.47000,11.37000,11.40000,4900
1923,2015-08-19,11.50000,11.51000,11.48000,11.50000,4000
1924,2015-08-18,11.48000,11.57000,11.48000,11.57000,1700
1925,2015-08-17,11.25000,11.57000,11.25000,11.39000,2200
1926,2015-08-14,11.60000,11.61000,11.26000,11.49000,3900
1927,2015-08-13,11.60000,11.60000,11.50000,11.59000,1300
1928,2015-08-12,11.26000,11.50000,11.26000,11.50000,9400
1929,2015-08-11,11.56000,11.56000,11.36000,11.36000,9000
1930,2015-08-10,11.50000,11.68000,11.50000,11.55000,3600
1931,2015-08-07,11.54000,11.68000,11.45000,11.64000,3400
1932,2015-08-06,11.42000,11.68000,11.37000,11.62000,7500
1933,2015-08-05,11.67000,11.68000,11.32000,11.43000,12400
1934,2015-08-04,11.47000,11.69000,11.38000,11.53000,4800
1935,2015-08-03,11.51000,11.65000,11.50000,11.53000,7000
1936,2015-07-31,11.56000,11.62000,11.50000,11.52000,31200
1937,2015-07-30,11.54000,11.59000,11.44000,11.59000,2600
1938,2015-07-29,11.44000,11.63000,11.43000,11.46000,64200
1939,2015-07-28,11.39000,11.50000,11.39000,11.41000,14800
1940,2015-07-27,11.46000,11.69000,11.39000,11.45000,39400
1941,2015-07-24,11.42000,11.44000,11.41000,11.41000,1100
1942,2015-07-23,11.45000,11.75000,11.42000,11.60000,6800
1943,2015-07-22,11.45000,11.50000,11.45000,11.50000,11100
1944,2015-07-21,11.74000,11.84000,11.52000,11.59000,10000
1945,2015-07-20,11.58000,12.00000,11.48000,11.90000,1300
1946,2015-07-17,11.45000,11.49000,11.45000,11.49000,500
1947,2015-07-16,11.61000,11.89000,11.35000,11.42000,10200
1948,2015-07-15,11.53000,11.60000,11.53000,11.60000,5600
1949,2015-07-14,11.32000,11.50000,11.30000,11.50000,23400
1950,2015-07-13,11.25000,11.43000,11.25000,11.33000,12800
1951,2015-07-10,11.56000,11.56000,11.30000,11.30000,8600
1952,2015-07-09,11.27000,11.35000,11.25000,11.25000,18600
1953,2015-07-08,11.43000,11.46000,11.24000,11.24000,7800
1954,2015-07-07,11.48000,11.52000,11.41000,11.52000,1000
1955,2015-07-06,11.52000,11.52000,11.52000,11.52000,300
1956,2015-07-02,11.38000,11.38000,11.28000,11.30000,22500
1957,2015-07-01,11.25000,11.39000,11.24000,11.24000,1300
1958,2015-06-30,11.43000,11.43000,11.08000,11.08000,4800
1959,2015-06-29,11.44000,11.44000,11.03000,11.33000,7100
1960,2015-06-26,11.48000,11.54000,11.47000,11.50000,3100
1961,2015-06-25,11.51000,11.98000,11.42000,11.51000,6800
1962,2015-06-24,11.51000,11.56000,11.49000,11.53000,14700
1963,2015-06-23,11.66000,11.81000,11.61000,11.61000,5100
1964,2015-06-22,11.50000,11.61000,11.48000,11.61000,7700
1965,2015-06-19,11.43000,11.63000,11.43000,11.45000,4300
1966,2015-06-18,11.55000,11.55000,11.43000,11.43000,20100
1967,2015-06-17,11.60000,11.62000,11.55000,11.55000,2400
1968,2015-06-16,11.61000,11.62000,11.61000,11.62000,2600
1969,2015-06-15,11.78000,11.78000,11.54000,11.65000,1600
1970,2015-06-12,11.75000,11.75000,11.74000,11.74000,800
1971,2015-06-11,11.78000,11.78000,11.61000,11.61000,900
1972,2015-06-10,11.74000,11.79000,11.74000,11.75000,900
1973,2015-06-09,11.70000,11.71000,11.58000,11.58000,1700
1974,2015-06-08,11.59000,11.69000,11.50000,11.69000,1600
1975,2015-06-05,11.60000,11.63000,11.44000,11.63000,1400
1976,2015-06-04,11.58000,11.72000,11.46000,11.72000,10500
1977,2015-06-03,11.66000,11.66000,11.61000,11.61000,3200
1978,2015-06-02,11.78000,11.78000,11.56000,11.56000,4900
1979,2015-06-01,11.90000,11.90000,11.80000,11.80000,5100
1980,2015-05-29,11.92000,11.92000,11.62000,11.76000,10600
1981,2015-05-28,12.20000,12.20000,11.66000,11.79000,29200
1982,2015-05-27,11.91000,12.20000,11.91000,12.11000,4100
1983,2015-05-26,11.94000,11.94000,11.79000,11.79000,600
1984,2015-05-22,12.07000,12.07000,11.80000,12.04000,4200
1985,2015-05-21,11.88000,11.88000,11.88000,11.88000,0
1986,2015-05-20,11.96000,11.98000,11.88000,11.88000,1300
1987,2015-05-19,11.97000,12.00000,11.85000,11.93000,52100
1988,2015-05-18,12.08000,12.10000,11.86000,12.00000,2400
1989,2015-05-15,11.79000,12.12000,11.79000,12.12000,2100
1990,2015-05-14,11.95000,12.00000,11.76000,11.94000,11400
1991,2015-05-13,12.14000,12.14000,11.84000,12.00000,4600
1992,2015-05-12,12.00000,12.00000,11.88000,11.96000,6700
1993,2015-05-11,11.90000,11.97000,11.90000,11.94000,4400
1994,2015-05-08,11.84000,11.84000,11.67000,11.79000,3100
1995,2015-05-07,11.68000,11.96000,11.67000,11.94000,2200
1996,2015-05-06,11.96000,11.96000,11.86000,11.90000,3700
1997,2015-05-05,11.56000,11.94000,11.56000,11.94000,1200
1998,2015-05-04,11.84000,11.95000,11.84000,11.95000,1800
1999,2015-05-01,11.75000,11.77000,11.53000,11.77000,13900
2000,2015-04-30,11.81000,12.00000,11.40000,11.51000,8900
2001,2015-04-29,11.65000,11.89000,11.45000,11.85000,35400
2002,2015-04-28,11.65000,11.65000,11.35000,11.46000,23500
2003,2015-04-27,11.95000,11.95000,11.69000,11.69000,6500
2004,2015-04-24,11.97000,11.97000,11.80000,11.94000,9000
2005,2015-04-23,12.03000,12.03000,11.80000,11.82000,6600
2006,2015-04-22,11.86000,12.00000,11.86000,11.90000,1800
2007,2015-04-21,12.00000,12.00000,11.92000,11.92000,1700
2008,2015-04-20,11.98000,12.14000,11.85000,12.00000,20300
2009,2015-04-17,11.85000,12.16000,11.85000,12.14000,500
2010,2015-04-16,12.18000,12.18000,11.99000,12.00000,8800
2011,2015-04-15,11.98000,12.20000,11.98000,12.18000,2400
2012,2015-04-14,12.03000,12.03000,11.87000,11.87000,3700
2013,2015-04-13,12.19000,12.19000,11.85000,11.87000,3400
2014,2015-04-10,11.66000,12.18000,11.65000,12.18000,4000
2015,2015-04-09,11.66000,11.69000,11.65000,11.69000,2200
2016,2015-04-08,11.68000,11.68000,11.68000,11.68000,0
2017,2015-04-07,11.75000,11.79000,11.68000,11.68000,4300
2018,2015-04-06,11.89000,12.19000,11.55000,11.76000,9100
2019,2015-04-02,11.92000,12.22000,11.55000,12.22000,9300
2020,2015-04-01,11.90000,12.20000,11.90000,11.95000,1900
2021,2015-03-31,12.12000,12.50000,11.90000,11.90000,3800
2022,2015-03-30,12.00000,12.10000,11.95000,12.09000,3500
2023,2015-03-27,11.98000,11.98000,11.90000,11.95000,1900
2024,2015-03-26,12.00000,12.00000,11.90000,11.99000,3300
2025,2015-03-25,11.97000,12.23000,11.91000,11.97000,5600
2026,2015-03-24,11.75000,12.00000,11.75000,11.98000,2600
2027,2015-03-23,12.10000,12.10000,11.98000,11.98000,4800
2028,2015-03-20,12.12000,12.17000,12.03000,12.03000,1500
2029,2015-03-19,12.17000,12.31000,12.08000,12.25000,3900
2030,2015-03-18,12.39000,12.39000,12.24000,12.24000,700
2031,2015-03-17,12.41000,12.41000,12.09000,12.39000,4700
2032,2015-03-16,12.15000,12.20000,12.05000,12.08000,8500
2033,2015-03-13,12.19000,12.19000,12.01000,12.18000,4000
2034,2015-03-12,12.17000,12.31000,12.17000,12.18000,2500
2035,2015-03-11,12.30000,12.38000,12.10000,12.30000,8600
2036,2015-03-10,12.38000,12.39000,12.10000,12.33000,6100
2037,2015-03-09,12.01000,12.39000,12.01000,12.39000,14600
2038,2015-03-06,11.96000,12.00000,11.89000,11.98000,5000
2039,2015-03-05,12.05000,12.05000,11.95000,12.03000,2500
2040,2015-03-04,12.11000,12.25000,11.66000,11.85000,5300
2041,2015-03-03,11.69000,12.03000,11.69000,11.96000,2700
2042,2015-03-02,12.17000,12.17000,11.93000,12.08000,3200
2043,2015-02-27,12.10000,12.15000,11.76000,12.09000,6300
2044,2015-02-26,12.08000,12.48000,12.08000,12.09000,3500
2045,2015-02-25,11.55000,11.99000,11.54000,11.99000,6900
2046,2015-02-24,11.59000,11.90000,11.59000,11.73000,5300
2047,2015-02-23,11.48000,11.65000,11.48000,11.61000,5600
2048,2015-02-20,11.50000,11.66000,11.50000,11.65000,11800
2049,2015-02-19,11.42000,11.50000,11.42000,11.50000,2600
2050,2015-02-18,11.45000,11.48000,11.39000,11.40000,4500
2051,2015-02-17,11.49000,11.50000,11.41000,11.41000,3300
2052,2015-02-13,11.40000,11.50000,11.24000,11.48000,5100
2053,2015-02-12,11.23000,11.50000,11.23000,11.49000,14200
2054,2015-02-11,11.24000,11.24000,11.13000,11.20000,600
2055,2015-02-10,11.10000,11.25000,11.10000,11.24000,17000
2056,2015-02-09,11.05000,11.23000,11.05000,11.14000,2700
2057,2015-02-06,11.18000,11.18000,11.15000,11.15000,5400
2058,2015-02-05,11.24000,11.28000,11.19000,11.19000,1900
2059,2015-02-04,11.14000,11.39000,11.14000,11.25000,7900
2060,2015-02-03,11.17000,11.27000,11.10000,11.27000,5500
2061,2015-02-02,11.13000,11.24000,11.13000,11.15000,900
2062,2015-01-30,11.33000,11.40000,11.15000,11.15000,3500
2063,2015-01-29,11.11000,11.37000,11.11000,11.37000,14500
2064,2015-01-28,11.23000,11.23000,11.08000,11.22000,3300
2065,2015-01-27,11.10000,11.25000,11.10000,11.24000,4400
2066,2015-01-26,11.10000,11.26000,11.10000,11.16000,6700
2067,2015-01-23,11.25000,11.25000,11.21000,11.24000,1200
2068,2015-01-22,11.15000,11.24000,11.08000,11.24000,3300
2069,2015-01-21,11.20000,11.20000,11.05000,11.14000,10400
2070,2015-01-20,11.07000,11.08000,11.05000,11.08000,3100
2071,2015-01-16,11.06000,11.24000,11.06000,11.24000,2500
2072,2015-01-15,11.09000,11.18000,11.09000,11.15000,1400
2073,2015-01-14,11.14000,11.19000,11.05000,11.05000,5300
2074,2015-01-13,11.25000,11.26000,10.80000,11.09000,4000
2075,2015-01-12,11.25000,11.33000,11.25000,11.29000,2000
2076,2015-01-09,11.17000,11.30000,11.17000,11.29000,400
2077,2015-01-08,11.20000,11.33000,11.20000,11.22000,6900
2078,2015-01-07,11.20000,11.38000,11.20000,11.22000,3500
2079,2015-01-06,11.26000,11.34000,11.11000,11.34000,14000
2080,2015-01-05,11.37000,11.39000,11.25000,11.33000,4200
2081,2015-01-02,11.34000,11.34000,11.34000,11.34000,0
2082,2014-12-31,11.36000,11.36000,11.34000,11.34000,300
2083,2014-12-30,11.46000,11.46000,11.30000,11.39000,2100
2084,2014-12-29,11.44000,11.44000,11.31000,11.41000,3300
2085,2014-12-26,11.24000,11.38000,11.24000,11.36000,5300
2086,2014-12-24,11.25000,11.29000,11.25000,11.29000,1500
2087,2014-12-23,11.45000,11.46000,11.16000,11.29000,5500
2088,2014-12-22,11.32000,11.35000,11.25000,11.25000,151500
2089,2014-12-19,11.25000,11.72000,11.10000,11.10000,53500
2090,2014-12-18,11.45000,11.45000,11.25000,11.25000,50600
2091,2014-12-17,11.18000,11.38000,11.15000,11.33000,4900
2092,2014-12-16,11.13000,11.40000,11.13000,11.18000,1400
2093,2014-12-15,11.41000,11.41000,11.41000,11.41000,400
2094,2014-12-12,11.44000,11.44000,11.13000,11.27000,1800
2095,2014-12-11,11.06000,11.28000,10.98000,11.20000,7000
2096,2014-12-10,11.39000,11.40000,11.12000,11.12000,13600
2097,2014-12-09,11.45000,11.59000,11.44000,11.44000,3700
2098,2014-12-08,11.45000,11.49000,11.45000,11.45000,1600
2099,2014-12-05,11.22000,11.65000,11.16000,11.36000,10900
2100,2014-12-04,11.44000,11.60000,11.34000,11.34000,1300
2101,2014-12-03,11.13000,11.39000,11.13000,11.18000,7100
2102,2014-12-02,11.71000,11.71000,11.27000,11.35000,4200
2103,2014-12-01,11.72000,11.85000,11.72000,11.85000,1300
2104,2014-11-28,11.72000,11.85000,11.70000,11.72000,2300
2105,2014-11-26,11.72000,11.75000,11.70000,11.75000,1900
2106,2014-11-25,11.73000,11.73000,11.73000,11.73000,0
2107,2014-11-24,11.85000,11.85000,11.32000,11.73000,3100
2108,2014-11-21,11.73000,11.82000,11.51000,11.75000,7600
2109,2014-11-20,11.07000,11.45000,11.07000,11.41000,500
2110,2014-11-19,11.10000,11.43000,11.00000,11.43000,10000
2111,2014-11-18,11.31000,11.50000,11.00000,11.25000,15900
2112,2014-11-17,11.28000,11.30000,11.25000,11.30000,3900
2113,2014-11-14,11.26000,11.53000,11.26000,11.39000,1100
2114,2014-11-13,11.54000,11.54000,11.24000,11.44000,1500
2115,2014-11-12,11.80000,11.80000,11.40000,11.40000,1700
2116,2014-11-11,11.85000,11.85000,11.45000,11.78000,2900
2117,2014-11-10,12.17000,12.89000,11.52000,11.77000,3300
2118,2014-11-07,12.95000,12.95000,11.40000,11.52000,33200
2119,2014-11-06,11.89000,13.13000,11.61000,11.61000,6300
2120,2014-11-05,11.37000,11.50000,11.35000,11.49000,8000
2121,2014-11-04,11.36000,11.80000,11.28000,11.31000,2800
2122,2014-11-03,11.44000,11.49000,11.15000,11.35000,6900
2123,2014-10-31,11.31000,11.63000,11.25000,11.58000,12500
2124,2014-10-30,11.40000,11.55000,11.30000,11.30000,3500
2125,2014-10-29,11.43000,11.44000,11.43000,11.44000,300
2126,2014-10-28,11.51000,11.51000,11.40000,11.44000,4800
2127,2014-10-27,11.35000,11.37000,11.33000,11.33000,1700
2128,2014-10-24,11.38000,11.38000,11.37000,11.37000,2200
2129,2014-10-23,11.06000,11.50000,11.05000,11.35000,9700
2130,2014-10-22,11.46000,11.46000,11.46000,11.46000,900
2131,2014-10-21,11.19000,11.34000,11.05000,11.19000,3800
2132,2014-10-20,11.30000,11.58000,11.10000,11.10000,3600
2133,2014-10-17,11.59000,11.78000,11.01000,11.35000,7500
2134,2014-10-16,11.31000,11.40000,11.18000,11.33000,3000
2135,2014-10-15,11.45000,11.50000,11.19000,11.19000,4200
2136,2014-10-14,11.52000,11.53000,11.45000,11.45000,3100
2137,2014-10-13,11.66000,11.88000,11.60000,11.60000,6000
2138,2014-10-10,11.53000,11.90000,11.53000,11.59000,4500
2139,2014-10-09,11.82000,11.82000,11.68000,11.68000,2400
2140,2014-10-08,11.72000,11.83000,11.51000,11.83000,3800
2141,2014-10-07,11.45000,11.51000,11.45000,11.50000,600
2142,2014-10-06,11.68000,11.75000,11.52000,11.52000,1700
2143,2014-10-03,11.75000,11.75000,11.75000,11.75000,500
2144,2014-10-02,11.52000,11.82000,11.52000,11.82000,2000
2145,2014-10-01,11.63000,11.70000,11.55000,11.55000,1500
2146,2014-09-30,11.23000,11.70000,11.23000,11.59000,4800
2147,2014-09-29,11.47000,11.65000,11.16000,11.60000,16000
2148,2014-09-26,11.48000,11.66000,11.47000,11.62000,12700
2149,2014-09-25,11.65000,11.66000,11.26000,11.47000,5000
2150,2014-09-24,11.35000,11.65000,11.11000,11.46000,13400
2151,2014-09-23,11.17000,11.49000,11.06000,11.49000,9000
2152,2014-09-22,11.17000,11.17000,11.05000,11.10000,5500
2153,2014-09-19,11.05000,11.32000,11.00000,11.10000,9600
2154,2014-09-18,10.90000,11.00000,10.75000,11.00000,4800
2155,2014-09-17,10.80000,10.90000,10.70000,10.90000,2600
2156,2014-09-16,10.75000,10.85000,10.75000,10.80000,1200
2157,2014-09-15,10.68000,10.90000,10.64000,10.90000,4100
2158,2014-09-12,10.77000,10.98000,10.67000,10.91000,5500
2159,2014-09-11,10.73000,11.05000,10.59000,10.88000,13600
2160,2014-09-10,11.00000,11.00000,10.75000,10.85000,2700
2161,2014-09-09,10.68000,10.75000,10.60000,10.75000,2300
2162,2014-09-08,10.73000,10.74000,10.55000,10.74000,2600
2163,2014-09-05,10.56000,10.75000,10.55000,10.75000,5200
2164,2014-09-04,10.56000,10.69000,10.56000,10.69000,4400
2165,2014-09-03,10.70000,10.70000,10.70000,10.70000,1000
2166,2014-09-02,10.56000,10.56000,10.56000,10.56000,0
2167,2014-08-29,10.58000,10.66000,10.56000,10.56000,600
2168,2014-08-28,10.70000,10.70000,10.55000,10.57000,2700
2169,2014-08-27,10.68000,10.75000,10.68000,10.70000,1800
2170,2014-08-26,10.60000,10.70000,10.60000,10.70000,2200
2171,2014-08-25,10.70000,10.79000,10.50000,10.74000,1600
2172,2014-08-22,10.68000,10.73000,10.49000,10.73000,3100
2173,2014-08-21,10.52000,10.52000,10.52000,10.52000,0
2174,2014-08-20,10.56000,10.60000,10.46000,10.52000,1000
2175,2014-08-19,10.68000,10.92000,10.51000,10.53000,14100
2176,2014-08-18,10.97000,10.97000,10.40000,10.49000,6600
2177,2014-08-15,10.77000,10.78000,10.37000,10.44000,5600
2178,2014-08-14,10.67000,10.67000,10.67000,10.67000,0
2179,2014-08-13,10.69000,10.69000,10.65000,10.67000,600
2180,2014-08-12,10.65000,10.65000,10.65000,10.65000,0
2181,2014-08-11,10.69000,10.88000,10.65000,10.65000,3200
2182,2014-08-08,10.66000,10.96000,10.62000,10.76000,11400
2183,2014-08-07,10.67000,10.67000,10.63000,10.63000,300
2184,2014-08-06,10.59000,10.80000,10.59000,10.70000,800
2185,2014-08-05,10.71000,11.10000,10.60000,10.62000,2000
2186,2014-08-04,10.81000,11.09000,10.71000,10.85000,1700
2187,2014-08-01,10.75000,10.76000,10.57000,10.76000,3500
2188,2014-07-31,11.00000,11.00000,11.00000,11.00000,300
2189,2014-07-30,10.84000,11.00000,10.61000,10.99000,1200
2190,2014-07-29,10.66000,10.92000,10.65000,10.72000,3700
2191,2014-07-28,10.55000,10.55000,10.55000,10.55000,0
2192,2014-07-25,10.75000,10.75000,10.52000,10.55000,3200
2193,2014-07-24,10.65000,10.65000,10.65000,10.65000,0
2194,2014-07-23,10.65000,10.65000,10.65000,10.65000,400
2195,2014-07-22,10.61000,10.64000,10.61000,10.64000,2100
2196,2014-07-21,10.63000,10.66000,10.47000,10.47000,3600
2197,2014-07-18,10.67000,10.68000,10.63000,10.63000,3000
2198,2014-07-17,10.65000,10.65000,10.64000,10.64000,500
2199,2014-07-16,10.57000,10.84000,10.57000,10.83000,3200
2200,2014-07-15,10.85000,10.85000,10.85000,10.85000,0
2201,2014-07-14,10.46000,10.85000,10.46000,10.85000,2900
2202,2014-07-11,10.86000,10.86000,10.46000,10.46000,1400
2203,2014-07-10,11.13000,11.31000,10.85000,10.97000,6300
2204,2014-07-09,10.99000,10.99000,10.99000,10.99000,0
2205,2014-07-08,11.02000,11.02000,10.75000,10.99000,3100
2206,2014-07-07,11.06000,11.20000,10.90000,11.16000,5400
2207,2014-07-03,11.02000,11.02000,11.00000,11.00000,800
2208,2014-07-02,11.25000,11.36000,11.25000,11.25000,500
2209,2014-07-01,11.23000,11.43000,11.23000,11.43000,1100
2210,2014-06-30,11.35000,11.46000,11.00000,11.16000,3100
2211,2014-06-27,10.96000,11.70000,10.93000,11.70000,10000
2212,2014-06-26,10.98000,10.98000,10.96000,10.96000,1300
2213,2014-06-25,10.52000,10.96000,10.52000,10.95000,10200
2214,2014-06-24,10.51000,10.69000,10.51000,10.69000,3400
2215,2014-06-23,10.54000,10.69000,10.37000,10.69000,3300
2216,2014-06-20,10.46000,10.63000,10.39000,10.63000,2300
2217,2014-06-19,10.62000,10.62000,10.57000,10.57000,1700
2218,2014-06-18,10.57000,10.57000,10.57000,10.57000,0
2219,2014-06-17,10.73000,10.74000,10.57000,10.57000,900
2220,2014-06-16,10.76000,10.90000,10.69000,10.90000,6500
2221,2014-06-13,10.70000,10.81000,10.70000,10.81000,200
2222,2014-06-12,10.60000,11.00000,10.54000,10.71000,6000
2223,2014-06-11,10.50000,10.65000,10.45000,10.64000,12100
2224,2014-06-10,10.35000,10.45000,10.22000,10.45000,5400
2225,2014-06-09,10.53000,10.53000,10.36000,10.36000,1900
2226,2014-06-06,10.41000,10.65000,10.41000,10.59000,25900
2227,2014-06-05,10.20000,10.42000,10.20000,10.42000,16300
2228,2014-06-04,10.43000,10.43000,10.38000,10.38000,300
2229,2014-06-03,10.17000,10.21000,10.16000,10.20000,6900
2230,2014-06-02,10.30000,10.30000,10.18000,10.21000,3500
2231,2014-05-30,10.40000,10.40000,10.40000,10.40000,700
2232,2014-05-29,10.40000,10.40000,10.40000,10.40000,0
2233,2014-05-28,10.27000,10.45000,10.27000,10.40000,12800
2234,2014-05-27,10.42000,10.42000,10.42000,10.42000,200
2235,2014-05-23,10.43000,10.43000,10.41000,10.43000,5900
2236,2014-05-22,10.37000,10.37000,10.30000,10.30000,700
2237,2014-05-21,10.42000,10.42000,10.42000,10.42000,100
2238,2014-05-20,10.29000,10.43000,10.11000,10.43000,1800
2239,2014-05-19,10.28000,10.28000,10.28000,10.28000,100
2240,2014-05-16,10.09000,10.38000,10.09000,10.28000,3800
2241,2014-05-15,10.06000,10.06000,10.06000,10.06000,900
2242,2014-05-14,10.18000,10.18000,10.05000,10.06000,1900
2243,2014-05-13,10.15000,10.21000,10.15000,10.18000,10000
2244,2014-05-12,10.25000,10.25000,10.06000,10.12000,6400
2245,2014-05-09,10.14000,10.25000,10.06000,10.14000,26200
2246,2014-05-08,10.17000,10.22000,10.14000,10.20000,6300
2247,2014-05-07,10.15000,10.20000,10.11000,10.15000,6500
2248,2014-05-06,10.18000,10.18000,10.10000,10.13000,5800
2249,2014-05-05,10.30000,10.31000,10.15000,10.16000,3900
2250,2014-05-02,10.29000,10.29000,10.23000,10.26000,4300
2251,2014-05-01,10.34000,10.34000,10.30000,10.30000,4200
2252,2014-04-30,10.34000,10.34000,10.33000,10.34000,2200
2253,2014-04-29,10.33000,10.34000,10.30000,10.33000,5300
2254,2014-04-28,10.26000,10.30000,10.26000,10.27000,1800
2255,2014-04-25,10.19000,10.19000,10.19000,10.19000,0
2256,2014-04-24,10.22000,10.22000,10.19000,10.19000,500
2257,2014-04-23,10.39000,10.44000,10.30000,10.39000,1800
2258,2014-04-22,10.45000,10.45000,10.41000,10.45000,6900
2259,2014-04-21,10.28000,10.45000,10.28000,10.45000,3000
2260,2014-04-17,10.33000,10.36000,10.18000,10.18000,6500
2261,2014-04-16,10.23000,10.43000,10.21000,10.26000,8600
2262,2014-04-15,10.17000,10.22000,10.16000,10.22000,9100
2263,2014-04-14,10.20000,10.20000,10.18000,10.20000,4400
2264,2014-04-11,10.15000,10.20000,10.15000,10.20000,2200
2265,2014-04-10,10.15000,10.19000,10.15000,10.15000,4200
2266,2014-04-09,10.19000,10.19000,10.15000,10.15000,1600
2267,2014-04-08,10.17000,10.17000,10.15000,10.17000,4300
2268,2014-04-07,10.19000,10.19000,10.15000,10.15000,3700
2269,2014-04-04,10.14000,10.15000,10.12000,10.15000,5400
2270,2014-04-03,10.17000,10.19000,10.17000,10.18000,4100
2271,2014-04-02,10.10000,10.18000,10.10000,10.11000,2400
2272,2014-04-01,10.09000,10.19000,10.05000,10.11000,17300
2273,2014-03-31,10.18000,10.19000,10.10000,10.19000,6100
2274,2014-03-28,10.16000,10.18000,10.08000,10.15000,18800
2275,2014-03-27,10.18000,10.19000,10.04000,10.05000,18300
2276,2014-03-26,10.11000,10.19000,10.05000,10.05000,11900
2277,2014-03-25,9.98000,10.10000,9.84000,10.08000,13600
2278,2014-03-24,9.98000,10.04000,9.87000,9.87000,4000
2279,2014-03-21,9.85000,9.85000,9.81000,9.82000,5600
2280,2014-03-20,10.00000,10.03000,10.00000,10.00000,2000
2281,2014-03-19,9.94000,10.04000,9.94000,10.04000,1800
2282,2014-03-18,10.02000,10.02000,9.87000,9.96000,4800
2283,2014-03-17,9.97000,10.00000,9.95000,10.00000,2800
2284,2014-03-14,10.05000,10.05000,9.85000,9.87000,16000
2285,2014-03-13,10.04000,10.11000,9.98000,10.08000,44600
2286,2014-03-12,10.09000,10.09000,10.00000,10.08000,3000
2287,2014-03-11,10.04000,10.05000,9.95000,10.02000,137000
2288,2014-03-10,10.10000,10.10000,10.00000,10.02000,37400
2289,2014-03-07,10.10000,10.10000,10.09000,10.10000,1500
2290,2014-03-06,10.01000,10.10000,9.99000,10.04000,51600
2291,2014-03-05,10.06000,10.09000,10.00000,10.09000,27600
2292,2014-03-04,10.16000,10.16000,10.02000,10.02000,1800
2293,2014-03-03,10.10000,10.18000,10.09000,10.12000,1600
2294,2014-02-28,10.05000,10.05000,9.99000,10.05000,32700
2295,2014-02-27,10.13000,10.13000,9.95000,10.00000,28100
2296,2014-02-26,10.00000,10.10000,9.98000,9.99000,6000
2297,2014-02-25,10.13000,10.13000,10.00000,10.00000,11700
2298,2014-02-24,10.14000,10.14000,10.00000,10.00000,23600
2299,2014-02-21,10.08000,10.15000,10.04000,10.11000,5700
2300,2014-02-20,10.00000,10.02000,9.99000,10.00000,51300
2301,2014-02-19,10.05000,10.11000,9.95000,10.11000,23800
2302,2014-02-18,10.09000,10.15000,10.09000,10.15000,4800
2303,2014-02-14,10.15000,10.15000,10.15000,10.15000,3600
2304,2014-02-13,10.15000,10.15000,10.04000,10.06000,4600
2305,2014-02-12,10.03000,10.11000,10.03000,10.11000,3200
2306,2014-02-11,9.98000,10.15000,9.98000,10.15000,1100
2307,2014-02-10,10.13000,10.13000,10.13000,10.13000,0
2308,2014-02-07,10.13000,10.13000,10.13000,10.13000,300
2309,2014-02-06,10.14000,10.14000,10.14000,10.14000,300
2310,2014-02-05,10.14000,10.14000,10.00000,10.00000,7600
2311,2014-02-04,10.15000,10.18000,10.05000,10.05000,7800
2312,2014-02-03,10.15000,10.19000,10.05000,10.10000,9000
2313,2014-01-31,10.21000,10.21000,10.20000,10.20000,3700
2314,2014-01-30,10.22000,10.22000,10.16000,10.16000,1300
2315,2014-01-29,10.16000,10.23000,10.16000,10.23000,3900
2316,2014-01-28,10.23000,10.24000,10.22000,10.23000,12900
2317,2014-01-27,10.24000,10.24000,10.15000,10.23000,12900
2318,2014-01-24,10.20000,10.20000,10.10000,10.10000,900
2319,2014-01-23,10.20000,10.20000,10.17000,10.20000,2200
2320,2014-01-22,10.15000,10.20000,10.15000,10.20000,600
2321,2014-01-21,10.14000,10.15000,10.14000,10.15000,1500
2322,2014-01-17,10.13000,10.15000,10.10000,10.14000,3100
2323,2014-01-16,10.10000,10.13000,10.10000,10.13000,2400
2324,2014-01-15,10.14000,10.14000,10.14000,10.14000,300
2325,2014-01-14,10.10000,10.10000,9.98000,10.10000,8700
2326,2014-01-13,10.01000,10.11000,10.01000,10.04000,2000
2327,2014-01-10,10.13000,10.13000,9.95000,10.02000,2700
2328,2014-01-09,10.16000,10.16000,10.00000,10.02000,7400
2329,2014-01-08,10.04000,10.09000,9.92000,10.06000,1700
2330,2014-01-07,10.08000,10.09000,9.91000,10.09000,15300
2331,2014-01-06,9.95000,10.07000,9.93000,9.93000,21000
2332,2014-01-03,9.94000,10.02000,9.94000,9.98000,1700
2333,2014-01-02,10.02000,10.02000,9.99000,9.99000,800
2334,2013-12-31,10.15000,10.15000,9.99000,10.01000,2100
2335,2013-12-30,10.11000,10.20000,10.03000,10.20000,800
2336,2013-12-27,10.20000,10.20000,10.20000,10.20000,0
2337,2013-12-26,10.20000,10.20000,10.20000,10.20000,200
2338,2013-12-24,10.18000,10.18000,10.09000,10.11000,600
2339,2013-12-23,10.08000,10.25000,9.87000,10.25000,14900
2340,2013-12-20,10.06000,10.13000,9.88000,10.11000,25900
2341,2013-12-19,9.95000,10.08000,9.86000,10.08000,3500
2342,2013-12-18,9.97000,10.13000,9.97000,10.13000,6500
2343,2013-12-17,9.91000,10.00000,9.90000,10.00000,36900
2344,2013-12-16,9.90000,9.98000,9.90000,9.97000,6900
2345,2013-12-13,10.00000,10.00000,9.90000,9.94000,8000
2346,2013-12-12,9.95000,9.99000,9.92000,9.98000,8600
2347,2013-12-11,10.00000,10.00000,9.90000,9.95000,16200
2348,2013-12-10,10.00000,10.00000,9.95000,9.95000,3000
2349,2013-12-09,10.00000,10.00000,9.95000,9.95000,1200
2350,2013-12-06,9.91000,10.00000,9.90000,9.99000,6200
2351,2013-12-05,9.85000,10.00000,9.85000,9.92000,3200
2352,2013-12-04,10.00000,10.00000,9.76000,9.90000,4400
2353,2013-12-03,9.97000,10.03000,9.96000,10.03000,6900
2354,2013-12-02,9.90000,9.99000,9.90000,9.98000,12100
2355,2013-11-29,9.75000,9.85000,9.75000,9.85000,1400
2356,2013-11-27,9.75000,9.77000,9.75000,9.77000,200
2357,2013-11-26,9.88000,9.88000,9.75000,9.75000,200
2358,2013-11-25,9.77000,9.89000,9.76000,9.89000,1800
2359,2013-11-22,9.86000,9.87000,9.76000,9.76000,2800
2360,2013-11-21,9.86000,9.86000,9.81000,9.81000,1100
2361,2013-11-20,9.85000,9.85000,9.80000,9.85000,2200
2362,2013-11-19,9.85000,9.85000,9.79000,9.82000,5700
2363,2013-11-18,9.82000,9.85000,9.80000,9.85000,3300
2364,2013-11-15,9.88000,9.88000,9.57000,9.84000,11400
2365,2013-11-14,9.76000,9.85000,9.66000,9.78000,13300
2366,2013-11-13,9.77000,9.83000,9.55000,9.83000,11500
2367,2013-11-12,9.80000,9.84000,9.76000,9.84000,5600
2368,2013-11-11,9.79000,9.89000,9.70000,9.81000,7700
2369,2013-11-08,9.80000,9.88000,9.75000,9.75000,1300
2370,2013-11-07,9.75000,9.89000,9.70000,9.75000,7300
2371,2013-11-06,9.85000,9.90000,9.75000,9.77000,1700
2372,2013-11-05,9.79000,9.90000,9.77000,9.77000,2300
2373,2013-11-04,9.70000,9.87000,9.70000,9.72000,3500
2374,2013-11-01,9.79000,9.85000,9.70000,9.70000,4900
2375,2013-10-31,9.90000,9.90000,9.75000,9.75000,2200
2376,2013-10-30,9.88000,9.92000,9.76000,9.92000,37100
2377,2013-10-29,9.78000,9.92000,9.78000,9.80000,7900
2378,2013-10-28,9.90000,9.95000,9.75000,9.85000,2600
2379,2013-10-25,9.57000,9.84000,9.57000,9.71000,8000
2380,2013-10-24,9.66000,9.78000,9.55000,9.55000,9100
2381,2013-10-23,9.58000,9.71000,9.58000,9.71000,3300
2382,2013-10-22,9.68000,9.70000,9.60000,9.70000,239700
2383,2013-10-21,9.58000,9.71000,9.55000,9.59000,8800
2384,2013-10-18,9.54000,9.54000,9.54000,9.54000,200
2385,2013-10-17,9.67000,9.67000,9.63000,9.63000,300
2386,2013-10-16,9.63000,9.71000,9.63000,9.67000,800
2387,2013-10-15,9.63000,9.68000,9.49000,9.68000,7400
2388,2013-10-14,9.62000,9.67000,9.56000,9.67000,8800
2389,2013-10-11,9.64000,9.64000,9.46000,9.61000,16100
2390,2013-10-10,9.58000,9.64000,9.46000,9.60000,12600
2391,2013-10-09,9.53000,9.67000,9.43000,9.66000,16400
2392,2013-10-08,9.42000,9.63000,9.36000,9.57000,19000
2393,2013-10-07,9.65000,9.65000,9.40000,9.50000,16200
2394,2013-10-04,9.64000,9.69000,9.30000,9.60000,24700
2395,2013-10-03,9.78000,9.82000,9.64000,9.64000,3500
2396,2013-10-02,9.80000,9.85000,9.74000,9.74000,4400
2397,2013-10-01,9.76000,9.79000,9.69000,9.72000,4400
2398,2013-09-30,9.79000,9.84000,9.52000,9.63000,12300
2399,2013-09-27,9.78000,9.86000,9.65000,9.86000,7400
2400,2013-09-26,9.72000,9.78000,9.60000,9.78000,2300
2401,2013-09-25,9.86000,9.89000,9.60000,9.85000,8700
2402,2013-09-24,9.97000,9.97000,9.76000,9.90000,2800
2403,2013-09-23,9.83000,10.00000,9.63000,10.00000,2000
2404,2013-09-20,9.60000,9.99000,9.60000,9.99000,9600
2405,2013-09-19,9.68000,9.71000,9.63000,9.71000,18500
2406,2013-09-18,9.56000,9.75000,9.56000,9.75000,30400
2407,2013-09-17,9.57000,9.72000,9.53000,9.59000,17500
2408,2013-09-16,9.92000,9.92000,9.55000,9.64000,40000
2409,2013-09-13,9.72000,9.89000,9.71000,9.89000,1400
2410,2013-09-12,9.95000,9.95000,9.59000,9.81000,11900
2411,2013-09-11,10.01000,10.01000,9.82000,9.90000,1300
2412,2013-09-10,9.64000,10.02000,9.64000,10.02000,5800
2413,2013-09-09,9.75000,9.75000,9.29000,9.65000,28800
2414,2013-09-06,10.05000,10.05000,9.75000,9.82000,5500
2415,2013-09-05,9.79000,9.98000,9.75000,9.82000,1700
2416,2013-09-04,9.96000,9.96000,9.75000,9.83000,4500
2417,2013-09-03,9.94000,9.94000,9.94000,9.94000,0
2418,2013-08-30,10.02000,10.02000,9.85000,9.94000,3300
2419,2013-08-29,9.95000,9.95000,9.95000,9.95000,10000
2420,2013-08-28,9.92000,9.94000,9.85000,9.86000,5900
2421,2013-08-27,9.75000,10.04000,9.75000,9.92000,10200
2422,2013-08-26,10.03000,10.03000,9.62000,9.80000,9700
2423,2013-08-23,9.91000,10.05000,9.73000,9.79000,2100
2424,2013-08-22,9.64000,10.24000,9.64000,9.90000,2200
2425,2013-08-21,9.71000,9.85000,9.50000,9.66000,6300
2426,2013-08-20,9.54000,9.98000,9.54000,9.96000,10000
2427,2013-08-19,9.91000,9.91000,9.52000,9.52000,10000
2428,2013-08-16,9.98000,9.99000,9.91000,9.91000,1300
2429,2013-08-15,10.02000,10.02000,9.90000,9.90000,4600
2430,2013-08-14,9.91000,9.92000,9.91000,9.92000,800
2431,2013-08-13,10.05000,10.05000,9.94000,9.94000,81700
2432,2013-08-12,9.90000,10.05000,9.90000,10.00000,5500
2433,2013-08-09,10.02000,10.03000,9.94000,9.94000,800
2434,2013-08-08,10.03000,10.20000,9.94000,9.96000,7400
2435,2013-08-07,10.04000,10.04000,9.90000,9.90000,700
2436,2013-08-06,9.87000,9.87000,9.68000,9.79000,19100
2437,2013-08-05,10.00000,10.09000,9.46000,9.78000,10900
2438,2013-08-02,10.01000,10.01000,10.01000,10.01000,300
2439,2013-08-01,10.03000,10.05000,9.95000,9.99000,50900
2440,2013-07-31,9.77000,10.10000,9.77000,9.91000,400
2441,2013-07-30,10.01000,10.13000,10.01000,10.13000,600
2442,2013-07-29,10.05000,10.16000,9.90000,10.16000,13800
2443,2013-07-26,9.85000,10.23000,9.85000,9.94000,1000
2444,2013-07-25,9.87000,10.24000,9.85000,9.85000,5200
2445,2013-07-24,9.76000,10.14000,9.76000,9.85000,5000
2446,2013-07-23,9.95000,10.23000,9.87000,10.15000,24600
2447,2013-07-22,9.99000,10.10000,9.83000,9.87000,124700
2448,2013-07-19,9.77000,10.00000,9.74000,9.99000,6200
2449,2013-07-18,9.65000,9.90000,9.63000,9.63000,700
2450,2013-07-17,9.59000,9.80000,9.53000,9.53000,900
2451,2013-07-16,9.55000,9.81000,9.55000,9.58000,14300
2452,2013-07-15,9.44000,9.59000,9.44000,9.47000,3800
2453,2013-07-12,9.56000,9.62000,9.45000,9.47000,3800
2454,2013-07-11,9.40000,9.70000,9.40000,9.48000,18100
2455,2013-07-10,9.45000,9.48000,9.18000,9.42000,800
2456,2013-07-09,9.21000,9.59000,9.21000,9.30000,32400
2457,2013-07-08,9.41000,9.41000,9.22000,9.26000,3400
2458,2013-07-05,9.31000,9.54000,9.21000,9.54000,11600
2459,2013-07-03,9.21000,9.50000,9.15000,9.28000,5100
2460,2013-07-02,9.44000,9.45000,9.18000,9.21000,7500
2461,2013-07-01,9.58000,9.65000,9.42000,9.44000,13800
2462,2013-06-28,9.11000,9.78000,9.06000,9.78000,95200
2463,2013-06-27,9.09000,9.20000,9.05000,9.10000,17000
2464,2013-06-26,9.00000,9.13000,9.00000,9.10000,16800
2465,2013-06-25,9.15000,9.26000,9.05000,9.05000,7300
2466,2013-06-24,9.22000,9.25000,9.15000,9.15000,6700
2467,2013-06-21,9.21000,9.25000,9.15000,9.24000,29100
2468,2013-06-20,9.17000,9.21000,9.09000,9.14000,11500
2469,2013-06-19,9.38000,9.38000,9.16000,9.25000,66000
2470,2013-06-18,9.35000,9.38000,9.30000,9.33000,2500
2471,2013-06-17,9.31000,9.40000,9.18000,9.38000,13500
2472,2013-06-14,9.47000,9.47000,9.47000,9.47000,700
2473,2013-06-13,9.67000,9.91000,9.10000,9.48000,67300
2474,2013-06-12,9.00000,9.81000,9.00000,9.81000,1900
2475,2013-06-11,9.22000,9.39000,8.90000,9.09000,84200
2476,2013-06-10,9.35000,9.54000,8.71000,9.21000,18300
2477,2013-06-07,9.66000,9.80000,9.30000,9.30000,10900
2478,2013-06-06,9.50000,9.73000,9.35000,9.70000,5600
2479,2013-06-05,9.69000,9.92000,9.51000,9.54000,18400
2480,2013-06-04,9.94000,10.06000,9.55000,9.68000,18000
2481,2013-06-03,10.05000,10.05000,9.46000,9.87000,8200
2482,2013-05-31,10.08000,10.28000,10.04000,10.25000,56700
2483,2013-05-30,10.00000,10.13000,9.70000,10.12000,22800
2484,2013-05-29,10.01000,10.02000,9.79000,9.85000,2600
2485,2013-05-28,9.96000,10.09000,9.96000,10.00000,4300
2486,2013-05-24,9.55000,10.10000,9.31000,10.08000,9700
2487,2013-05-23,9.33000,10.08000,9.22000,9.52000,6700
2488,2013-05-22,9.82000,10.07000,9.16000,9.38000,26800
2489,2013-05-21,10.00000,10.07000,9.65000,9.79000,27800
2490,2013-05-20,10.04000,10.19000,9.85000,10.10000,15400
2491,2013-05-17,10.15000,10.27000,9.88000,9.89000,1900
2492,2013-05-16,10.13000,10.25000,9.90000,9.90000,8200
2493,2013-05-15,10.33000,10.33000,10.05000,10.11000,2400
2494,2013-05-14,10.10000,10.23000,10.00000,10.21000,4200
2495,2013-05-13,10.00000,10.23000,9.78000,9.90000,10200
2496,2013-05-10,10.15000,10.15000,9.90000,9.98000,5300
2497,2013-05-09,10.20000,10.30000,9.82000,9.96000,66200
2498,2013-05-08,10.28000,10.32000,10.25000,10.29000,15500
2499,2013-05-07,10.22000,10.36000,10.12000,10.36000,16700
2500,2013-05-06,10.15000,10.39000,10.15000,10.24000,27400
2501,2013-05-03,10.11000,10.32000,10.11000,10.28000,4600
2502,2013-05-02,10.32000,10.34000,10.05000,10.05000,7600
2503,2013-05-01,10.00000,10.43000,10.00000,10.34000,32500
2504,2013-04-30,10.11000,10.35000,10.05000,10.13000,39500
2505,2013-04-29,10.26000,10.43000,10.00000,10.07000,33700
2506,2013-04-26,10.05000,10.20000,9.85000,10.00000,8800
2507,2013-04-25,10.26000,10.29000,10.05000,10.22000,15400
2508,2013-04-24,9.84000,10.35000,9.84000,10.27000,14400
2509,2013-04-23,10.06000,10.15000,9.70000,9.77000,11300
2510,2013-04-22,10.19000,10.39000,10.03000,10.03000,5400
2511,2013-04-19,10.30000,10.35000,10.13000,10.13000,2300
2512,2013-04-18,10.32000,10.35000,10.17000,10.30000,5500
2513,2013-04-17,10.22000,10.25000,10.10000,10.15000,6100
2514,2013-04-16,10.18000,10.32000,10.18000,10.32000,4400
2515,2013-04-15,10.30000,10.35000,10.06000,10.21000,13000
2516,2013-04-12,9.94000,10.35000,9.90000,10.30000,3400
2517,2013-04-11,9.60000,10.29000,9.60000,9.96000,104100
2518,2013-04-10,9.71000,9.91000,9.55000,9.55000,2800
2519,2013-04-09,9.54000,9.93000,9.54000,9.72000,1700
2520,2013-04-08,9.82000,9.93000,9.80000,9.82000,1600
2521,2013-04-05,9.92000,9.94000,9.55000,9.76000,5900
2522,2013-04-04,9.89000,10.00000,9.89000,9.94000,3300
2523,2013-04-03,9.77000,10.15000,9.77000,9.82000,50900
2524,2013-04-02,9.60000,9.92000,9.58000,9.70000,31900
2525,2013-04-01,9.60000,9.60000,9.50000,9.60000,3800
2526,2013-03-28,9.62000,9.69000,9.50000,9.68000,6200
2527,2013-03-27,9.63000,9.69000,9.61000,9.61000,63000
2528,2013-03-26,9.58000,9.68000,9.40000,9.63000,4500
2529,2013-03-25,9.71000,9.91000,9.49000,9.84000,10700
2530,2013-03-22,9.55000,9.69000,9.55000,9.60000,2500
2531,2013-03-21,9.68000,9.69000,9.50000,9.50000,7900
2532,2013-03-20,9.74000,9.74000,9.35000,9.46000,5200
2533,2013-03-19,9.67000,9.67000,9.40000,9.40000,31500
2534,2013-03-18,9.50000,9.70000,9.50000,9.70000,2100
2535,2013-03-15,9.75000,9.75000,9.55000,9.55000,12800
2536,2013-03-14,9.85000,9.85000,9.67000,9.67000,32000
2537,2013-03-13,9.74000,9.74000,9.74000,9.74000,2100
2538,2013-03-12,9.82000,9.86000,9.80000,9.86000,3200
2539,2013-03-11,9.76000,9.85000,9.75000,9.85000,5100
2540,2013-03-08,9.76000,9.91000,9.75000,9.75000,1100
2541,2013-03-07,9.80000,9.94000,9.57000,9.94000,21100
2542,2013-03-06,9.89000,9.90000,9.89000,9.89000,1200
2543,2013-03-05,9.85000,9.85000,9.83000,9.83000,200
2544,2013-03-04,9.89000,9.91000,9.68000,9.86000,1100
2545,2013-03-01,9.25000,9.93000,9.25000,9.93000,4500
2546,2013-02-28,9.31000,9.81000,9.20000,9.45000,5300
2547,2013-02-27,9.72000,9.97000,9.20000,9.20000,11300
2548,2013-02-26,9.99000,10.00000,9.83000,9.88000,2800
2549,2013-02-25,10.34000,10.34000,9.95000,10.01000,3300
2550,2013-02-22,10.03000,12.00000,10.01000,10.45000,2500
2551,2013-02-21,10.00000,10.00000,10.00000,10.00000,300
2552,2013-02-20,9.95000,9.95000,9.95000,9.95000,400
2553,2013-02-19,9.99000,9.99000,9.76000,9.94000,3100
2554,2013-02-15,9.76000,9.99000,9.76000,9.99000,3800
2555,2013-02-14,9.97000,9.98000,9.97000,9.98000,2300
2556,2013-02-13,9.98000,9.98000,9.86000,9.95000,2800
2557,2013-02-12,10.00000,10.07000,9.90000,9.98000,12700
2558,2013-02-11,9.70000,10.00000,9.70000,10.00000,2700
2559,2013-02-08,9.42000,9.70000,9.40000,9.69000,3400
2560,2013-02-07,9.46000,9.66000,9.40000,9.42000,3600
2561,2013-02-06,9.75000,9.75000,9.41000,9.50000,900
2562,2013-02-05,9.51000,9.75000,9.51000,9.75000,2500
2563,2013-02-04,9.39000,9.75000,9.39000,9.64000,7200
2564,2013-02-01,9.31000,9.78000,9.31000,9.35000,8300
2565,2013-01-31,9.32000,9.32000,9.32000,9.32000,100
2566,2013-01-30,9.20000,9.30000,9.10000,9.30000,50700
2567,2013-01-29,9.28000,9.28000,9.24000,9.24000,1700
2568,2013-01-28,9.10000,9.32000,9.10000,9.32000,3100
2569,2013-01-25,8.97000,9.10000,8.97000,9.07000,9200
2570,2013-01-24,8.93000,9.07000,8.60000,9.05000,28500
2571,2013-01-23,9.11000,9.11000,9.00000,9.00000,69300
2572,2013-01-22,8.85000,9.10000,8.85000,9.09000,10500
2573,2013-01-18,8.77000,8.80000,8.76000,8.80000,6200
2574,2013-01-17,8.69000,8.90000,8.64000,8.78000,52600
2575,2013-01-16,8.59000,8.59000,8.59000,8.59000,100
2576,2013-01-15,8.53000,8.75000,8.17000,8.59000,3800
2577,2013-01-14,8.49000,8.55000,8.49000,8.55000,600
2578,2013-01-11,8.47000,8.70000,8.45000,8.70000,700
2579,2013-01-10,8.24000,8.24000,8.24000,8.24000,100
2580,2013-01-09,8.49000,8.61000,8.17000,8.24000,7200
2581,2013-01-08,8.20000,8.58000,8.20000,8.55000,10100
2582,2013-01-07,8.07000,8.26000,8.07000,8.25000,12300
2583,2013-01-04,8.14000,8.15000,8.14000,8.15000,400
2584,2013-01-03,7.98000,8.15000,7.98000,8.15000,11800
2585,2013-01-02,8.15000,8.15000,7.80000,7.90000,5600
2586,2012-12-31,8.11000,8.14000,8.00000,8.14000,4900
2587,2012-12-28,7.97000,8.15000,7.96000,8.15000,3900
2588,2012-12-27,7.92000,8.00000,7.91000,8.00000,2500
2589,2012-12-26,8.11000,8.11000,8.11000,8.11000,300
2590,2012-12-24,8.10000,8.15000,8.10000,8.15000,700
2591,2012-12-21,8.15000,8.15000,8.10000,8.10000,4200
2592,2012-12-20,7.98000,8.15000,7.98000,8.02000,4100
2593,2012-12-19,8.12000,8.12000,7.85000,7.85000,13400
2594,2012-12-18,8.18000,8.59000,7.91000,8.14000,1400
2595,2012-12-17,8.00000,8.05000,8.00000,8.05000,7700
2596,2012-12-14,8.00000,8.00000,7.94000,8.00000,1100
2597,2012-12-13,8.00000,8.13000,7.85000,8.13000,5800
2598,2012-12-12,7.80000,8.04000,7.80000,8.00000,4200
2599,2012-12-11,8.12000,8.14000,7.86000,8.14000,2200
2600,2012-12-10,8.03000,8.15000,8.03000,8.15000,21900
2601,2012-12-07,8.14000,8.21000,7.79000,8.16000,7500
2602,2012-12-06,8.08000,8.25000,8.08000,8.14000,5300
2603,2012-12-05,8.18000,8.25000,8.13000,8.24000,4100
2604,2012-12-04,8.19000,8.23000,7.83000,7.92000,16300
2605,2012-12-03,8.11000,8.24000,8.11000,8.22000,3800
2606,2012-11-30,8.14000,8.20000,8.14000,8.20000,1600
2607,2012-11-29,7.94000,8.20000,7.94000,8.20000,400
2608,2012-11-28,7.97000,7.97000,7.93000,7.93000,7600
2609,2012-11-27,8.14000,8.14000,7.95000,7.99000,11700
2610,2012-11-26,8.14000,8.20000,8.14000,8.15000,1100
2611,2012-11-23,8.09000,8.14000,8.09000,8.14000,600
2612,2012-11-21,8.11000,8.13000,8.10000,8.10000,5600
2613,2012-11-20,7.85000,8.12000,7.85000,8.02000,500
2614,2012-11-19,8.14000,8.14000,8.12000,8.12000,12300
2615,2012-11-16,8.00000,8.12000,8.00000,8.12000,300
2616,2012-11-15,7.95000,8.06000,7.95000,8.06000,900
2617,2012-11-14,8.15000,8.20000,8.00000,8.00000,8400
2618,2012-11-13,8.12000,8.12000,8.12000,8.12000,100
2619,2012-11-12,8.14000,8.15000,8.07000,8.10000,17500
2620,2012-11-09,8.15000,8.15000,8.04000,8.04000,3300
2621,2012-11-08,8.06000,8.14000,8.06000,8.14000,600
2622,2012-11-07,7.98000,8.14000,7.95000,7.95000,2900
2623,2012-11-06,8.15000,8.15000,8.00000,8.04000,4200
2624,2012-11-05,8.02000,8.02000,8.00000,8.00000,1700
2625,2012-11-02,8.00000,8.00000,8.00000,8.00000,100
2626,2012-11-01,8.02000,8.12000,8.00000,8.00000,1100
2627,2012-10-31,8.00000,8.14000,8.00000,8.14000,300
2628,2012-10-26,8.05000,8.09000,8.01000,8.01000,1200
2629,2012-10-25,8.11000,8.12000,8.11000,8.12000,1900
2630,2012-10-24,8.14000,8.15000,8.14000,8.15000,500
2631,2012-10-23,8.13000,8.13000,8.13000,8.13000,400
2632,2012-10-22,8.00000,8.00000,8.00000,8.00000,0
2633,2012-10-19,8.00000,8.00000,8.00000,8.00000,300
2634,2012-10-18,8.15000,8.15000,8.00000,8.00000,500
2635,2012-10-17,8.08000,8.10000,8.08000,8.10000,500
2636,2012-10-16,8.00000,8.02000,8.00000,8.00000,1000
2637,2012-10-15,8.10000,8.10000,8.00000,8.01000,6500
2638,2012-10-12,8.15000,8.15000,8.15000,8.15000,10300
2639,2012-10-11,8.12000,8.20000,8.12000,8.20000,300
2640,2012-10-10,8.13000,8.14000,8.12000,8.14000,1600
2641,2012-10-09,8.17000,8.21000,8.05000,8.09000,72300
2642,2012-10-08,8.12000,8.12000,7.95000,7.95000,7800
2643,2012-10-05,8.00000,8.07000,8.00000,8.00000,12000
2644,2012-10-04,7.90000,8.00000,7.90000,8.00000,129300
2645,2012-10-03,7.95000,8.00000,7.89000,7.95000,31900
2646,2012-10-02,7.95000,8.00000,7.92000,8.00000,14800
2647,2012-10-01,7.93000,8.00000,7.93000,7.95000,1500
2648,2012-09-28,7.94000,8.11000,7.94000,8.00000,800
2649,2012-09-27,7.86000,8.00000,7.86000,8.00000,19400
2650,2012-09-26,7.82000,8.04000,7.81000,7.87000,4800
2651,2012-09-25,7.79000,7.94000,7.71000,7.94000,39700
2652,2012-09-24,7.89000,7.89000,7.65000,7.65000,7500
2653,2012-09-21,7.83000,8.06000,7.78000,8.06000,17100
2654,2012-09-20,7.67000,7.84000,7.66000,7.84000,7500
2655,2012-09-19,7.59000,7.73000,7.47000,7.47000,800
2656,2012-09-18,7.55000,7.65000,7.55000,7.63000,1900
2657,2012-09-17,7.70000,7.82000,7.46000,7.50000,3000
2658,2012-09-14,7.70000,7.70000,7.70000,7.70000,400
2659,2012-09-13,7.75000,7.75000,7.75000,7.75000,200
2660,2012-09-12,7.75000,7.86000,7.56000,7.56000,10200
2661,2012-09-11,7.51000,7.66000,7.50000,7.50000,19100
2662,2012-09-10,7.64000,7.64000,7.64000,7.64000,700
2663,2012-09-07,7.63000,7.63000,7.63000,7.63000,400
2664,2012-09-06,7.65000,7.65000,7.57000,7.57000,700
2665,2012-09-05,7.82000,7.85000,7.71000,7.71000,5100
2666,2012-09-04,7.75000,7.83000,7.60000,7.60000,8900
2667,2012-08-31,7.85000,7.85000,7.85000,7.85000,300
2668,2012-08-30,7.70000,7.70000,7.70000,7.70000,0
2669,2012-08-29,7.83000,7.83000,7.70000,7.70000,600
2670,2012-08-28,7.71000,7.71000,7.70000,7.70000,400
2671,2012-08-27,7.77000,7.97000,7.77000,7.80000,1100
2672,2012-08-24,7.80000,8.00000,7.80000,7.80000,5000
2673,2012-08-23,7.75000,7.75000,7.69000,7.69000,400
2674,2012-08-22,7.52000,7.80000,7.52000,7.75000,2600
2675,2012-08-21,7.74000,7.80000,7.40000,7.58000,1900
2676,2012-08-20,7.80000,7.80000,7.80000,7.80000,0
2677,2012-08-17,7.31000,7.80000,7.30000,7.80000,8200
2678,2012-08-16,7.55000,7.55000,7.40000,7.41000,1800
2679,2012-08-15,7.54000,7.54000,7.54000,7.54000,0
2680,2012-08-14,7.54000,7.54000,7.54000,7.54000,100
2681,2012-08-13,7.40000,7.55000,7.40000,7.55000,10000
2682,2012-08-10,7.37000,7.46000,7.37000,7.45000,700
2683,2012-08-09,7.34000,7.34000,7.34000,7.34000,200
2684,2012-08-08,7.33000,7.35000,7.33000,7.35000,1800
2685,2012-08-07,7.38000,7.38000,7.34000,7.34000,500
2686,2012-08-06,7.47000,7.47000,7.33000,7.33000,6200
2687,2012-08-03,7.46000,7.50000,7.33000,7.33000,4000
2688,2012-08-02,7.44000,7.45000,7.44000,7.45000,1400
2689,2012-08-01,7.32000,7.32000,7.32000,7.32000,0
2690,2012-07-31,7.32000,7.32000,7.32000,7.32000,0
2691,2012-07-30,7.32000,7.32000,7.32000,7.32000,0
2692,2012-07-27,7.50000,7.50000,7.32000,7.32000,1400
2693,2012-07-26,7.42000,7.42000,7.27000,7.30000,7800
2694,2012-07-25,7.31000,7.31000,7.31000,7.31000,0
2695,2012-07-24,7.30000,7.32000,7.30000,7.31000,3400
2696,2012-07-23,7.31000,7.35000,7.30000,7.35000,3900
2697,2012-07-20,7.31000,7.31000,7.31000,7.31000,600
2698,2012-07-19,7.35000,7.35000,7.35000,7.35000,200
2699,2012-07-18,7.30000,7.31000,7.30000,7.31000,1900
2700,2012-07-17,7.32000,7.48000,7.32000,7.48000,3600
2701,2012-07-16,7.49000,7.49000,7.47000,7.48000,600
2702,2012-07-13,7.51000,7.51000,7.42000,7.42000,2400
2703,2012-07-12,7.46000,7.46000,7.46000,7.46000,200
2704,2012-07-11,7.76000,8.00000,7.36000,7.36000,600
2705,2012-07-10,7.67000,7.80000,7.67000,7.69000,2600
2706,2012-07-09,7.67000,7.80000,7.45000,7.79000,1900
2707,2012-07-06,7.87000,7.89000,7.50000,7.89000,1000
2708,2012-07-05,7.95000,7.95000,7.95000,7.95000,0
2709,2012-07-03,7.33000,8.00000,7.33000,7.95000,7600
2710,2012-07-02,7.28000,8.17000,7.28000,7.41000,13400
2711,2012-06-29,7.09000,7.80000,6.96000,7.58000,45900
2712,2012-06-28,6.92000,7.16000,6.90000,7.06000,2500
2713,2012-06-27,7.02000,7.10000,6.95000,7.00000,28300
2714,2012-06-26,7.05000,7.05000,6.98000,7.04000,2800
2715,2012-06-25,7.11000,7.20000,6.91000,7.03000,27900
2716,2012-06-22,6.90000,7.15000,6.90000,7.12000,5500
2717,2012-06-21,6.90000,7.02000,6.87000,6.87000,9100
2718,2012-06-20,6.84000,6.99000,6.83000,6.85000,60700
2719,2012-06-19,6.90000,6.95000,6.88000,6.88000,24000
2720,2012-06-18,6.90000,6.91000,6.90000,6.90000,11300
2721,2012-06-15,6.90000,6.90000,6.83000,6.85000,900
2722,2012-06-14,6.90000,6.90000,6.90000,6.90000,5000
2723,2012-06-13,6.87000,6.87000,6.87000,6.87000,200
2724,2012-06-12,6.90000,6.90000,6.84000,6.87000,800
2725,2012-06-11,6.98000,6.98000,6.85000,6.87000,1200
2726,2012-06-08,6.87000,6.87000,6.87000,6.87000,400
2727,2012-06-07,6.87000,6.87000,6.87000,6.87000,0
2728,2012-06-06,6.87000,6.87000,6.87000,6.87000,100
2729,2012-06-05,6.80000,6.80000,6.80000,6.80000,0
2730,2012-06-04,6.78000,6.98000,6.78000,6.80000,7200
2731,2012-06-01,6.97000,6.97000,6.75000,6.80000,3800
2732,2012-05-31,7.01000,7.01000,7.01000,7.01000,0
2733,2012-05-30,6.95000,7.05000,6.95000,7.01000,5700
2734,2012-05-29,7.06000,7.09000,6.76000,7.05000,7600
2735,2012-05-25,7.05000,7.07000,6.94000,6.99000,1800
2736,2012-05-24,6.92000,7.04000,6.75000,7.04000,1800
2737,2012-05-23,6.78000,6.92000,6.75000,6.89000,2700
2738,2012-05-22,7.03000,7.09000,6.93000,6.95000,2100
2739,2012-05-21,6.85000,6.85000,6.85000,6.85000,1100
2740,2012-05-18,6.75000,6.75000,6.75000,6.75000,0
2741,2012-05-17,6.85000,6.86000,6.75000,6.75000,4800
2742,2012-05-16,7.00000,7.00000,6.88000,6.90000,7400
2743,2012-05-15,7.04000,7.04000,7.00000,7.03000,1500
2744,2012-05-14,7.09000,7.09000,7.05000,7.05000,1600
2745,2012-05-11,7.05000,7.05000,7.02000,7.05000,4200
2746,2012-05-10,7.00000,7.00000,7.00000,7.00000,0
2747,2012-05-09,7.00000,7.00000,7.00000,7.00000,0
2748,2012-05-08,7.00000,7.00000,7.00000,7.00000,0
2749,2012-05-07,7.02000,7.02000,7.00000,7.00000,200
2750,2012-05-04,6.99000,6.99000,6.99000,6.99000,0
2751,2012-05-03,7.02000,7.05000,6.99000,6.99000,3000
2752,2012-05-02,7.02000,7.02000,6.97000,7.01000,4300
2753,2012-05-01,6.97000,7.02000,6.90000,7.02000,27000
2754,2012-04-30,6.90000,7.00000,6.80000,6.90000,40300
2755,2012-04-27,6.85000,6.85000,6.85000,6.85000,0
2756,2012-04-26,6.66000,6.85000,6.66000,6.85000,700
2757,2012-04-25,6.82000,6.82000,6.79000,6.79000,1500
2758,2012-04-24,6.86000,6.86000,6.86000,6.86000,100
2759,2012-04-23,6.89000,6.89000,6.70000,6.70000,6400
2760,2012-04-20,6.90000,6.90000,6.90000,6.90000,100
2761,2012-04-19,6.88000,6.90000,6.88000,6.90000,2400
2762,2012-04-18,6.87000,6.87000,6.87000,6.87000,100
2763,2012-04-17,6.88000,6.88000,6.87000,6.87000,400
2764,2012-04-16,6.85000,6.85000,6.85000,6.85000,200
2765,2012-04-13,6.85000,6.85000,6.85000,6.85000,300
2766,2012-04-12,6.88000,6.88000,6.80000,6.88000,5300
2767,2012-04-11,6.66000,6.88000,6.66000,6.88000,2400
2768,2012-04-10,6.69000,6.70000,6.65000,6.65000,5100
2769,2012-04-09,6.80000,6.80000,6.80000,6.80000,400
2770,2012-04-05,6.72000,6.72000,6.70000,6.70000,1300
2771,2012-04-04,6.88000,6.88000,6.65000,6.70000,11900
2772,2012-04-03,6.75000,6.95000,6.75000,6.90000,1700
2773,2012-04-02,6.69000,6.81000,6.69000,6.75000,900
2774,2012-03-30,6.76000,6.76000,6.50000,6.75000,4100
2775,2012-03-29,6.90000,6.90000,6.90000,6.90000,0
2776,2012-03-28,6.90000,6.90000,6.89000,6.90000,1400
2777,2012-03-27,6.84000,6.93000,6.84000,6.90000,15700
2778,2012-03-26,6.78000,6.87000,6.77000,6.84000,10900
2779,2012-03-23,6.78000,6.78000,6.78000,6.78000,200
2780,2012-03-22,6.77000,6.77000,6.77000,6.77000,300
2781,2012-03-21,6.78000,6.78000,6.70000,6.78000,7500
2782,2012-03-20,6.73000,6.78000,6.73000,6.78000,200
2783,2012-03-19,6.77000,6.77000,6.77000,6.77000,3400
2784,2012-03-16,6.73000,6.78000,6.68000,6.78000,5600
2785,2012-03-15,6.69000,6.75000,6.69000,6.75000,1400
2786,2012-03-14,6.64000,6.64000,6.64000,6.64000,400
2787,2012-03-13,6.70000,6.75000,6.70000,6.75000,3900
2788,2012-03-12,6.77000,6.77000,6.77000,6.77000,0
2789,2012-03-09,6.85000,6.90000,6.77000,6.77000,3300
2790,2012-03-08,6.77000,6.82000,6.77000,6.81000,2000
2791,2012-03-07,6.74000,6.85000,6.72000,6.85000,6500
2792,2012-03-06,6.74000,6.76000,6.74000,6.76000,2800
2793,2012-03-05,6.78000,6.80000,6.71000,6.75000,8100
2794,2012-03-02,6.71000,6.75000,6.70000,6.75000,4200
2795,2012-03-01,6.47000,6.65000,6.47000,6.65000,6000
2796,2012-02-29,6.41000,6.48000,6.41000,6.48000,2300
2797,2012-02-28,6.44000,6.44000,6.41000,6.41000,800
2798,2012-02-27,6.86000,6.86000,6.44000,6.46000,3600
2799,2012-02-24,6.73000,6.95000,6.73000,6.87000,1100
2800,2012-02-23,6.49000,6.50000,6.49000,6.50000,5400
2801,2012-02-22,6.45000,6.48000,6.45000,6.47000,4300
2802,2012-02-21,6.44000,6.50000,6.44000,6.45000,2700
2803,2012-02-17,6.37000,6.37000,6.35000,6.35000,2100
2804,2012-02-16,6.45000,6.45000,6.45000,6.45000,800
2805,2012-02-15,6.40000,6.43000,6.40000,6.43000,1200
2806,2012-02-14,6.32000,6.32000,6.31000,6.31000,1000
2807,2012-02-13,6.30000,6.31000,6.29000,6.30000,1900
2808,2012-02-10,6.36000,6.36000,6.36000,6.36000,2500
2809,2012-02-09,6.25000,6.34000,6.25000,6.34000,13000
2810,2012-02-08,6.22000,6.26000,6.14000,6.25000,19300
2811,2012-02-07,6.22000,6.22000,6.22000,6.22000,200
2812,2012-02-06,6.25000,6.25000,6.23000,6.23000,1600
2813,2012-02-03,6.25000,6.25000,6.22000,6.22000,2300
2814,2012-02-02,6.22000,6.22000,6.22000,6.22000,100
2815,2012-02-01,6.16000,6.16000,6.16000,6.16000,0
2816,2012-01-31,6.20000,6.25000,6.16000,6.16000,6800
2817,2012-01-30,6.29000,6.29000,6.29000,6.29000,0
2818,2012-01-27,6.29000,6.29000,6.29000,6.29000,2200
2819,2012-01-26,6.20000,6.20000,6.16000,6.16000,2400
2820,2012-01-25,6.20000,6.20000,6.20000,6.20000,0
2821,2012-01-24,6.20000,6.21000,6.20000,6.20000,3300
2822,2012-01-23,6.20000,6.22000,6.20000,6.22000,2000
2823,2012-01-20,6.18000,6.18000,6.16000,6.16000,400
2824,2012-01-19,6.22000,6.28000,6.15000,6.15000,7100
2825,2012-01-18,6.20000,6.21000,6.16000,6.16000,2600
2826,2012-01-17,6.20000,6.20000,6.20000,6.20000,500
2827,2012-01-13,6.17000,6.17000,6.17000,6.17000,0
2828,2012-01-12,6.17000,6.17000,6.17000,6.17000,3600
2829,2012-01-11,6.17000,6.23000,6.17000,6.17000,7900
2830,2012-01-10,6.17000,6.22000,6.17000,6.20000,4000
2831,2012-01-09,6.21000,6.21000,6.21000,6.21000,200
2832,2012-01-06,6.21000,6.21000,6.21000,6.21000,400
2833,2012-01-05,6.16000,6.18000,6.15000,6.18000,600
2834,2012-01-04,6.21000,6.25000,6.21000,6.25000,200
2835,2012-01-03,6.10000,6.10000,6.10000,6.10000,700
2836,2011-12-30,6.00000,6.10000,6.00000,6.10000,16000
2837,2011-12-29,6.04000,6.10000,6.04000,6.10000,12700
2838,2011-12-28,6.06000,6.06000,6.06000,6.06000,3000
2839,2011-12-27,6.06000,6.10000,6.06000,6.09000,7400
2840,2011-12-23,6.05000,6.15000,6.05000,6.10000,5400
2841,2011-12-22,6.07000,6.11000,6.07000,6.11000,1700
2842,2011-12-21,6.01000,6.02000,6.01000,6.02000,1400
2843,2011-12-20,6.00000,6.01000,5.95000,6.01000,11900
2844,2011-12-19,5.98000,5.98000,5.90000,5.96000,6900
2845,2011-12-16,5.99000,6.00000,5.89000,5.95000,9800
2846,2011-12-15,6.05000,6.05000,6.00000,6.00000,24900
2847,2011-12-14,5.95000,5.95000,5.78000,5.82000,11200
2848,2011-12-13,6.07000,6.07000,5.69000,5.99000,5500
2849,2011-12-12,6.10000,6.10000,6.10000,6.10000,200
2850,2011-12-09,6.19000,6.20000,6.07000,6.07000,7500
2851,2011-12-08,6.20000,6.20000,6.20000,6.20000,1300
2852,2011-12-07,6.22000,6.22000,6.20000,6.20000,800
2853,2011-12-06,6.17000,6.20000,6.15000,6.20000,700
2854,2011-12-05,6.15000,6.16000,6.14000,6.15000,12200
2855,2011-12-02,6.21000,6.21000,6.17000,6.17000,2000
2856,2011-12-01,6.33000,6.33000,6.17000,6.19000,3900
2857,2011-11-30,6.15000,6.17000,6.15000,6.17000,1600
2858,2011-11-29,6.10000,6.12000,6.05000,6.11000,3600
2859,2011-11-28,6.17000,6.21000,6.10000,6.10000,3900
2860,2011-11-25,6.20000,6.20000,6.20000,6.20000,1400
2861,2011-11-23,6.20000,6.20000,6.20000,6.20000,10800
2862,2011-11-22,6.21000,6.21000,6.16000,6.20000,23300
2863,2011-11-21,6.24000,6.25000,6.24000,6.25000,11000
2864,2011-11-18,6.24000,6.25000,6.24000,6.25000,1400
2865,2011-11-17,6.25000,6.25000,6.25000,6.25000,1400
2866,2011-11-16,6.25000,6.25000,6.25000,6.25000,3500
2867,2011-11-15,6.25000,6.25000,6.25000,6.25000,2000
2868,2011-11-14,6.10000,6.26000,6.10000,6.25000,10800
2869,2011-11-11,6.15000,6.15000,6.15000,6.15000,0
2870,2011-11-10,6.10000,6.15000,6.10000,6.15000,500
2871,2011-11-09,6.25000,6.25000,6.25000,6.25000,8600
2872,2011-11-08,6.10000,6.25000,6.10000,6.10000,2700
2873,2011-11-07,6.10000,6.10000,6.10000,6.10000,900
2874,2011-11-04,6.02000,6.15000,6.01000,6.10000,12300
2875,2011-11-03,6.07000,6.10000,6.06000,6.10000,800
2876,2011-11-02,6.06000,6.06000,6.06000,6.06000,0
2877,2011-11-01,6.08000,6.15000,6.00000,6.06000,11300
2878,2011-10-31,6.15000,6.22000,6.06000,6.06000,1800
2879,2011-10-28,6.02000,6.70000,6.01000,6.11000,31400
2880,2011-10-27,5.90000,6.12000,5.90000,6.01000,7100
2881,2011-10-26,5.89000,5.89000,5.89000,5.89000,600
2882,2011-10-25,6.03000,6.04000,6.03000,6.03000,900
2883,2011-10-24,5.88000,5.88000,5.88000,5.88000,0
2884,2011-10-21,6.15000,6.15000,5.88000,5.88000,5100
2885,2011-10-20,6.21000,6.21000,6.00000,6.03000,800
2886,2011-10-19,6.01000,6.14000,6.00000,6.02000,1800
2887,2011-10-18,6.18000,6.18000,6.02000,6.02000,2600
2888,2011-10-17,6.36000,6.36000,6.00000,6.27000,12100
2889,2011-10-14,6.02000,6.14000,6.02000,6.07000,3600
2890,2011-10-13,6.09000,6.13000,6.02000,6.02000,1600
2891,2011-10-12,6.01000,6.10000,6.01000,6.07000,2700
2892,2011-10-11,6.04000,6.04000,6.04000,6.04000,200
2893,2011-10-10,6.25000,6.25000,6.25000,6.25000,0
2894,2011-10-07,6.26000,6.26000,6.22000,6.25000,3200
2895,2011-10-06,6.25000,6.25000,6.25000,6.25000,22100
2896,2011-10-05,6.26000,6.26000,6.25000,6.25000,800
2897,2011-10-04,6.25000,6.27000,6.20000,6.20000,4400
2898,2011-10-03,6.25000,6.27000,6.25000,6.25000,5700
2899,2011-09-30,6.39000,6.40000,6.25000,6.26000,8900
2900,2011-09-29,6.20000,6.56000,6.20000,6.20000,3400
2901,2011-09-28,6.25000,6.25000,6.25000,6.25000,0
2902,2011-09-27,6.40000,6.40000,6.25000,6.25000,1700
2903,2011-09-26,6.25000,6.25000,6.25000,6.25000,0
2904,2011-09-23,6.25000,6.25000,6.25000,6.25000,0
2905,2011-09-22,6.28000,6.28000,6.25000,6.25000,12900
2906,2011-09-21,6.35000,6.36000,6.25000,6.25000,11400
2907,2011-09-20,6.64000,6.64000,6.40000,6.44000,700
2908,2011-09-19,6.55000,6.55000,6.54000,6.54000,700
2909,2011-09-16,6.32000,6.72000,6.25000,6.72000,11000
2910,2011-09-15,6.30000,6.30000,6.30000,6.30000,0
2911,2011-09-14,6.34000,6.45000,6.30000,6.30000,2500
2912,2011-09-13,6.34000,6.35000,6.30000,6.30000,700
2913,2011-09-12,6.48000,6.48000,6.14000,6.26000,7500
2914,2011-09-09,6.34000,6.44000,6.34000,6.44000,1000
2915,2011-09-08,6.50000,6.50000,6.50000,6.50000,0
2916,2011-09-07,6.50000,6.52000,6.34000,6.50000,3100
2917,2011-09-06,6.50000,6.50000,6.49000,6.49000,400
2918,2011-09-02,6.50000,6.50000,6.50000,6.50000,109500
2919,2011-09-01,6.71000,6.71000,6.71000,6.71000,0
2920,2011-08-31,6.68000,6.89000,6.53000,6.71000,1400
2921,2011-08-30,6.64000,6.76000,6.57000,6.76000,2300
2922,2011-08-29,6.50000,6.50000,6.50000,6.50000,0
2923,2011-08-26,6.56000,6.59000,6.50000,6.50000,13200
2924,2011-08-25,6.78000,6.99000,6.50000,6.52000,9900
2925,2011-08-24,6.79000,6.79000,6.74000,6.74000,1400
2926,2011-08-23,7.14000,7.14000,6.92000,6.99000,2200
2927,2011-08-22,7.10000,7.10000,7.10000,7.10000,0
2928,2011-08-19,6.99000,7.13000,6.99000,7.10000,800
2929,2011-08-18,7.02000,7.05000,7.02000,7.04000,4200
2930,2011-08-17,7.07000,7.07000,6.90000,7.04000,4800
2931,2011-08-16,6.77000,7.06000,6.77000,7.06000,19900
2932,2011-08-15,6.55000,6.85000,6.50000,6.73000,34400
2933,2011-08-12,6.67000,6.67000,6.67000,6.67000,200
2934,2011-08-11,6.66000,6.84000,6.51000,6.51000,2400
2935,2011-08-10,6.60000,6.83000,6.50000,6.83000,9600
2936,2011-08-09,6.83000,6.83000,6.83000,6.83000,0
2937,2011-08-08,6.80000,6.93000,6.75000,6.83000,1000
2938,2011-08-05,6.77000,7.00000,6.77000,7.00000,4700
2939,2011-08-04,7.00000,7.00000,6.82000,6.98000,2500
2940,2011-08-03,7.09000,7.09000,6.86000,7.05000,10800
2941,2011-08-02,6.98000,7.13000,6.98000,7.13000,36500
2942,2011-08-01,6.97000,7.00000,6.90000,7.00000,2100
2943,2011-07-29,6.94000,7.03000,6.90000,6.91000,62300
2944,2011-07-28,6.88000,7.00000,6.76000,6.76000,24500
2945,2011-07-27,6.72000,6.91000,6.70000,6.91000,4300
2946,2011-07-26,6.69000,6.90000,6.69000,6.90000,6800
2947,2011-07-25,6.86000,6.95000,6.70000,6.90000,8600
2948,2011-07-22,6.79000,6.89000,6.68000,6.89000,4000
2949,2011-07-21,6.84000,6.85000,6.61000,6.77000,7600
2950,2011-07-20,6.64000,6.64000,6.64000,6.64000,0
2951,2011-07-19,6.62000,6.64000,6.54000,6.64000,2900
2952,2011-07-18,6.65000,6.65000,6.65000,6.65000,0
2953,2011-07-15,6.65000,6.65000,6.65000,6.65000,200
2954,2011-07-14,6.59000,6.85000,6.59000,6.72000,11500
2955,2011-07-13,6.65000,6.85000,6.60000,6.74000,7000
2956,2011-07-12,6.55000,6.56000,6.55000,6.56000,3100
2957,2011-07-11,6.68000,6.68000,6.65000,6.66000,1400
2958,2011-07-08,6.65000,6.65000,6.65000,6.65000,500
2959,2011-07-07,6.68000,6.68000,6.55000,6.66000,800
2960,2011-07-06,6.67000,6.67000,6.51000,6.53000,61800
2961,2011-07-05,6.70000,6.72000,6.50000,6.55000,111200
2962,2011-07-01,6.79000,6.79000,6.79000,6.79000,100
2963,2011-06-30,6.85000,7.00000,6.73000,6.79000,14000
2964,2011-06-29,6.61000,6.91000,6.61000,6.91000,1200
2965,2011-06-28,6.54000,6.61000,6.53000,6.54000,2000
2966,2011-06-27,6.57000,6.57000,6.54000,6.54000,1100
2967,2011-06-24,6.66000,6.69000,6.54000,6.54000,3200
2968,2011-06-23,6.58000,6.75000,6.51000,6.63000,3400
2969,2011-06-22,6.55000,6.62000,6.54000,6.56000,4700
2970,2011-06-21,6.57000,6.57000,6.51000,6.55000,36000
2971,2011-06-20,6.71000,6.71000,6.48000,6.62000,800
2972,2011-06-17,6.45000,6.67000,6.45000,6.67000,4400
2973,2011-06-16,6.54000,6.54000,6.45000,6.45000,1700
2974,2011-06-15,6.48000,6.61000,6.41000,6.60000,1400
2975,2011-06-14,6.45000,6.45000,6.45000,6.45000,2900
2976,2011-06-13,6.45000,6.45000,6.40000,6.40000,19000
2977,2011-06-10,6.54000,6.54000,6.43000,6.46000,11400
2978,2011-06-09,6.48000,6.79000,6.40000,6.48000,16100
2979,2011-06-08,6.63000,6.75000,6.50000,6.51000,7000
2980,2011-06-07,6.81000,6.81000,6.59000,6.59000,3000
2981,2011-06-06,6.79000,6.79000,6.49000,6.54000,3500
2982,2011-06-03,6.65000,6.83000,6.62000,6.62000,3300
2983,2011-06-02,6.66000,6.78000,6.61000,6.78000,2000
2984,2011-06-01,6.12000,6.69000,6.12000,6.69000,29500
2985,2011-05-31,6.57000,6.60000,6.49000,6.59000,29600
2986,2011-05-27,6.53000,6.59000,6.52000,6.52000,4600
2987,2011-05-26,6.51000,6.55000,6.50000,6.50000,4100
2988,2011-05-25,6.60000,6.78000,6.58000,6.58000,5000
2989,2011-05-24,6.76000,6.81000,6.63000,6.68000,12000
2990,2011-05-23,6.80000,6.86000,6.80000,6.86000,200
2991,2011-05-20,6.86000,6.86000,6.80000,6.83000,6700
2992,2011-05-19,6.99000,6.99000,6.86000,6.86000,2700
2993,2011-05-18,6.95000,6.99000,6.87000,6.94000,16600
2994,2011-05-17,6.90000,6.90000,6.86000,6.88000,9600
2995,2011-05-16,6.99000,6.99000,6.87000,6.90000,5900
2996,2011-05-13,7.05000,7.05000,6.81000,6.92000,17900
2997,2011-05-12,6.94000,7.00000,6.90000,7.00000,11600
2998,2011-05-11,6.93000,6.94000,6.85000,6.90000,14400
2999,2011-05-10,6.98000,6.98000,6.91000,6.95000,11400
3000,2011-05-09,6.95000,7.04000,6.87000,7.03000,8000
3001,2011-05-06,6.89000,6.89000,6.89000,6.89000,0
3002,2011-05-05,6.87000,6.94000,6.86000,6.89000,9800
3003,2011-05-04,6.95000,7.00000,6.87000,6.93000,12000
3004,2011-05-03,7.03000,7.04000,6.95000,6.95000,6300
3005,2011-05-02,7.05000,7.06000,7.00000,7.00000,10100
3006,2011-04-29,6.87000,7.02000,6.86000,7.02000,9300
3007,2011-04-28,6.90000,7.00000,6.89000,6.91000,3400
3008,2011-04-27,7.00000,7.00000,6.91000,6.99000,6700
3009,2011-04-26,6.85000,6.95000,6.79000,6.94000,8300
3010,2011-04-25,7.07000,7.07000,6.86000,6.95000,25800
3011,2011-04-21,7.05000,7.14000,7.00000,7.05000,900
3012,2011-04-20,7.13000,7.14000,6.98000,7.03000,18800
3013,2011-04-19,7.13000,7.16000,7.05000,7.12000,16000
3014,2011-04-18,7.05000,7.14000,7.05000,7.13000,1500
3015,2011-04-15,7.03000,7.07000,7.03000,7.03000,400
3016,2011-04-14,7.15000,7.15000,6.86000,7.03000,57900
3017,2011-04-13,7.15000,7.20000,7.15000,7.20000,6900
3018,2011-04-12,7.15000,7.18000,7.11000,7.15000,11600
3019,2011-04-11,7.25000,7.25000,7.19000,7.20000,6500
3020,2011-04-08,7.20000,7.25000,7.20000,7.25000,800
3021,2011-04-07,7.20000,7.22000,7.19000,7.19000,3400
3022,2011-04-06,7.24000,7.28000,7.20000,7.20000,4900
3023,2011-04-05,7.23000,7.23000,7.22000,7.23000,600
3024,2011-04-04,7.22000,7.27000,7.20000,7.20000,24900
3025,2011-04-01,7.30000,7.30000,7.20000,7.21000,2800
3026,2011-03-31,7.24000,7.24000,7.16000,7.16000,500
3027,2011-03-30,7.17000,7.23000,7.15000,7.19000,4900
3028,2011-03-29,7.20000,7.21000,7.17000,7.20000,2100
3029,2011-03-28,7.20000,7.20000,7.18000,7.18000,2300
3030,2011-03-25,7.20000,7.20000,7.20000,7.20000,0
3031,2011-03-24,7.20000,7.20000,7.20000,7.20000,1000
3032,2011-03-23,7.20000,7.20000,7.20000,7.20000,16000
3033,2011-03-22,7.29000,7.29000,7.25000,7.27000,105000
3034,2011-03-21,7.21000,7.21000,7.21000,7.21000,300
3035,2011-03-18,7.28000,7.30000,7.20000,7.20000,3500
3036,2011-03-17,7.26000,7.33000,7.21000,7.33000,2100
3037,2011-03-16,7.30000,7.35000,7.24000,7.25000,8600
3038,2011-03-15,7.26000,7.39000,7.25000,7.32000,15200
3039,2011-03-14,7.35000,7.55000,7.25000,7.29000,15700
3040,2011-03-11,7.44000,7.44000,7.30000,7.38000,11000
3041,2011-03-10,7.46000,7.49000,7.44000,7.44000,1800
3042,2011-03-09,7.40000,7.50000,7.36000,7.36000,3500
3043,2011-03-08,7.54000,7.70000,7.49000,7.49000,2800
3044,2011-03-07,7.33000,7.60000,7.33000,7.46000,2400
3045,2011-03-04,7.58000,7.71000,7.41000,7.42000,1600
3046,2011-03-03,7.40000,7.40000,7.40000,7.40000,1500
3047,2011-03-02,7.30000,7.40000,7.30000,7.40000,400
3048,2011-03-01,7.31000,7.31000,7.31000,7.31000,100
3049,2011-02-28,7.44000,7.44000,7.30000,7.31000,14800
3050,2011-02-25,7.30000,7.45000,7.30000,7.37000,5100
3051,2011-02-24,7.31000,7.39000,7.27000,7.29000,9500
3052,2011-02-23,7.37000,7.40000,7.27000,7.30000,2200
3053,2011-02-22,7.45000,7.45000,7.26000,7.26000,8500
3054,2011-02-18,7.69000,7.69000,7.53000,7.54000,1000
3055,2011-02-17,7.36000,7.36000,7.35000,7.35000,5500
3056,2011-02-16,7.30000,7.30000,7.30000,7.30000,4400
3057,2011-02-15,7.39000,7.50000,7.32000,7.38000,1500
3058,2011-02-14,7.65000,7.71000,7.31000,7.36000,2500
3059,2011-02-11,7.63000,7.63000,7.28000,7.31000,23600
3060,2011-02-10,7.64000,7.64000,7.39000,7.40000,8400
3061,2011-02-09,7.56000,7.65000,7.56000,7.62000,5600
3062,2011-02-08,7.63000,7.95000,7.63000,7.92000,24200
3063,2011-02-07,7.60000,7.64000,7.60000,7.64000,2100
3064,2011-02-04,7.48000,7.79000,7.48000,7.79000,13800
3065,2011-02-03,7.48000,7.49000,7.44000,7.48000,1200
3066,2011-02-02,7.61000,7.61000,7.38000,7.52000,7500
3067,2011-02-01,7.57000,7.60000,7.45000,7.50000,8300
3068,2011-01-31,7.31000,7.67000,7.30000,7.62000,21600
3069,2011-01-28,7.95000,7.95000,7.22000,7.33000,68800
3070,2011-01-27,7.88000,7.99000,7.85000,7.94000,19900
3071,2011-01-26,7.60000,7.90000,7.52000,7.85000,424700
3072,2011-01-25,7.61000,7.62000,7.60000,7.60000,5700
3073,2011-01-24,7.75000,7.75000,7.68000,7.68000,4700
3074,2011-01-21,7.70000,7.73000,7.60000,7.65000,28500
3075,2011-01-20,7.65000,7.88000,7.60000,7.75000,20100
3076,2011-01-19,7.65000,7.65000,7.65000,7.65000,200
3077,2011-01-18,7.60000,7.62000,7.60000,7.62000,1300
3078,2011-01-14,7.64000,7.74000,7.60000,7.60000,12900
3079,2011-01-13,7.59000,7.59000,7.55000,7.55000,900
3080,2011-01-12,7.64000,7.64000,7.55000,7.55000,1100
3081,2011-01-11,7.60000,7.65000,7.59000,7.65000,7400
3082,2011-01-10,7.70000,7.70000,7.60000,7.60000,1800
3083,2011-01-07,7.60000,7.63000,7.60000,7.63000,1300
3084,2011-01-06,7.65000,7.65000,7.60000,7.62000,1700
3085,2011-01-05,7.60000,7.65000,7.57000,7.65000,55000
3086,2011-01-04,7.62000,7.64000,7.58000,7.59000,10400
3087,2011-01-03,7.52000,7.62000,7.52000,7.60000,4900
3088,2010-12-31,7.55000,7.60000,7.50000,7.60000,11200
3089,2010-12-30,7.55000,7.55000,7.51000,7.52000,3600
3090,2010-12-29,7.58000,7.58000,7.58000,7.58000,0
3091,2010-12-28,7.50000,7.58000,7.50000,7.58000,1600
3092,2010-12-27,7.49000,7.50000,7.49000,7.50000,8100
3093,2010-12-23,7.45000,7.45000,7.40000,7.40000,3700
3094,2010-12-22,7.38000,7.48000,7.38000,7.42000,13800
3095,2010-12-21,7.36000,7.48000,7.36000,7.42000,23900
3096,2010-12-20,7.34000,7.42000,7.25000,7.26000,8900
3097,2010-12-17,7.59000,7.59000,7.50000,7.51000,2000
3098,2010-12-16,7.51000,7.59000,7.40000,7.54000,4700
3099,2010-12-15,7.55000,7.56000,7.55000,7.56000,3100
3100,2010-12-14,7.54000,7.54000,7.54000,7.54000,0
3101,2010-12-13,7.52000,7.55000,7.50000,7.54000,5000
3102,2010-12-10,7.27000,7.35000,7.27000,7.30000,1500
3103,2010-12-09,7.45000,7.45000,7.45000,7.45000,0
3104,2010-12-08,7.45000,7.45000,7.45000,7.45000,500
3105,2010-12-07,7.51000,7.69000,7.45000,7.45000,27200
3106,2010-12-06,7.22000,7.40000,7.22000,7.40000,1600
3107,2010-12-03,7.40000,7.50000,7.40000,7.50000,600
3108,2010-12-02,7.54000,7.54000,7.54000,7.54000,0
3109,2010-12-01,7.24000,7.54000,7.24000,7.54000,1500
3110,2010-11-30,7.24000,7.34000,7.24000,7.34000,700
3111,2010-11-29,7.24000,7.39000,7.24000,7.39000,1200
3112,2010-11-26,7.21000,7.21000,7.21000,7.21000,0
3113,2010-11-24,7.21000,7.49000,7.21000,7.21000,400
3114,2010-11-23,7.53000,7.54000,7.25000,7.50000,15900
3115,2010-11-22,7.12000,7.50000,7.12000,7.46000,11500
3116,2010-11-19,7.21000,7.43000,7.18000,7.36000,13200
3117,2010-11-18,7.13000,7.19000,7.12000,7.15000,3300
3118,2010-11-17,7.24000,7.38000,7.09000,7.12000,16100
3119,2010-11-16,7.05000,7.12000,7.05000,7.10000,3200
3120,2010-11-15,7.07000,7.13000,7.06000,7.06000,2400
3121,2010-11-12,7.11000,7.11000,7.05000,7.05000,4000
3122,2010-11-11,7.15000,7.17000,7.08000,7.11000,24500
3123,2010-11-10,7.30000,7.30000,7.12000,7.20000,6500
3124,2010-11-09,7.37000,7.49000,7.25000,7.25000,4100
3125,2010-11-08,7.35000,7.50000,7.30000,7.30000,5500
3126,2010-11-05,7.82000,7.82000,7.26000,7.30000,23200
3127,2010-11-04,7.96000,7.96000,7.74000,7.79000,4300
3128,2010-11-03,7.46000,7.86000,7.30000,7.86000,2800
3129,2010-11-02,7.83000,7.88000,7.35000,7.35000,1800
3130,2010-11-01,7.64000,7.90000,7.43000,7.44000,21000
3131,2010-10-29,8.05000,8.05000,7.52000,7.59000,14500
3132,2010-10-28,7.97000,8.03000,7.75000,7.75000,6600
3133,2010-10-27,7.92000,8.04000,7.74000,7.75000,33000
3134,2010-10-26,7.50000,7.96000,7.50000,7.90000,10600
3135,2010-10-25,7.90000,7.97000,7.49000,7.49000,7600
3136,2010-10-22,7.66000,8.02000,7.60000,7.86000,31300
3137,2010-10-21,7.26000,7.26000,7.26000,7.26000,400
3138,2010-10-20,7.35000,7.78000,7.35000,7.75000,11800
3139,2010-10-19,7.65000,7.69000,7.45000,7.62000,7600
3140,2010-10-18,7.72000,7.72000,7.60000,7.70000,4000
3141,2010-10-15,7.70000,7.70000,7.70000,7.70000,0
3142,2010-10-14,7.75000,7.75000,7.70000,7.70000,3300
3143,2010-10-13,7.66000,7.69000,7.41000,7.65000,9400
3144,2010-10-12,7.84000,7.84000,7.54000,7.75000,23400
3145,2010-10-11,7.47000,7.79000,7.46000,7.78000,11300
3146,2010-10-08,7.49000,7.49000,7.28000,7.35000,13100
3147,2010-10-07,7.46000,7.49000,7.22000,7.35000,12400
3148,2010-10-06,7.23000,7.28000,7.21000,7.28000,600
3149,2010-10-05,7.10000,7.40000,7.10000,7.24000,8500
3150,2010-10-04,7.20000,7.20000,7.20000,7.20000,0
3151,2010-10-01,7.20000,7.20000,7.04000,7.20000,50400
3152,2010-09-30,7.17000,7.23000,7.16000,7.19000,26100
3153,2010-09-29,7.13000,7.20000,7.13000,7.20000,11900
3154,2010-09-28,7.02000,7.02000,7.02000,7.02000,0
3155,2010-09-27,7.02000,7.02000,7.02000,7.02000,0
3156,2010-09-24,7.02000,7.02000,7.02000,7.02000,200
3157,2010-09-23,7.10000,7.10000,7.01000,7.03000,11000
3158,2010-09-22,7.11000,7.11000,7.10000,7.10000,300
3159,2010-09-21,7.12000,7.18000,7.00000,7.18000,4500
3160,2010-09-20,7.32000,7.32000,7.08000,7.25000,2100
3161,2010-09-17,7.10000,7.49000,7.00000,7.49000,3700
3162,2010-09-16,7.33000,7.33000,7.09000,7.09000,800
3163,2010-09-15,6.95000,7.24000,6.95000,7.24000,4400
3164,2010-09-14,6.91000,7.00000,6.85000,6.91000,19500
3165,2010-09-13,7.00000,7.01000,6.87000,6.96000,4400
3166,2010-09-10,6.92000,7.03000,6.82000,7.03000,10500
3167,2010-09-09,7.05000,7.05000,6.81000,6.81000,32500
3168,2010-09-08,7.07000,7.07000,6.96000,7.00000,3300
3169,2010-09-07,6.95000,7.00000,6.95000,6.99000,2300
3170,2010-09-03,7.05000,7.12000,7.01000,7.01000,1500
3171,2010-09-02,7.03000,7.29000,6.87000,7.14000,25200
3172,2010-09-01,7.27000,7.50000,6.96000,7.38000,11500
3173,2010-08-31,7.04000,7.27000,6.91000,6.95000,10700
3174,2010-08-30,7.46000,7.46000,7.00000,7.02000,8000
3175,2010-08-27,7.53000,7.74000,7.08000,7.34000,6900
3176,2010-08-26,7.60000,7.79000,7.03000,7.52000,9500
3177,2010-08-25,7.29000,7.59000,7.01000,7.41000,7700
3178,2010-08-24,7.00000,7.12000,7.00000,7.05000,3100
3179,2010-08-23,7.57000,7.60000,7.49000,7.49000,3900
3180,2010-08-20,6.92000,7.34000,6.92000,7.07000,2900
3181,2010-08-19,6.97000,6.97000,6.97000,6.97000,200
3182,2010-08-18,7.00000,7.15000,6.99000,7.10000,2200
3183,2010-08-17,6.87000,7.00000,6.87000,7.00000,2500
3184,2010-08-16,6.93000,6.93000,6.86000,6.86000,600
3185,2010-08-13,6.97000,6.97000,6.93000,6.93000,900
3186,2010-08-12,6.88000,6.88000,6.88000,6.88000,200
3187,2010-08-11,7.07000,7.08000,6.93000,6.93000,3300
3188,2010-08-10,7.09000,7.09000,7.09000,7.09000,0
3189,2010-08-09,6.85000,7.09000,6.85000,7.09000,17800
3190,2010-08-06,7.00000,7.00000,6.95000,6.95000,700
3191,2010-08-05,7.00000,7.00000,7.00000,7.00000,200
3192,2010-08-04,6.91000,7.10000,6.91000,7.05000,103500
3193,2010-08-03,6.92000,7.07000,6.92000,6.96000,800
3194,2010-08-02,6.87000,6.96000,6.87000,6.96000,700
3195,2010-07-30,6.81000,7.00000,6.81000,7.00000,2300
3196,2010-07-29,6.96000,6.96000,6.96000,6.96000,0
3197,2010-07-28,7.00000,7.00000,6.96000,6.96000,5200
3198,2010-07-27,7.00000,7.05000,7.00000,7.04000,34200
3199,2010-07-26,7.13000,7.13000,7.01000,7.04000,4000
3200,2010-07-23,7.18000,7.18000,7.17000,7.18000,13200
3201,2010-07-22,7.03000,7.51000,7.02000,7.26000,15600
3202,2010-07-21,7.12000,7.17000,7.01000,7.06000,3400
3203,2010-07-20,7.00000,7.41000,7.00000,7.41000,4300
3204,2010-07-19,6.88000,7.05000,6.88000,7.00000,6800
3205,2010-07-16,7.00000,7.01000,6.96000,7.00000,2600
3206,2010-07-15,7.11000,7.11000,6.84000,6.85000,9100
3207,2010-07-14,7.25000,7.25000,7.14000,7.21000,4500
3208,2010-07-13,7.25000,7.62000,7.25000,7.26000,6700
3209,2010-07-12,7.07000,7.26000,7.07000,7.11000,1300
3210,2010-07-09,7.26000,7.26000,7.26000,7.26000,300
3211,2010-07-08,7.13000,7.14000,7.13000,7.14000,300
3212,2010-07-07,7.06000,7.06000,7.00000,7.06000,4100
3213,2010-07-06,7.20000,7.20000,7.20000,7.20000,1700
3214,2010-07-02,7.15000,7.28000,6.97000,6.97000,400
3215,2010-07-01,7.26000,7.35000,7.00000,7.11000,25400
3216,2010-06-30,7.15000,7.31000,7.15000,7.31000,1500
3217,2010-06-29,7.53000,7.53000,7.25000,7.25000,1500
3218,2010-06-28,7.69000,7.69000,7.25000,7.25000,5900
3219,2010-06-25,7.37000,7.42000,7.37000,7.40000,2900
3220,2010-06-24,7.71000,7.93000,7.50000,7.57000,4500
3221,2010-06-23,7.68000,7.71000,7.56000,7.71000,1600
3222,2010-06-22,7.53000,7.68000,7.50000,7.53000,10600
3223,2010-06-21,7.79000,7.95000,7.50000,7.50000,24100
3224,2010-06-18,7.95000,7.95000,7.95000,7.95000,800
3225,2010-06-17,7.95000,7.95000,7.88000,7.88000,1300
3226,2010-06-16,7.80000,7.80000,7.80000,7.80000,1100
3227,2010-06-15,7.85000,7.85000,7.75000,7.75000,6800
3228,2010-06-14,7.70000,8.10000,7.70000,7.98000,4200
3229,2010-06-11,7.78000,7.78000,7.78000,7.78000,200
3230,2010-06-10,8.00000,8.17000,8.00000,8.03000,3000
3231,2010-06-09,7.75000,7.75000,7.49000,7.53000,25500
3232,2010-06-08,7.96000,7.99000,7.37000,7.46000,4700
3233,2010-06-07,8.05000,8.13000,7.67000,7.67000,6000
3234,2010-06-04,7.90000,8.00000,7.90000,7.90000,1400
3235,2010-06-03,7.90000,8.00000,7.76000,8.00000,3500
3236,2010-06-02,8.02000,8.25000,7.90000,7.97000,3500
3237,2010-06-01,8.25000,8.25000,8.08000,8.08000,3100
3238,2010-05-28,8.19000,8.35000,8.10000,8.35000,2500
3239,2010-05-27,8.16000,8.31000,7.88000,8.15000,13500
3240,2010-05-26,8.04000,8.11000,7.85000,7.87000,4100
3241,2010-05-25,7.75000,7.76000,7.70000,7.70000,3600
3242,2010-05-24,7.87000,7.97000,7.75000,7.77000,4400
3243,2010-05-21,7.86000,7.87000,7.75000,7.87000,3000
3244,2010-05-20,8.10000,8.14000,7.81000,7.81000,34100
3245,2010-05-19,8.27000,8.27000,8.10000,8.10000,4500
3246,2010-05-18,8.50000,8.50000,8.34000,8.35000,10300
3247,2010-05-17,8.20000,8.47000,8.20000,8.47000,6200
3248,2010-05-14,8.26000,8.26000,8.26000,8.26000,2000
3249,2010-05-13,8.28000,8.35000,8.28000,8.35000,6800
3250,2010-05-12,8.25000,8.25000,8.24000,8.24000,1500
3251,2010-05-11,8.36000,8.39000,8.26000,8.32000,3600
3252,2010-05-10,8.03000,8.27000,7.90000,8.10000,30700
3253,2010-05-07,8.20000,8.20000,7.85000,7.86000,8600
3254,2010-05-06,8.30000,8.30000,8.16000,8.16000,1700
3255,2010-05-05,8.08000,8.34000,8.08000,8.20000,20100
3256,2010-05-04,8.08000,8.15000,7.87000,8.15000,9500
3257,2010-05-03,8.20000,8.35000,8.15000,8.15000,7000
3258,2010-04-30,8.35000,8.40000,8.11000,8.15000,10000
3259,2010-04-29,8.28000,8.35000,8.15000,8.35000,17500
3260,2010-04-28,8.15000,8.30000,8.12000,8.30000,3200
3261,2010-04-27,8.19000,8.19000,8.19000,8.19000,2300
3262,2010-04-26,8.16000,8.35000,8.16000,8.25000,10700
3263,2010-04-23,8.25000,8.25000,8.16000,8.16000,9100
3264,2010-04-22,8.24000,8.25000,8.13000,8.15000,19400
3265,2010-04-21,8.22000,8.22000,8.18000,8.20000,10400
3266,2010-04-20,8.24000,8.24000,8.24000,8.24000,200
3267,2010-04-19,8.20000,8.25000,8.00000,8.19000,17600
3268,2010-04-16,8.15000,8.15000,8.14000,8.14000,3600
3269,2010-04-15,8.15000,8.22000,8.14000,8.22000,8500
3270,2010-04-14,8.05000,8.30000,8.00000,8.23000,20300
3271,2010-04-13,8.21000,8.23000,8.06000,8.07000,1400
3272,2010-04-12,8.10000,8.30000,8.01000,8.03000,22800
3273,2010-04-09,8.17000,8.20000,8.15000,8.19000,37100
3274,2010-04-08,8.15000,8.24000,8.05000,8.24000,3800
3275,2010-04-07,8.01000,8.01000,8.01000,8.01000,0
3276,2010-04-06,8.05000,8.14000,8.01000,8.01000,3100
3277,2010-04-05,8.23000,8.24000,8.07000,8.09000,1900
3278,2010-04-01,8.18000,8.24000,8.15000,8.15000,2400
3279,2010-03-31,7.79000,7.79000,7.79000,7.79000,0
3280,2010-03-30,7.85000,7.85000,7.70000,7.79000,3500
3281,2010-03-29,7.80000,7.85000,7.66000,7.69000,1900
3282,2010-03-26,7.79000,7.86000,7.66000,7.70000,4000
3283,2010-03-25,7.94000,7.94000,7.82000,7.82000,29000
3284,2010-03-24,7.85000,7.85000,7.64000,7.81000,4800
3285,2010-03-23,7.59000,8.12000,7.59000,7.81000,3300
3286,2010-03-22,7.43000,7.70000,7.43000,7.58000,6000
3287,2010-03-19,7.38000,8.58000,7.38000,7.38000,29900
3288,2010-03-18,7.81000,8.62000,7.81000,8.00000,27100
3289,2010-03-17,7.81000,7.81000,7.58000,7.74000,1200
3290,2010-03-16,7.73000,7.73000,7.63000,7.63000,300
3291,2010-03-15,7.54000,7.81000,7.46000,7.55000,8600
3292,2010-03-12,7.53000,7.55000,7.41000,7.55000,1000
3293,2010-03-11,7.57000,7.57000,7.54000,7.56000,12400
3294,2010-03-10,7.69000,7.69000,7.56000,7.56000,2900
3295,2010-03-09,7.60000,7.60000,7.56000,7.56000,400
3296,2010-03-08,7.52000,7.71000,7.51000,7.66000,1400
3297,2010-03-05,7.50000,7.74000,7.41000,7.74000,5100
3298,2010-03-04,7.49000,7.50000,7.48000,7.48000,700
3299,2010-03-03,7.50000,7.50000,7.35000,7.35000,900
3300,2010-03-02,7.52000,7.60000,7.41000,7.53000,4600
3301,2010-03-01,7.69000,7.75000,7.67000,7.67000,19800
3302,2010-02-26,7.53000,7.75000,7.53000,7.59000,3800
3303,2010-02-25,7.47000,7.47000,7.47000,7.47000,700
3304,2010-02-24,7.55000,7.55000,7.55000,7.55000,0
3305,2010-02-23,7.55000,7.55000,7.55000,7.55000,100
3306,2010-02-22,7.46000,7.46000,7.45000,7.45000,2000
3307,2010-02-19,7.60000,7.60000,7.31000,7.56000,11200
3308,2010-02-18,7.66000,7.66000,7.56000,7.60000,700
3309,2010-02-17,7.75000,7.75000,7.66000,7.67000,400
3310,2010-02-16,7.96000,7.96000,7.46000,7.61000,2100
3311,2010-02-12,7.57000,7.57000,7.31000,7.41000,8100
3312,2010-02-11,7.68000,7.76000,7.40000,7.76000,17400
3313,2010-02-10,7.69000,7.76000,7.69000,7.76000,3500
3314,2010-02-09,8.29000,8.40000,7.73000,7.75000,6500
3315,2010-02-08,7.79000,8.00000,7.50000,7.85000,3900
3316,2010-02-05,8.22000,8.22000,7.71000,8.11000,18900
3317,2010-02-04,8.24000,8.24000,8.23000,8.23000,700
3318,2010-02-03,8.23000,8.23000,8.23000,8.23000,0
3319,2010-02-02,8.24000,8.32000,8.18000,8.23000,57400
3320,2010-02-01,8.23000,8.23000,8.23000,8.23000,100
3321,2010-01-29,8.05000,8.23000,8.05000,8.06000,2900
3322,2010-01-28,8.10000,8.10000,8.10000,8.10000,0
3323,2010-01-27,8.24000,8.24000,8.05000,8.10000,2800
3324,2010-01-26,8.17000,8.20000,8.17000,8.20000,17400
3325,2010-01-25,8.06000,8.18000,8.05000,8.18000,2400
3326,2010-01-22,8.05000,8.24000,8.05000,8.20000,3800
3327,2010-01-21,8.15000,8.20000,8.01000,8.20000,8000
3328,2010-01-20,8.05000,8.05000,8.05000,8.05000,1000
3329,2010-01-19,8.14000,8.15000,8.14000,8.15000,4300
3330,2010-01-15,8.01000,8.14000,8.01000,8.14000,2300
3331,2010-01-14,8.08000,8.15000,8.08000,8.15000,3300
3332,2010-01-13,8.15000,8.15000,8.15000,8.15000,400
3333,2010-01-12,8.17000,8.25000,8.16000,8.16000,3900
3334,2010-01-11,7.90000,8.23000,7.90000,8.23000,8100
3335,2010-01-08,7.90000,7.90000,7.85000,7.90000,3200
3336,2010-01-07,7.51000,7.94000,7.51000,7.85000,6200
3337,2010-01-06,7.50000,7.70000,7.50000,7.70000,14800
3338,2010-01-05,7.18000,7.45000,7.18000,7.45000,101500
3339,2010-01-04,7.22000,7.24000,7.20000,7.22000,13000
3340,2009-12-31,7.20000,7.20000,7.20000,7.20000,400
3341,2009-12-30,7.15000,7.20000,7.15000,7.20000,1500
3342,2009-12-29,7.16000,7.16000,7.15000,7.15000,4600
3343,2009-12-28,7.24000,7.24000,7.15000,7.15000,5600
3344,2009-12-24,7.34000,7.34000,7.20000,7.20000,8800
3345,2009-12-23,7.26000,7.35000,7.17000,7.17000,10100
3346,2009-12-22,7.22000,7.33000,7.20000,7.25000,2600
3347,2009-12-21,7.21000,7.40000,7.02000,7.05000,39800
3348,2009-12-18,7.10000,7.26000,7.03000,7.26000,9900
3349,2009-12-17,7.21000,7.21000,7.12000,7.20000,15600
3350,2009-12-16,7.21000,7.26000,7.19000,7.20000,38900
3351,2009-12-15,7.20000,7.50000,7.10000,7.19000,29000
3352,2009-12-14,7.10000,7.25000,6.92000,7.20000,35200
3353,2009-12-11,7.00000,7.20000,6.98000,7.00000,15200
3354,2009-12-10,7.49000,7.49000,7.00000,7.02000,44100
3355,2009-12-09,7.15000,7.15000,7.00000,7.07000,8500
3356,2009-12-08,7.20000,7.30000,6.85000,7.15000,32300
3357,2009-12-07,6.55000,7.50000,6.55000,7.20000,104600
3358,2009-12-04,6.24000,6.25000,6.10000,6.10000,3400
3359,2009-12-03,6.01000,6.25000,6.01000,6.25000,3000
3360,2009-12-02,6.00000,6.10000,6.00000,6.10000,3500
3361,2009-12-01,6.10000,6.10000,6.00000,6.00000,5500
3362,2009-11-30,6.05000,6.07000,6.02000,6.07000,11300
3363,2009-11-27,6.23000,6.23000,6.23000,6.23000,0
3364,2009-11-25,6.28000,6.28000,6.08000,6.23000,700
3365,2009-11-24,6.25000,6.30000,6.15000,6.15000,5900
3366,2009-11-23,6.25000,6.25000,6.24000,6.25000,10300
3367,2009-11-20,6.11000,6.11000,6.07000,6.07000,500
3368,2009-11-19,6.12000,6.12000,6.12000,6.12000,0
3369,2009-11-18,6.20000,6.25000,6.12000,6.12000,6600
3370,2009-11-17,6.15000,6.15000,6.11000,6.11000,6000
3371,2009-11-16,6.20000,6.20000,6.11000,6.11000,4500
3372,2009-11-13,6.20000,6.20000,6.20000,6.20000,800
3373,2009-11-12,6.12000,6.25000,6.11000,6.15000,9100
3374,2009-11-11,6.23000,6.23000,6.23000,6.23000,0
3375,2009-11-10,6.10000,6.23000,6.10000,6.23000,6400
3376,2009-11-09,6.25000,6.25000,6.10000,6.15000,19600
3377,2009-11-06,6.25000,6.25000,6.06000,6.20000,5900
3378,2009-11-05,6.33000,6.33000,6.30000,6.30000,2700
3379,2009-11-04,6.13000,6.40000,6.05000,6.37000,59100
3380,2009-11-03,6.10000,6.10000,6.05000,6.10000,46900
3381,2009-11-02,6.24000,6.24000,6.15000,6.16000,53700
3382,2009-10-30,6.16000,6.29000,6.10000,6.20000,184100
3383,2009-10-29,6.50000,6.68000,6.30000,6.30000,12000
3384,2009-10-28,6.75000,6.76000,6.75000,6.75000,700
3385,2009-10-27,6.14000,6.14000,6.14000,6.14000,200
3386,2009-10-26,7.21000,7.21000,7.21000,7.21000,300
3387,2009-10-23,7.40000,7.40000,6.60000,6.60000,400
3388,2009-10-22,7.30000,7.30000,7.30000,7.30000,0
3389,2009-10-21,7.04000,7.30000,6.81000,7.30000,3100
3390,2009-10-20,7.05000,7.05000,7.05000,7.05000,0
3391,2009-10-19,7.06000,7.06000,7.05000,7.05000,700
3392,2009-10-16,7.14000,7.14000,7.14000,7.14000,0
3393,2009-10-15,7.25000,7.50000,7.14000,7.14000,1100
3394,2009-10-14,7.29000,7.29000,7.29000,7.29000,0
3395,2009-10-13,7.38000,7.38000,7.29000,7.29000,1200
3396,2009-10-12,7.85000,7.85000,7.85000,7.85000,0
3397,2009-10-09,7.85000,7.85000,7.85000,7.85000,0
3398,2009-10-08,7.85000,7.85000,7.85000,7.85000,0
3399,2009-10-07,7.70000,7.85000,7.70000,7.85000,3300
3400,2009-10-06,7.74000,7.97000,7.70000,7.70000,4100
3401,2009-10-05,7.15000,7.15000,7.15000,7.15000,0
3402,2009-10-02,7.15000,7.15000,7.15000,7.15000,300
3403,2009-10-01,7.23000,7.23000,7.23000,7.23000,0
3404,2009-09-30,7.20000,7.25000,7.20000,7.23000,2100
3405,2009-09-29,7.22000,7.22000,7.22000,7.22000,0
3406,2009-09-28,7.10000,7.88000,7.05000,7.22000,10600
3407,2009-09-25,7.15000,7.15000,7.15000,7.15000,8200
3408,2009-09-24,7.18000,7.18000,7.15000,7.15000,2300
3409,2009-09-23,7.27000,7.27000,7.15000,7.15000,6100
3410,2009-09-22,7.27000,7.27000,7.27000,7.27000,0
3411,2009-09-21,7.28000,7.28000,7.26000,7.27000,400
3412,2009-09-18,7.50000,7.50000,7.27000,7.27000,500
3413,2009-09-17,7.35000,7.85000,7.30000,7.85000,1600
3414,2009-09-16,7.36000,7.36000,7.31000,7.35000,3700
3415,2009-09-15,7.35000,7.35000,7.30000,7.30000,3200
3416,2009-09-14,7.95000,7.95000,7.35000,7.35000,900
3417,2009-09-11,7.75000,7.75000,7.75000,7.75000,0
3418,2009-09-10,7.94000,7.94000,7.75000,7.75000,300
3419,2009-09-09,7.47000,7.47000,7.47000,7.47000,0
3420,2009-09-08,7.35000,7.47000,7.35000,7.47000,2600
3421,2009-09-04,7.99000,7.99000,7.47000,7.47000,1100
3422,2009-09-03,7.02000,7.99000,7.02000,7.99000,400
3423,2009-09-02,7.00000,8.19000,7.00000,7.35000,16300
3424,2009-09-01,7.50000,7.50000,7.20000,7.35000,41800
3425,2009-08-31,7.25000,7.25000,7.25000,7.25000,200
3426,2009-08-28,7.25000,7.25000,7.25000,7.25000,300
3427,2009-08-27,7.80000,7.80000,7.80000,7.80000,3700
3428,2009-08-26,7.94000,7.94000,7.94000,7.94000,100
3429,2009-08-25,7.85000,7.85000,7.85000,7.85000,0
3430,2009-08-24,7.56000,7.85000,7.56000,7.85000,200
3431,2009-08-21,7.19000,7.50000,7.00000,7.00000,600
3432,2009-08-20,7.00000,7.94000,7.00000,7.02000,2300
3433,2009-08-19,7.16000,7.16000,7.15000,7.15000,300
3434,2009-08-18,7.16000,7.90000,7.15000,7.16000,1500
3435,2009-08-17,7.15000,7.90000,7.15000,7.16000,1500
3436,2009-08-14,7.80000,7.80000,7.80000,7.80000,1200
3437,2009-08-13,7.13000,8.22000,7.10000,8.22000,3400
3438,2009-08-12,7.93000,7.93000,7.13000,7.13000,700
3439,2009-08-11,7.51000,7.51000,7.02000,7.02000,6200
3440,2009-08-10,8.00000,8.00000,8.00000,8.00000,0
3441,2009-08-07,8.00000,8.00000,8.00000,8.00000,200
3442,2009-08-06,7.50000,7.50000,7.50000,7.50000,0
3443,2009-08-05,7.50000,7.50000,7.50000,7.50000,0
3444,2009-08-04,7.50000,7.50000,7.50000,7.50000,400
3445,2009-08-03,7.51000,7.51000,7.50000,7.50000,1300
3446,2009-07-31,8.00000,8.00000,8.00000,8.00000,200
3447,2009-07-30,8.02000,8.02000,8.02000,8.02000,0
3448,2009-07-29,8.02000,8.02000,8.02000,8.02000,0
3449,2009-07-28,8.02000,8.02000,8.02000,8.02000,300
3450,2009-07-27,8.00000,8.00000,8.00000,8.00000,300
3451,2009-07-24,8.39000,8.39000,8.39000,8.39000,0
3452,2009-07-23,8.39000,8.39000,8.39000,8.39000,2000
3453,2009-07-22,8.05000,8.20000,8.05000,8.20000,6900
3454,2009-07-21,8.05000,8.05000,8.05000,8.05000,200
3455,2009-07-20,8.39000,8.39000,8.39000,8.39000,300
3456,2009-07-17,8.12000,8.12000,8.12000,8.12000,0
3457,2009-07-16,8.10000,8.12000,8.10000,8.12000,1800
3458,2009-07-15,7.51000,8.39000,7.51000,8.33000,700
3459,2009-07-14,7.81000,8.21000,7.81000,7.90000,1100
3460,2009-07-13,7.78000,8.45000,7.78000,8.40000,10500
3461,2009-07-10,7.79000,8.20000,7.79000,8.20000,1300
3462,2009-07-09,7.90000,8.01000,7.90000,8.01000,300
3463,2009-07-08,8.00000,8.10000,8.00000,8.10000,1800
3464,2009-07-07,7.71000,8.19000,7.71000,8.19000,400
3465,2009-07-06,7.81000,7.81000,7.81000,7.81000,300
3466,2009-07-02,7.91000,8.20000,7.91000,8.10000,6500
3467,2009-07-01,8.20000,8.20000,8.19000,8.19000,600
3468,2009-06-30,8.20000,8.20000,8.20000,8.20000,300
3469,2009-06-29,7.95000,8.00000,7.95000,8.00000,1100
3470,2009-06-26,7.75000,7.75000,7.75000,7.75000,0
3471,2009-06-25,7.75000,7.75000,7.75000,7.75000,0
3472,2009-06-24,7.75000,7.75000,7.75000,7.75000,200
3473,2009-06-23,8.00000,8.00000,7.75000,7.75000,1600
3474,2009-06-22,8.00000,8.00000,8.00000,8.00000,600
3475,2009-06-19,8.00000,8.20000,8.00000,8.00000,1500
3476,2009-06-18,8.40000,8.40000,8.40000,8.40000,1000
3477,2009-06-17,8.40000,8.40000,8.40000,8.40000,0
3478,2009-06-16,8.40000,8.40000,8.40000,8.40000,0
3479,2009-06-15,8.40000,8.40000,8.40000,8.40000,100
3480,2009-06-12,8.40000,8.40000,8.40000,8.40000,0
3481,2009-06-11,8.40000,8.40000,8.40000,8.40000,0
3482,2009-06-10,8.40000,8.40000,8.40000,8.40000,100
3483,2009-06-09,8.40000,8.40000,8.40000,8.40000,0
3484,2009-06-08,8.40000,8.40000,8.40000,8.40000,100
3485,2009-06-05,8.50000,8.50000,8.50000,8.50000,0
3486,2009-06-04,8.25000,8.50000,8.25000,8.50000,2100
3487,2009-06-03,8.02000,8.72000,8.02000,8.50000,600
3488,2009-06-02,8.16000,8.16000,8.16000,8.16000,0
3489,2009-06-01,8.16000,8.16000,8.16000,8.16000,0
3490,2009-05-29,8.51000,8.51000,8.16000,8.16000,600
3491,2009-05-28,8.79000,8.79000,8.54000,8.54000,3600
3492,2009-05-27,8.50000,8.50000,8.50000,8.50000,0
3493,2009-05-26,8.20000,8.50000,8.20000,8.50000,7300
3494,2009-05-22,8.19000,8.20000,8.07000,8.07000,1300
3495,2009-05-21,8.21000,8.21000,8.20000,8.20000,1400
3496,2009-05-20,8.51000,8.75000,8.50000,8.50000,4900
3497,2009-05-19,8.64000,8.90000,8.48000,8.50000,15200
3498,2009-05-18,8.30000,8.64000,8.30000,8.64000,6100
3499,2009-05-15,8.30000,8.30000,8.30000,8.30000,700
3500,2009-05-14,8.10000,8.34000,7.94000,8.15000,5100
3501,2009-05-13,7.45000,7.45000,7.45000,7.45000,0
3502,2009-05-12,7.45000,7.45000,7.45000,7.45000,0
3503,2009-05-11,7.44000,7.45000,7.44000,7.45000,1100
3504,2009-05-08,7.35000,7.35000,7.35000,7.35000,0
3505,2009-05-07,7.56000,7.60000,7.35000,7.35000,2800
3506,2009-05-06,7.50000,7.50000,7.50000,7.50000,0
3507,2009-05-05,7.25000,7.50000,7.24000,7.50000,1100
3508,2009-05-04,7.00000,7.00000,7.00000,7.00000,500
3509,2009-05-01,6.84000,6.84000,6.84000,6.84000,0
3510,2009-04-30,6.95000,6.95000,6.50000,6.84000,3300
3511,2009-04-29,7.05000,7.05000,6.95000,6.95000,2400
3512,2009-04-28,7.26000,7.26000,7.26000,7.26000,0
3513,2009-04-27,7.85000,7.85000,6.76000,7.26000,1600
3514,2009-04-24,7.50000,7.50000,6.25000,7.49000,4400
3515,2009-04-23,6.39000,7.18000,6.39000,6.95000,1100
3516,2009-04-22,7.17000,8.35000,6.15000,6.49000,9500
3517,2009-04-21,5.93000,7.44000,5.91000,7.44000,2500
3518,2009-04-20,5.81000,5.81000,5.81000,5.81000,3000
3519,2009-04-17,6.50000,6.50000,6.00000,6.00000,2800
3520,2009-04-16,6.50000,6.50000,6.50000,6.50000,0
3521,2009-04-15,6.25000,6.50000,6.25000,6.50000,2000
3522,2009-04-14,6.17000,6.17000,5.87000,5.87000,200
3523,2009-04-13,5.78000,5.78000,5.78000,5.78000,200
3524,2009-04-09,6.00000,6.00000,5.99000,5.99000,600
3525,2009-04-08,6.00000,6.00000,6.00000,6.00000,0
3526,2009-04-07,6.00000,6.00000,6.00000,6.00000,0
3527,2009-04-06,5.68000,6.00000,5.50000,6.00000,2800
3528,2009-04-03,6.26000,6.26000,6.26000,6.26000,1800
3529,2009-04-02,6.40000,6.54000,6.40000,6.54000,5300
3530,2009-04-01,7.00000,7.00000,6.15000,6.36000,2700
3531,2009-03-31,7.50000,7.50000,6.33000,6.49000,1700
3532,2009-03-30,6.50000,6.50000,6.50000,6.50000,3100
3533,2009-03-27,6.08000,6.08000,6.08000,6.08000,100
3534,2009-03-26,6.00000,6.00000,6.00000,6.00000,0
3535,2009-03-25,5.50000,6.00000,5.49000,6.00000,13900
3536,2009-03-24,5.00000,5.00000,5.00000,5.00000,0
3537,2009-03-23,5.00000,5.00000,5.00000,5.00000,0
3538,2009-03-20,5.30000,5.30000,5.00000,5.00000,11700
3539,2009-03-19,4.89000,5.00000,4.89000,4.91000,5700
3540,2009-03-18,4.45000,4.85000,4.45000,4.85000,1000
3541,2009-03-17,4.75000,4.87000,4.40000,4.41000,2800
3542,2009-03-16,4.39000,4.50000,4.35000,4.40000,2000
3543,2009-03-13,4.70000,4.70000,4.70000,4.70000,0
3544,2009-03-12,4.53000,4.90000,4.50000,4.70000,7000
3545,2009-03-11,4.52000,4.80000,4.52000,4.80000,400
3546,2009-03-10,4.25000,4.35000,3.87000,4.35000,3000
3547,2009-03-09,4.41000,4.41000,4.41000,4.41000,0
3548,2009-03-06,4.00000,4.41000,3.40000,4.41000,13800
3549,2009-03-05,3.27000,3.40000,3.25000,3.25000,2000
3550,2009-03-04,4.11000,4.17000,4.00000,4.00000,12700
3551,2009-03-03,4.30000,4.30000,4.03000,4.03000,1100
3552,2009-03-02,4.28000,4.62000,4.25000,4.62000,900
3553,2009-02-27,4.25000,4.25000,4.25000,4.25000,0
3554,2009-02-26,4.25000,4.25000,4.25000,4.25000,0
3555,2009-02-25,4.25000,4.79000,4.25000,4.25000,1300
3556,2009-02-24,4.57000,4.57000,4.27000,4.50000,4200
3557,2009-02-23,4.80000,4.80000,4.65000,4.70000,9100
3558,2009-02-20,4.79000,4.80000,4.67000,4.73000,4900
3559,2009-02-19,4.75000,4.75000,4.75000,4.75000,5000
3560,2009-02-18,4.80000,4.80000,4.80000,4.80000,5000
3561,2009-02-17,5.00000,5.00000,5.00000,5.00000,0
3562,2009-02-13,5.00000,5.00000,5.00000,5.00000,1400
3563,2009-02-12,5.00000,5.02000,5.00000,5.00000,3700
3564,2009-02-11,5.00000,5.57000,4.74000,5.00000,10000
3565,2009-02-10,5.74000,5.75000,5.50000,5.50000,800
3566,2009-02-09,5.51000,5.51000,5.01000,5.01000,3600
3567,2009-02-06,5.02000,5.02000,5.02000,5.02000,0
3568,2009-02-05,5.02000,5.02000,5.02000,5.02000,500
3569,2009-02-04,4.99000,4.99000,4.99000,4.99000,300
3570,2009-02-03,5.07000,5.07000,4.65000,4.67000,3000
3571,2009-02-02,5.21000,5.21000,5.15000,5.19000,2900
3572,2009-01-30,5.99000,5.99000,5.20000,5.20000,400
3573,2009-01-29,5.75000,5.75000,5.75000,5.75000,0
3574,2009-01-28,5.74000,5.75000,5.74000,5.75000,1400
3575,2009-01-27,5.50000,5.50000,5.50000,5.50000,0
3576,2009-01-26,5.50000,5.50000,5.50000,5.50000,0
3577,2009-01-23,5.50000,5.50000,5.50000,5.50000,1100
3578,2009-01-22,5.90000,5.90000,5.90000,5.90000,0
3579,2009-01-21,5.71000,5.90000,5.15000,5.90000,6700
3580,2009-01-20,6.35000,6.35000,6.35000,6.35000,0
3581,2009-01-16,6.35000,6.35000,6.35000,6.35000,3000
3582,2009-01-15,6.50000,6.50000,6.50000,6.50000,3500
3583,2009-01-14,6.36000,7.02000,6.35000,7.00000,10400
3584,2009-01-13,6.50000,6.50000,6.50000,6.50000,0
3585,2009-01-12,6.50000,6.50000,6.50000,6.50000,0
3586,2009-01-09,6.50000,7.04000,6.35000,6.50000,3500
3587,2009-01-08,6.31000,6.31000,6.31000,6.31000,0
3588,2009-01-07,6.62000,6.62000,6.31000,6.31000,1200
3589,2009-01-06,5.95000,6.70000,5.95000,6.35000,1600
3590,2009-01-05,5.93000,5.95000,5.88000,5.95000,14700
3591,2009-01-02,5.92000,5.93000,5.92000,5.93000,1200
3592,2008-12-31,5.52000,5.94000,5.52000,5.94000,3200
3593,2008-12-30,5.72000,5.72000,5.50000,5.50000,200
3594,2008-12-29,6.00000,6.24000,5.40000,5.60000,54000
3595,2008-12-26,5.60000,5.60000,5.60000,5.60000,1000
3596,2008-12-24,5.50000,5.50000,5.50000,5.50000,0
3597,2008-12-23,5.75000,5.75000,5.50000,5.50000,1000
3598,2008-12-22,6.74000,6.74000,5.76000,5.99000,49200
3599,2008-12-19,6.25000,6.25000,5.67000,5.67000,700
3600,2008-12-18,5.90000,6.75000,5.87000,6.75000,3200
3601,2008-12-17,6.80000,6.80000,6.30000,6.50000,7400
3602,2008-12-16,6.13000,6.90000,6.05000,6.60000,2000
3603,2008-12-15,6.26000,6.26000,5.60000,5.90000,5500
3604,2008-12-12,6.25000,6.25000,6.24000,6.25000,1100
3605,2008-12-11,6.00000,6.00000,6.00000,6.00000,0
3606,2008-12-10,6.00000,6.00000,6.00000,6.00000,0
3607,2008-12-09,6.03000,7.32000,5.30000,6.00000,7400
3608,2008-12-08,5.75000,6.15000,5.75000,6.00000,4900
3609,2008-12-05,6.01000,6.01000,6.01000,6.01000,0
3610,2008-12-04,6.01000,6.01000,6.01000,6.01000,0
3611,2008-12-03,6.00000,6.25000,6.00000,6.01000,1600
3612,2008-12-02,6.14000,6.14000,6.14000,6.14000,0
3613,2008-12-01,6.25000,6.25000,6.14000,6.14000,1200
3614,2008-11-28,5.75000,5.75000,5.75000,5.75000,0
3615,2008-11-26,6.30000,6.30000,5.75000,5.75000,600
3616,2008-11-25,6.00000,6.00000,6.00000,6.00000,0
3617,2008-11-24,6.00000,6.00000,6.00000,6.00000,1000
3618,2008-11-21,6.00000,6.00000,5.55000,6.00000,7500
3619,2008-11-20,6.06000,6.06000,6.00000,6.00000,15400
3620,2008-11-19,6.50000,6.50000,6.00000,6.00000,61800
3621,2008-11-18,6.50000,6.50000,6.50000,6.50000,8200
3622,2008-11-17,6.00000,6.00000,6.00000,6.00000,0
3623,2008-11-14,6.50000,6.50000,6.00000,6.00000,5000
3624,2008-11-13,6.86000,6.86000,6.50000,6.50000,1300
3625,2008-11-12,6.86000,6.91000,6.86000,6.91000,900
3626,2008-11-11,6.75000,6.75000,6.75000,6.75000,0
3627,2008-11-10,6.75000,6.75000,6.75000,6.75000,900
3628,2008-11-07,7.04000,7.04000,7.04000,7.04000,0
3629,2008-11-06,7.00000,7.04000,6.51000,7.04000,2600
3630,2008-11-05,7.34000,7.35000,7.34000,7.35000,800
3631,2008-11-04,6.45000,6.45000,6.45000,6.45000,0
3632,2008-11-03,6.73000,6.73000,6.40000,6.45000,4500
3633,2008-10-31,6.42000,6.42000,6.42000,6.42000,0
3634,2008-10-30,6.40000,7.50000,6.00000,6.42000,6200
3635,2008-10-29,6.59000,6.60000,6.25000,6.50000,11800
3636,2008-10-28,6.28000,6.28000,6.28000,6.28000,0
3637,2008-10-27,6.31000,6.31000,6.25000,6.28000,700
3638,2008-10-24,6.25000,6.25000,6.25000,6.25000,0
3639,2008-10-23,6.26000,6.50000,6.25000,6.25000,5000
3640,2008-10-22,6.25000,6.25000,6.25000,6.25000,0
3641,2008-10-21,6.45000,6.45000,6.25000,6.25000,2000
3642,2008-10-20,6.50000,7.25000,6.25000,6.60000,8600
3643,2008-10-17,6.35000,6.35000,6.35000,6.35000,0
3644,2008-10-16,6.35000,6.35000,6.35000,6.35000,0
3645,2008-10-15,6.74000,6.74000,6.35000,6.35000,3300
3646,2008-10-14,6.75000,6.76000,6.50000,6.75000,4800
3647,2008-10-13,6.50000,6.50000,6.50000,6.50000,1000
3648,2008-10-10,7.00000,7.00000,7.00000,7.00000,0
3649,2008-10-09,7.27000,7.27000,7.00000,7.00000,400
3650,2008-10-08,6.25000,6.25000,6.25000,6.25000,2600
3651,2008-10-07,6.30000,6.75000,6.25000,6.75000,3300
3652,2008-10-06,6.52000,7.10000,6.25000,7.10000,1800
3653,2008-10-03,7.24000,7.24000,7.24000,7.24000,0
3654,2008-10-02,7.18000,7.24000,7.18000,7.24000,200
3655,2008-10-01,8.25000,8.25000,8.25000,8.25000,0
3656,2008-09-30,8.25000,8.25000,8.25000,8.25000,100
3657,2008-09-29,8.50000,8.50000,8.50000,8.50000,0
3658,2008-09-26,8.50000,8.50000,8.50000,8.50000,0
3659,2008-09-25,8.50000,8.50000,8.50000,8.50000,0
3660,2008-09-24,8.50000,8.50000,8.50000,8.50000,0
3661,2008-09-23,8.50000,8.50000,8.50000,8.50000,0
3662,2008-09-22,8.50000,8.50000,8.50000,8.50000,0
3663,2008-09-19,8.21000,8.50000,8.21000,8.50000,5200
3664,2008-09-18,6.75000,7.70000,6.75000,7.70000,800
3665,2008-09-17,7.25000,7.25000,6.55000,6.75000,2500
3666,2008-09-16,7.10000,7.10000,7.10000,7.10000,2000
3667,2008-09-15,7.75000,7.75000,7.75000,7.75000,0
3668,2008-09-12,7.75000,7.75000,7.75000,7.75000,0
3669,2008-09-11,7.75000,7.75000,7.75000,7.75000,1000
3670,2008-09-10,7.95000,7.95000,7.95000,7.95000,800
3671,2008-09-09,7.11000,8.01000,7.10000,8.01000,5600
3672,2008-09-08,8.25000,8.25000,8.25000,8.25000,0
3673,2008-09-05,8.25000,8.25000,8.25000,8.25000,0
3674,2008-09-04,8.25000,8.25000,8.25000,8.25000,0
3675,2008-09-03,8.25000,8.25000,8.25000,8.25000,100
3676,2008-09-02,8.00000,8.25000,7.42000,8.25000,700
3677,2008-08-29,8.22000,8.22000,8.22000,8.22000,0
3678,2008-08-28,8.22000,8.22000,8.22000,8.22000,0
3679,2008-08-27,8.22000,8.22000,8.22000,8.22000,0
3680,2008-08-26,8.22000,8.22000,8.22000,8.22000,0
3681,2008-08-25,7.59000,8.22000,7.59000,8.22000,4700
3682,2008-08-22,7.90000,7.90000,7.90000,7.90000,0
3683,2008-08-21,7.90000,7.90000,7.90000,7.90000,500
3684,2008-08-20,8.24000,8.24000,8.24000,8.24000,0
3685,2008-08-19,8.00000,8.24000,8.00000,8.24000,2800
3686,2008-08-18,7.95000,8.01000,7.95000,8.00000,13200
3687,2008-08-15,7.86000,7.86000,7.86000,7.86000,0
3688,2008-08-14,7.75000,7.92000,7.65000,7.86000,2600
3689,2008-08-13,7.74000,7.74000,7.74000,7.74000,100
3690,2008-08-12,7.75000,7.75000,7.75000,7.75000,0
3691,2008-08-11,7.79000,7.79000,7.75000,7.75000,3000
3692,2008-08-08,7.72000,7.75000,7.72000,7.75000,2000
3693,2008-08-07,7.60000,7.73000,7.27000,7.71000,1100
3694,2008-08-06,7.73000,7.73000,7.70000,7.70000,600
3695,2008-08-05,7.75000,7.75000,7.74000,7.74000,1300
3696,2008-08-04,7.72000,7.72000,7.50000,7.70000,2200
3697,2008-08-01,7.50000,7.50000,7.50000,7.50000,200
3698,2008-07-31,7.75000,7.75000,7.44000,7.44000,300
3699,2008-07-30,7.53000,7.53000,7.25000,7.30000,7600
3700,2008-07-29,7.75000,7.75000,7.75000,7.75000,1100
3701,2008-07-28,7.91000,7.95000,7.91000,7.94000,1400
3702,2008-07-25,7.55000,7.95000,7.55000,7.93000,3600
3703,2008-07-24,7.51000,7.74000,7.50000,7.51000,6600
3704,2008-07-23,7.74000,7.74000,7.52000,7.66000,3100
3705,2008-07-22,7.29000,7.75000,7.29000,7.50000,10800
3706,2008-07-21,6.00000,6.87000,6.00000,6.87000,4900
3707,2008-07-18,5.93000,6.00000,5.91000,5.91000,3300
3708,2008-07-17,5.60000,5.70000,5.50000,5.62000,5700
3709,2008-07-16,5.80000,5.99000,5.50000,5.52000,5700
3710,2008-07-15,5.76000,5.79000,5.30000,5.79000,5300
3711,2008-07-14,7.00000,7.00000,5.89000,5.89000,14800
3712,2008-07-11,7.31000,7.31000,6.50000,7.00000,10300
3713,2008-07-10,7.75000,7.75000,7.43000,7.45000,4900
3714,2008-07-09,7.79000,7.79000,7.75000,7.75000,1800
3715,2008-07-08,7.97000,7.97000,7.97000,7.97000,0
3716,2008-07-07,7.97000,7.97000,7.97000,7.97000,200
3717,2008-07-03,8.00000,8.00000,7.97000,7.97000,400
3718,2008-07-02,8.00000,8.00000,7.88000,7.88000,500
3719,2008-07-01,8.14000,8.14000,8.14000,8.14000,0
3720,2008-06-30,8.14000,8.14000,8.14000,8.14000,0
3721,2008-06-27,8.14000,8.14000,8.14000,8.14000,0
3722,2008-06-26,8.10000,8.14000,8.10000,8.14000,2200
3723,2008-06-25,8.17000,8.19000,8.05000,8.10000,7700
3724,2008-06-24,8.15000,8.15000,8.00000,8.00000,2200
3725,2008-06-23,8.40000,8.40000,8.03000,8.03000,2900
3726,2008-06-20,8.30000,8.57000,8.30000,8.57000,900
3727,2008-06-19,8.32000,8.32000,8.30000,8.30000,900
3728,2008-06-18,8.73000,8.73000,8.73000,8.73000,200
3729,2008-06-17,8.48000,8.60000,8.15000,8.15000,7600
3730,2008-06-16,8.21000,8.25000,8.21000,8.25000,3700
3731,2008-06-13,8.25000,8.25000,8.11000,8.11000,22100
3732,2008-06-12,8.49000,8.49000,8.39000,8.40000,1700
3733,2008-06-11,8.84000,8.84000,8.84000,8.84000,0
3734,2008-06-10,8.84000,8.84000,8.84000,8.84000,400
3735,2008-06-09,8.71000,8.85000,8.33000,8.85000,29300
3736,2008-06-06,8.91000,8.91000,8.91000,8.91000,100
3737,2008-06-05,8.88000,8.88000,8.88000,8.88000,100
3738,2008-06-04,8.55000,8.55000,8.55000,8.55000,0
3739,2008-06-03,8.66000,8.66000,8.50000,8.55000,14200
3740,2008-06-02,9.25000,9.25000,8.55000,8.98000,1200
3741,2008-05-30,9.24000,9.24000,9.24000,9.24000,0
3742,2008-05-29,9.23000,9.24000,9.23000,9.24000,2900
3743,2008-05-28,9.05000,9.05000,9.05000,9.05000,0
3744,2008-05-27,9.25000,9.25000,9.05000,9.05000,600
3745,2008-05-23,8.51000,8.51000,8.50000,8.50000,3900
3746,2008-05-22,8.51000,8.51000,8.51000,8.51000,100
3747,2008-05-21,9.10000,9.10000,9.10000,9.10000,0
3748,2008-05-20,8.64000,9.24000,8.52000,9.10000,2100
3749,2008-05-19,8.65000,8.65000,8.50000,8.60000,5100
3750,2008-05-16,8.65000,8.65000,8.65000,8.65000,8900
3751,2008-05-15,8.74000,8.75000,8.65000,8.65000,11100
3752,2008-05-14,8.75000,9.00000,8.30000,8.55000,8400
3753,2008-05-13,8.90000,8.90000,8.90000,8.90000,0
3754,2008-05-12,8.90000,8.90000,8.90000,8.90000,10000
3755,2008-05-09,9.05000,9.05000,9.05000,9.05000,0
3756,2008-05-08,9.05000,9.05000,9.05000,9.05000,0
3757,2008-05-07,8.87000,9.05000,8.87000,9.05000,200
3758,2008-05-06,9.05000,9.05000,9.05000,9.05000,0
3759,2008-05-05,8.75000,9.30000,8.75000,9.05000,4000
3760,2008-05-02,8.44000,8.45000,8.44000,8.45000,200
3761,2008-05-01,8.30000,8.30000,8.30000,8.30000,2500
3762,2008-04-30,8.30000,8.30000,8.30000,8.30000,500
3763,2008-04-29,8.40000,8.40000,8.30000,8.30000,22500
3764,2008-04-28,8.42000,8.42000,8.30000,8.40000,7300
3765,2008-04-25,8.40000,8.41000,8.40000,8.40000,6000
3766,2008-04-24,8.15000,8.49000,8.15000,8.49000,4400
3767,2008-04-23,8.18000,8.18000,8.18000,8.18000,0
3768,2008-04-22,8.20000,8.45000,8.15000,8.18000,37800
3769,2008-04-21,7.86000,8.25000,7.80000,8.20000,12400
3770,2008-04-18,8.40000,8.40000,7.76000,7.76000,37200
3771,2008-04-17,8.97000,9.01000,8.07000,8.30000,23900
3772,2008-04-16,8.94000,8.94000,8.00000,8.84000,26900
3773,2008-04-15,8.50000,8.50000,7.95000,7.95000,5000
3774,2008-04-14,8.25000,8.38000,8.25000,8.38000,700
3775,2008-04-11,8.50000,8.50000,8.50000,8.50000,500
3776,2008-04-10,8.93000,8.93000,8.35000,8.55000,1900
3777,2008-04-09,8.38000,8.87000,6.35000,8.50000,6200
3778,2008-04-08,8.72000,8.72000,8.72000,8.72000,0
3779,2008-04-07,8.75000,8.75000,8.50000,8.72000,8000
3780,2008-04-04,8.82000,8.82000,8.67000,8.67000,1400
3781,2008-04-03,9.24000,9.24000,8.94000,8.94000,300
3782,2008-04-02,8.99000,9.00000,8.99000,9.00000,1000
3783,2008-04-01,9.00000,9.17000,9.00000,9.04000,6700
3784,2008-03-31,8.62000,8.62000,8.50000,8.50000,6300
3785,2008-03-28,8.50000,8.50000,8.50000,8.50000,0
3786,2008-03-27,8.50000,8.50000,8.50000,8.50000,400
3787,2008-03-26,9.00000,9.00000,9.00000,9.00000,3000
3788,2008-03-25,8.75000,9.00000,8.50000,9.00000,2400
3789,2008-03-24,9.15000,9.15000,9.00000,9.00000,600
3790,2008-03-20,9.00000,9.15000,9.00000,9.00000,6900
3791,2008-03-19,9.05000,9.05000,8.90000,9.00000,6400
3792,2008-03-18,9.25000,9.25000,9.15000,9.15000,1800
3793,2008-03-17,9.11000,9.11000,9.11000,9.11000,0
3794,2008-03-14,9.20000,9.75000,8.95000,9.11000,5600
3795,2008-03-13,9.75000,9.75000,9.45000,9.45000,2200
3796,2008-03-12,9.85000,9.85000,9.83000,9.83000,300
3797,2008-03-11,10.00000,10.00000,10.00000,10.00000,0
3798,2008-03-10,10.00000,10.00000,10.00000,10.00000,0
3799,2008-03-07,10.00000,10.00000,10.00000,10.00000,100
3800,2008-03-06,9.90000,9.90000,9.80000,9.80000,1000
3801,2008-03-05,9.90000,9.90000,9.90000,9.90000,1000
3802,2008-03-04,10.00000,10.00000,9.99000,10.00000,15600
3803,2008-03-03,9.90000,10.10000,9.90000,10.10000,1700
3804,2008-02-29,9.95000,10.10000,9.95000,10.10000,600
3805,2008-02-28,9.97000,9.97000,9.97000,9.97000,0
3806,2008-02-27,9.97000,9.97000,9.97000,9.97000,500
3807,2008-02-26,10.25000,10.25000,9.65000,9.66000,2400
3808,2008-02-25,10.15000,10.15000,10.15000,10.15000,500
3809,2008-02-22,10.00000,10.00000,10.00000,10.00000,0
3810,2008-02-21,10.00000,10.00000,10.00000,10.00000,5100
3811,2008-02-20,10.10000,10.10000,10.00000,10.00000,11500
3812,2008-02-19,10.10000,10.10000,10.10000,10.10000,0
3813,2008-02-15,10.11000,10.25000,10.05000,10.10000,48300
3814,2008-02-14,10.11000,10.11000,10.11000,10.11000,0
3815,2008-02-13,10.25000,10.25000,10.11000,10.11000,200
3816,2008-02-12,10.40000,10.40000,10.12000,10.12000,3400
3817,2008-02-11,10.50000,10.50000,10.50000,10.50000,900
3818,2008-02-08,10.50000,10.50000,10.50000,10.50000,2400
3819,2008-02-07,10.44000,10.44000,10.44000,10.44000,0
3820,2008-02-06,10.44000,10.44000,10.44000,10.44000,500
3821,2008-02-05,10.50000,10.50000,10.01000,10.10000,3100
3822,2008-02-04,10.50000,10.50000,10.50000,10.50000,100
3823,2008-02-01,10.50000,10.75000,10.50000,10.50000,2500
3824,2008-01-31,10.75000,10.75000,10.50000,10.50000,2400
3825,2008-01-30,10.64000,10.69000,10.64000,10.67000,2200
3826,2008-01-29,10.64000,10.64000,9.50000,10.00000,3300
3827,2008-01-28,10.75000,10.75000,10.75000,10.75000,100
3828,2008-01-25,10.75000,10.75000,10.75000,10.75000,0
3829,2008-01-24,10.69000,10.75000,10.69000,10.75000,1200
3830,2008-01-23,10.97000,10.97000,9.18000,9.85000,5300
3831,2008-01-22,9.20000,9.20000,9.20000,9.20000,0
3832,2008-01-18,9.16000,9.20000,9.16000,9.20000,300
3833,2008-01-17,9.50000,9.50000,9.50000,9.50000,0
3834,2008-01-16,9.50000,9.50000,9.50000,9.50000,800
3835,2008-01-15,9.05000,9.85000,9.00000,9.85000,2400
3836,2008-01-14,9.99000,9.99000,9.99000,9.99000,0
3837,2008-01-11,9.70000,9.99000,9.70000,9.99000,1000
3838,2008-01-10,9.60000,9.60000,9.44000,9.60000,3200
3839,2008-01-09,8.51000,9.81000,8.50000,9.81000,2500
3840,2008-01-08,8.12000,8.12000,8.12000,8.12000,800
3841,2008-01-07,8.98000,8.98000,8.30000,8.85000,1700
3842,2008-01-04,8.98000,8.98000,8.98000,8.98000,100
3843,2008-01-03,9.80000,9.80000,8.95000,8.95000,3100
3844,2008-01-02,9.00000,9.00000,9.00000,9.00000,0
3845,2007-12-31,9.00000,9.00000,8.30000,9.00000,6900
3846,2007-12-28,9.61000,9.61000,9.05000,9.45000,900
3847,2007-12-27,9.65000,9.65000,9.65000,9.65000,0
3848,2007-12-26,9.65000,9.65000,9.65000,9.65000,0
3849,2007-12-24,9.65000,9.65000,9.65000,9.65000,0
3850,2007-12-21,9.93000,9.93000,9.65000,9.65000,2500
3851,2007-12-20,10.00000,10.00000,9.25000,9.80000,3000
3852,2007-12-19,10.04000,10.04000,9.95000,9.95000,1400
3853,2007-12-18,10.00000,10.00000,10.00000,10.00000,1100
3854,2007-12-17,10.00000,10.00000,10.00000,10.00000,0
3855,2007-12-14,10.31000,10.31000,10.00000,10.00000,600
3856,2007-12-13,9.78000,9.99000,9.26000,9.90000,900
3857,2007-12-12,10.04000,10.04000,10.01000,10.01000,600
3858,2007-12-11,10.55000,10.55000,10.00000,10.00000,8300
3859,2007-12-10,10.53000,10.53000,10.50000,10.50000,200
3860,2007-12-07,10.53000,10.53000,10.52000,10.52000,200
3861,2007-12-06,10.50000,10.50000,10.50000,10.50000,300
3862,2007-12-05,10.50000,10.50000,10.50000,10.50000,0
3863,2007-12-04,12.34000,12.35000,10.50000,10.50000,2200
3864,2007-12-03,10.51000,10.86000,10.51000,10.86000,300
3865,2007-11-30,12.43000,12.43000,11.54000,11.54000,1400
3866,2007-11-29,10.40000,10.40000,10.40000,10.40000,0
3867,2007-11-28,11.00000,11.00000,10.40000,10.40000,1100
3868,2007-11-27,10.30000,10.48000,10.30000,10.48000,1100
3869,2007-11-26,12.40000,12.40000,10.35000,10.46000,3400
3870,2007-11-23,11.01000,11.04000,9.75000,10.17000,10000
3871,2007-11-21,12.15000,12.15000,12.15000,12.15000,0
3872,2007-11-20,12.15000,12.15000,12.15000,12.15000,0
3873,2007-11-19,12.15000,12.15000,12.15000,12.15000,0
3874,2007-11-16,12.40000,12.40000,12.15000,12.15000,400
3875,2007-11-15,11.97000,11.97000,11.97000,11.97000,0
3876,2007-11-14,12.44000,12.44000,11.97000,11.97000,5700
3877,2007-11-13,11.48000,11.48000,11.48000,11.48000,0
3878,2007-11-12,11.48000,11.48000,11.48000,11.48000,100
3879,2007-11-09,11.63000,11.63000,11.63000,11.63000,0
3880,2007-11-08,11.89000,11.91000,11.61000,11.63000,5100
3881,2007-11-07,11.99000,12.03000,11.86000,11.86000,10600
3882,2007-11-06,11.82000,11.99000,11.72000,11.99000,4100
3883,2007-11-05,12.12000,12.12000,11.97000,11.98000,4200
3884,2007-11-02,12.14000,12.14000,12.14000,12.14000,200
3885,2007-11-01,12.00000,12.05000,11.78000,11.83000,1700
3886,2007-10-31,12.00000,12.34000,11.78000,12.34000,600
3887,2007-10-30,12.35000,12.35000,12.35000,12.35000,100
3888,2007-10-29,12.38000,12.38000,12.38000,12.38000,200
3889,2007-10-26,11.98000,11.99000,11.90000,11.90000,1100
3890,2007-10-25,11.99000,11.99000,11.99000,11.99000,100
3891,2007-10-24,11.98000,12.36000,11.87000,12.36000,2400
3892,2007-10-23,12.43000,12.43000,12.43000,12.43000,100
3893,2007-10-22,12.06000,12.06000,12.06000,12.06000,100
3894,2007-10-19,12.44000,12.44000,12.32000,12.32000,1300
3895,2007-10-18,12.00000,12.00000,12.00000,12.00000,0
3896,2007-10-17,12.02000,12.25000,12.00000,12.00000,16600
3897,2007-10-16,12.30000,12.30000,12.30000,12.30000,0
3898,2007-10-15,12.30000,12.30000,12.30000,12.30000,100
3899,2007-10-12,12.44000,12.44000,12.10000,12.31000,2100
3900,2007-10-11,12.20000,12.43000,12.19000,12.39000,11400
3901,2007-10-10,12.00000,12.24000,12.00000,12.24000,7600
3902,2007-10-09,12.30000,12.39000,12.30000,12.39000,600
3903,2007-10-08,12.39000,12.39000,12.39000,12.39000,2400
3904,2007-10-05,12.40000,12.40000,12.39000,12.39000,3000
3905,2007-10-04,12.40000,12.40000,12.40000,12.40000,6200
3906,2007-10-03,12.44000,12.44000,12.44000,12.44000,0
3907,2007-10-02,12.44000,12.44000,12.44000,12.44000,100
3908,2007-10-01,12.15000,12.31000,12.15000,12.31000,1000
3909,2007-09-28,12.46000,12.46000,12.46000,12.46000,200
3910,2007-09-27,12.17000,12.46000,12.00000,12.46000,2800
3911,2007-09-26,12.25000,12.25000,12.25000,12.25000,1300
3912,2007-09-25,12.32000,12.46000,12.25000,12.46000,13300
3913,2007-09-24,12.33000,12.46000,12.33000,12.46000,300
3914,2007-09-21,12.49000,12.50000,12.49000,12.50000,300
3915,2007-09-20,12.45000,12.45000,12.45000,12.45000,100
3916,2007-09-19,12.40000,12.50000,12.23000,12.44000,1800
3917,2007-09-18,12.50000,12.50000,12.50000,12.50000,300
3918,2007-09-17,12.50000,12.50000,12.50000,12.50000,100
3919,2007-09-14,12.37000,12.47000,12.37000,12.47000,400
3920,2007-09-13,12.50000,12.50000,12.50000,12.50000,2000
3921,2007-09-12,12.50000,12.50000,12.49000,12.50000,2000
3922,2007-09-11,12.50000,12.50000,12.50000,12.50000,1000
3923,2007-09-10,12.49000,12.50000,12.49000,12.50000,2900
3924,2007-09-07,12.44000,12.45000,12.44000,12.45000,700
3925,2007-09-06,12.90000,12.90000,12.12000,12.60000,1600
3926,2007-09-05,12.26000,12.50000,12.25000,12.50000,2000
3927,2007-09-04,12.50000,12.50000,12.41000,12.50000,9900
3928,2007-08-31,12.42000,12.50000,12.42000,12.50000,200
3929,2007-08-30,12.49000,12.49000,12.49000,12.49000,100
3930,2007-08-29,12.45000,12.45000,12.44000,12.44000,300
3931,2007-08-28,12.50000,12.51000,12.50000,12.50000,3700
3932,2007-08-27,12.50000,12.50000,12.50000,12.50000,100
3933,2007-08-24,12.50000,12.50000,12.42000,12.43000,12200
3934,2007-08-23,12.50000,12.50000,12.49000,12.49000,200
3935,2007-08-22,12.05000,12.28000,12.05000,12.25000,19500
3936,2007-08-21,12.24000,12.25000,12.00000,12.05000,6500
3937,2007-08-20,12.44000,12.49000,12.10000,12.49000,2700
3938,2007-08-17,12.16000,12.44000,12.05000,12.44000,9400
3939,2007-08-16,12.22000,13.11000,12.21000,13.11000,2100
3940,2007-08-15,12.65000,12.65000,12.62000,12.62000,200
3941,2007-08-14,12.64000,12.84000,12.62000,12.62000,600
3942,2007-08-13,13.11000,13.11000,13.11000,13.11000,100
3943,2007-08-10,12.91000,12.92000,12.91000,12.92000,1000
3944,2007-08-09,12.45000,13.11000,12.45000,13.11000,600
3945,2007-08-08,12.98000,12.98000,12.16000,12.82000,600
3946,2007-08-07,12.49000,12.87000,12.25000,12.75000,700
3947,2007-08-06,12.99000,12.99000,12.49000,12.58000,12100
3948,2007-08-03,13.58000,13.59000,13.15000,13.15000,10500
3949,2007-08-02,13.50000,13.50000,13.26000,13.26000,400
3950,2007-08-01,13.75000,13.79000,12.98000,13.79000,23100
3951,2007-07-31,13.00000,13.25000,13.00000,13.25000,1100
3952,2007-07-30,13.10000,13.12000,13.00000,13.00000,5400
3953,2007-07-27,13.18000,13.18000,13.18000,13.18000,300
3954,2007-07-26,13.06000,13.11000,12.83000,12.93000,9500
3955,2007-07-25,13.41000,13.41000,13.41000,13.41000,100
3956,2007-07-24,13.50000,13.50000,13.16000,13.16000,4000
3957,2007-07-23,13.60000,13.60000,13.60000,13.60000,1000
3958,2007-07-20,13.52000,13.69000,13.35000,13.69000,4600
3959,2007-07-19,13.51000,13.70000,13.50000,13.70000,1200
3960,2007-07-18,13.65000,13.65000,13.50000,13.62000,1100
3961,2007-07-17,13.99000,13.99000,13.64000,13.64000,800
3962,2007-07-16,13.76000,13.92000,13.70000,13.73000,600
3963,2007-07-13,13.99000,13.99000,13.76000,13.76000,900
3964,2007-07-12,14.00000,14.00000,13.93000,13.95000,2100
3965,2007-07-11,13.82000,13.98000,13.82000,13.91000,11200
3966,2007-07-10,13.90000,13.90000,13.85000,13.86000,500
3967,2007-07-09,13.78000,13.84000,13.75000,13.84000,1600
3968,2007-07-06,13.76000,13.78000,13.58000,13.78000,13900
3969,2007-07-05,13.46000,13.46000,13.37000,13.44000,2900
3970,2007-07-03,13.40000,13.40000,13.40000,13.40000,0
3971,2007-07-02,13.98000,13.98000,13.02000,13.40000,16300
3972,2007-06-29,13.99000,14.09000,13.99000,14.09000,3100
3973,2007-06-28,14.00000,14.00000,14.00000,14.00000,7600
3974,2007-06-27,13.97000,13.97000,13.97000,13.97000,100
3975,2007-06-26,14.22000,14.22000,14.22000,14.22000,100
3976,2007-06-25,13.98000,14.24000,13.98000,14.24000,900
3977,2007-06-22,14.21000,14.21000,14.21000,14.21000,100
3978,2007-06-21,14.00000,14.23000,13.80000,14.23000,4300
3979,2007-06-20,13.82000,14.05000,13.82000,14.00000,5000
3980,2007-06-19,13.50000,13.72000,13.50000,13.72000,900
3981,2007-06-18,13.50000,13.60000,13.50000,13.50000,5300
3982,2007-06-15,13.48000,13.48000,13.25000,13.25000,1100
3983,2007-06-14,13.50000,13.77000,13.30000,13.48000,38600
3984,2007-06-13,13.50000,13.81000,13.42000,13.50000,1500
3985,2007-06-12,13.50000,13.73000,13.26000,13.51000,30900
3986,2007-06-11,14.12000,14.12000,13.54000,13.73000,17000
3987,2007-06-08,14.33000,14.33000,14.25000,14.30000,1700
3988,2007-06-07,14.32000,14.33000,14.32000,14.33000,1000
3989,2007-06-06,14.25000,14.30000,14.25000,14.30000,2500
3990,2007-06-05,14.30000,14.38000,14.11000,14.38000,5900
3991,2007-06-04,14.35000,14.35000,14.33000,14.33000,400
3992,2007-06-01,14.32000,14.47000,14.31000,14.47000,700
3993,2007-05-31,14.54000,14.54000,14.54000,14.54000,1500
3994,2007-05-30,14.34000,14.54000,14.34000,14.54000,1000
3995,2007-05-29,14.34000,14.34000,14.34000,14.34000,4300
3996,2007-05-25,14.34000,14.34000,14.34000,14.34000,1300
3997,2007-05-24,14.24000,14.30000,14.24000,14.30000,3400
3998,2007-05-23,14.12000,14.34000,14.11000,14.31000,2200
3999,2007-05-22,14.39000,14.39000,14.39000,14.39000,1500
4000,2007-05-21,14.39000,14.39000,14.15000,14.38000,700
4001,2007-05-18,14.31000,14.40000,14.31000,14.40000,200
4002,2007-05-17,14.35000,14.35000,14.20000,14.35000,400
4003,2007-05-16,14.48000,14.48000,14.42000,14.42000,1000
4004,2007-05-15,14.46000,14.46000,14.46000,14.46000,100
4005,2007-05-14,14.94000,14.99000,14.53000,14.53000,2100
4006,2007-05-11,14.47000,14.75000,14.47000,14.75000,1900
4007,2007-05-10,14.51000,14.82000,14.48000,14.82000,1600
4008,2007-05-09,14.48000,14.80000,14.48000,14.80000,200
4009,2007-05-08,14.50000,14.80000,14.48000,14.80000,1200
4010,2007-05-07,14.49000,14.73000,14.49000,14.73000,800
4011,2007-05-04,14.52000,14.74000,14.51000,14.74000,1500
4012,2007-05-03,14.52000,14.75000,14.52000,14.60000,9100
4013,2007-05-02,14.54000,14.75000,14.53000,14.75000,800
4014,2007-05-01,14.61000,14.97000,14.61000,14.70000,5100
4015,2007-04-30,14.75000,14.75000,14.35000,14.60000,10800
4016,2007-04-27,14.40909,14.45455,14.40909,14.45455,4510
4017,2007-04-26,14.31818,14.40909,14.27273,14.40909,5170
4018,2007-04-25,14.31818,14.31818,14.12727,14.22727,2090
4019,2007-04-24,14.26364,14.26364,14.18182,14.22727,5170
4020,2007-04-23,14.22727,14.31818,14.21818,14.21818,12980
4021,2007-04-20,14.21818,14.25455,14.19091,14.19091,8580
4022,2007-04-19,14.10000,14.18182,14.10000,14.18182,2750
4023,2007-04-18,14.16364,14.16364,14.00000,14.11818,1980
4024,2007-04-17,13.88182,14.10909,13.88182,14.10909,220
4025,2007-04-16,14.19091,14.19091,14.19091,14.19091,0
4026,2007-04-13,14.13636,14.19091,14.13636,14.19091,220
4027,2007-04-12,14.23636,14.26364,13.94545,14.22727,3080
4028,2007-04-11,14.31818,14.31818,14.31818,14.31818,0
4029,2007-04-10,14.26364,14.35454,14.11818,14.31818,15620
4030,2007-04-09,14.27273,14.27273,14.27273,14.27273,550
4031,2007-04-05,14.24545,14.24545,14.24545,14.24545,0
4032,2007-04-04,14.24545,14.24545,14.24545,14.24545,110
4033,2007-04-03,14.31818,14.31818,13.80000,14.04545,1870
4034,2007-04-02,14.31818,14.31818,14.11818,14.11818,440
4035,2007-03-30,14.27273,14.27273,14.22727,14.22727,3300
4036,2007-03-29,14.26364,14.26364,14.26364,14.26364,0
4037,2007-03-28,13.80909,14.26364,13.80909,14.26364,440
4038,2007-03-27,14.18182,14.18182,14.18182,14.18182,220
4039,2007-03-26,14.00000,14.09091,14.00000,14.09091,440
4040,2007-03-23,14.00000,14.09091,14.00000,14.09091,2530
4041,2007-03-22,13.91818,13.95455,13.91818,13.95455,1210
4042,2007-03-21,14.21818,14.37273,14.20909,14.31818,5500
4043,2007-03-20,13.99091,14.20909,13.68182,14.20909,36300
4044,2007-03-19,13.98182,14.25455,13.86364,14.25455,5280
4045,2007-03-16,14.05455,14.07273,13.77273,14.07273,7480
4046,2007-03-15,14.18182,14.29091,14.03636,14.29091,6160
4047,2007-03-14,14.21818,14.36364,14.20909,14.36364,990
4048,2007-03-13,14.27273,14.36364,14.27273,14.36364,3630
4049,2007-03-12,14.20909,14.31818,14.20909,14.31818,10560
4050,2007-03-09,14.31818,14.36364,14.27273,14.27273,2530
4051,2007-03-08,14.31818,14.46364,14.31818,14.31818,45760
4052,2007-03-07,14.31818,14.49091,14.31818,14.31818,990
4053,2007-03-06,14.31818,14.50000,14.31818,14.50000,3190
4054,2007-03-05,14.31818,14.35454,14.31818,14.31818,4950
4055,2007-03-02,14.31818,14.31818,14.31818,14.31818,0
4056,2007-03-01,14.33636,14.49091,14.31818,14.31818,660
4057,2007-02-28,14.59091,14.59091,13.63636,14.43636,16940
4058,2007-02-27,14.57273,14.58182,14.57273,14.58182,770
4059,2007-02-26,14.29091,14.33636,14.27273,14.33636,1980
4060,2007-02-23,14.32727,14.32727,14.29091,14.29091,880
4061,2007-02-22,14.54545,14.54545,14.32727,14.36364,1320
4062,2007-02-21,14.31818,14.54545,14.29091,14.54545,1210
4063,2007-02-20,14.37273,14.37273,14.36364,14.36364,440
4064,2007-02-16,14.54545,14.54545,14.54545,14.54545,0
4065,2007-02-15,14.40000,14.54545,14.36364,14.54545,880
4066,2007-02-14,14.33636,14.59091,14.31818,14.55455,1870
4067,2007-02-13,14.35454,14.35454,14.33636,14.33636,220
4068,2007-02-12,14.18182,14.49091,14.12727,14.49091,5390
4069,2007-02-09,14.47273,14.48182,14.18182,14.18182,15730
4070,2007-02-08,14.54545,14.54545,14.42727,14.42727,1100
4071,2007-02-07,14.54545,14.54545,14.54545,14.54545,7810
4072,2007-02-06,14.40909,14.54545,14.40909,14.54545,2200
4073,2007-02-05,14.62727,14.63636,14.47273,14.47273,5060
4074,2007-02-02,14.59091,14.61818,14.59091,14.61818,330
4075,2007-02-01,14.72727,14.72727,14.64546,14.64546,29040
4076,2007-01-31,14.59091,14.86364,14.59091,14.72727,4620
4077,2007-01-30,14.63636,14.77273,14.63636,14.77273,4070
4078,2007-01-29,14.86364,14.86364,14.64546,14.68182,7150
4079,2007-01-26,14.86364,14.86364,14.72727,14.72727,3300
4080,2007-01-25,14.81818,14.86364,14.72727,14.72727,7150
4081,2007-01-24,14.77273,14.86364,14.72727,14.72727,2420
4082,2007-01-23,14.86364,14.86364,14.77273,14.78182,3960
4083,2007-01-22,14.94545,15.00000,14.81818,14.81818,3080
4084,2007-01-19,14.86364,14.86364,14.85454,14.86364,3080
4085,2007-01-18,14.90909,14.90909,14.90909,14.90909,0
4086,2007-01-17,14.98182,14.98182,14.72727,14.90909,5390
4087,2007-01-16,15.22727,15.22727,15.20000,15.20000,5060
4088,2007-01-12,15.26364,15.27273,15.18182,15.18182,3960
4089,2007-01-11,15.04545,15.04545,15.04545,15.04545,0
4090,2007-01-10,15.04545,15.04545,15.04545,15.04545,1650
4091,2007-01-09,15.27273,15.27273,14.82727,15.02727,990
4092,2007-01-08,15.27273,15.27273,15.09091,15.09091,6820
4093,2007-01-05,15.00000,15.09091,14.77273,15.00000,100320
4094,2007-01-04,14.84546,15.00000,14.80909,14.80909,11220
4095,2007-01-03,15.00000,15.09091,15.00000,15.00000,5720
4096,2006-12-29,15.09091,15.09091,15.09091,15.09091,770
4097,2006-12-28,15.07273,15.09091,15.07273,15.09091,330
4098,2006-12-27,15.09091,15.09091,15.09091,15.09091,1100
4099,2006-12-26,15.09091,15.09091,15.09091,15.09091,0
4100,2006-12-22,15.09091,15.09091,15.09091,15.09091,0
4101,2006-12-21,15.00000,15.09091,14.92727,15.09091,7040
4102,2006-12-20,15.09091,15.09091,14.95455,15.09091,7480
4103,2006-12-19,14.95455,15.06364,14.85454,15.00000,1540
4104,2006-12-18,15.09091,15.09091,14.90000,14.95455,4400
4105,2006-12-15,14.77273,14.84546,14.77273,14.84546,1210
4106,2006-12-14,15.05455,15.13636,14.91818,14.91818,4510
4107,2006-12-13,15.13636,15.13636,15.13636,15.13636,5500
4108,2006-12-12,15.15454,15.15454,15.11818,15.13636,13860
4109,2006-12-11,15.18182,15.18182,15.13636,15.13636,220
4110,2006-12-08,15.27273,15.27273,15.17273,15.27273,2640
4111,2006-12-07,15.13636,15.13636,15.13636,15.13636,11110
4112,2006-12-06,15.42727,15.42727,15.14546,15.14546,11550
4113,2006-12-05,15.45455,15.45455,15.31818,15.31818,2420
4114,2006-12-04,15.45455,15.45455,15.15454,15.15454,1430
4115,2006-12-01,15.40909,15.45455,15.36364,15.45455,2090
4116,2006-11-30,15.09091,15.36364,15.09091,15.36364,15180
4117,2006-11-29,15.44545,15.44545,15.44545,15.44545,440
4118,2006-11-28,15.45455,15.45455,15.18182,15.18182,3190
4119,2006-11-27,15.45455,15.45455,15.22727,15.22727,2530
4120,2006-11-24,15.45455,15.45455,15.45455,15.45455,220
4121,2006-11-22,15.32727,15.32727,15.32727,15.32727,0
4122,2006-11-21,15.45455,15.45455,15.32727,15.32727,3410
4123,2006-11-20,15.45455,15.45455,15.45455,15.45455,1210
4124,2006-11-17,15.45455,15.45455,15.22727,15.22727,1430
4125,2006-11-16,15.44545,15.45455,15.43636,15.45455,29590
4126,2006-11-15,15.22727,15.45455,15.22727,15.45455,8690
4127,2006-11-14,15.45455,15.45455,15.45455,15.45455,2200
4128,2006-11-13,15.45455,15.45455,15.45455,15.45455,1980
4129,2006-11-10,15.18182,15.45455,15.18182,15.22727,3190
4130,2006-11-09,15.27273,15.45455,15.27273,15.45455,1320
4131,2006-11-08,15.54545,15.54545,15.44545,15.45455,2750
4132,2006-11-07,14.72727,15.87273,14.72727,15.48182,16060
4133,2006-11-06,14.72727,15.44545,14.72727,15.37273,10890
4134,2006-11-03,14.52727,14.68182,14.31818,14.54545,106810
4135,2006-11-02,14.52727,14.53636,14.09091,14.53636,58190
4136,2006-11-01,13.63636,14.90909,13.63636,13.95455,320650
4137,2006-11-01,13.63636,14.90909,13.63636,13.95455,320650
