,datetime,open,high,low,close,volume
0,2023-04-11,18.44000,18.69500,18.44000,18.61000,728400
1,2023-04-10,18.05000,18.41000,18.00000,18.34000,911000
2,2023-04-06,18.35000,18.35000,17.97000,18.22000,594900
3,2023-04-05,18.66000,18.72000,18.35000,18.44000,592500
4,2023-04-04,19.11000,19.22000,18.58000,18.89000,569300
5,2023-04-03,19.20000,19.22500,18.70000,19.00000,922000
6,2023-03-31,18.35000,19.25000,18.30000,19.25000,1186700
7,2023-03-30,18.25000,18.76000,18.21000,18.28000,1313600
8,2023-03-29,18.21000,18.25000,17.79500,18.04000,1787300
9,2023-03-28,18.10000,18.35500,17.90000,18.02000,2083600
10,2023-03-27,17.96000,18.23000,17.66000,18.03000,2353800
11,2023-03-24,17.92000,18.09000,17.72000,17.76000,1051000
12,2023-03-23,18.40000,18.72000,17.75000,18.12000,1764200
13,2023-03-22,18.75000,19.00000,18.18000,18.19000,1465100
14,2023-03-21,18.40000,18.97000,18.38000,18.65000,1421700
15,2023-03-20,18.32000,18.51000,17.86500,18.09000,1286400
16,2023-03-17,18.30000,18.43000,17.89500,18.19000,1178900
17,2023-03-16,17.44000,18.44000,17.29000,18.43000,1657000
18,2023-03-15,17.34000,17.69500,17.22000,17.60000,1305500
19,2023-03-14,17.90000,18.27000,17.67000,17.89000,1513000
20,2023-03-13,17.11000,17.71000,16.98000,17.39000,1439300
21,2023-03-10,17.93000,18.00000,17.27000,17.42000,1729000
22,2023-03-09,18.67000,18.81000,17.91000,17.99000,1316700
23,2023-03-08,18.71000,18.79000,18.51000,18.71000,824400
24,2023-03-07,19.20000,19.34000,18.75000,18.82000,1060700
25,2023-03-06,19.50000,19.59000,18.96000,19.16000,1387200
26,2023-03-03,19.17000,19.42000,18.99000,19.41000,734800
27,2023-03-02,18.58000,19.02000,18.52000,19.02000,546300
28,2023-03-01,18.82000,19.16000,18.64000,18.83000,1071500
29,2023-02-28,18.60000,18.99000,18.51000,18.81000,672600
30,2023-02-27,18.49000,18.65000,18.30000,18.53000,939500
31,2023-02-24,18.01000,18.65500,17.89000,18.30000,1237800
32,2023-02-23,18.93000,19.01000,18.10000,18.43000,1291100
33,2023-02-22,18.87000,19.04000,18.54000,18.82000,1271900
34,2023-02-21,19.51000,19.84000,18.81000,18.87000,1899900
35,2023-02-17,19.42000,20.21500,19.30500,20.11000,2502000
36,2023-02-16,20.04000,20.59000,19.88000,19.96000,1531300
37,2023-02-15,19.85000,20.36000,19.80000,20.35000,1654000
38,2023-02-14,19.45000,20.12000,19.30000,20.03000,1201700
39,2023-02-13,19.63000,20.19000,19.50000,19.85000,1374600
40,2023-02-10,19.44000,19.72000,19.15000,19.48000,1945300
41,2023-02-09,20.69000,20.85000,19.52000,19.58000,3183600
42,2023-02-08,20.95000,21.09000,20.00000,20.32000,4063600
43,2023-02-07,21.67000,21.90000,20.04000,21.35000,5306100
44,2023-02-06,20.95000,21.49000,20.72000,20.99000,4002100
45,2023-02-03,18.85000,21.69000,18.40500,21.39000,9526700
46,2023-02-02,23.10000,23.44000,18.65000,18.81000,15767600
47,2023-02-01,24.23000,24.73000,23.05000,24.65000,3820300
48,2023-01-31,23.20000,24.24000,23.00000,24.19000,2999100
49,2023-01-30,22.44000,23.30000,22.44000,23.07000,2364900
50,2023-01-27,22.15000,22.98500,22.04000,22.85000,2086900
51,2023-01-26,22.50000,22.95500,21.73500,22.19000,2881100
52,2023-01-25,21.27000,22.32500,21.05000,22.27000,2552900
53,2023-01-24,21.53000,21.72000,21.11000,21.50000,3135500
54,2023-01-23,21.19000,21.86000,20.87000,21.83000,2237900
55,2023-01-20,20.64000,21.14000,20.07000,21.14000,2973300
56,2023-01-19,20.82000,21.21000,20.49000,20.52000,2886100
57,2023-01-18,22.20000,22.68000,21.29000,21.31000,2795300
58,2023-01-17,22.22000,22.39500,21.72000,22.01000,1088900
59,2023-01-13,21.85000,22.33500,21.47000,22.21000,1914900
60,2023-01-12,21.93000,22.37000,21.43000,22.32000,2580500
61,2023-01-11,21.21000,22.31500,20.97000,21.86000,3239000
62,2023-01-10,20.40000,21.32500,20.16500,21.21000,1990600
63,2023-01-09,19.60000,20.70000,19.52000,20.45000,2539500
64,2023-01-06,19.02000,19.59500,18.68500,19.48000,1657600
65,2023-01-05,18.46000,19.30000,18.32000,18.95000,2831100
66,2023-01-04,18.05000,18.74500,17.84500,18.54000,1475400
67,2023-01-03,18.09000,18.40000,17.53000,17.68000,1125900
68,2022-12-30,17.32000,17.87000,17.23000,17.81000,975800
69,2022-12-29,16.99000,17.84000,16.88000,17.59000,1589300
70,2022-12-28,17.09000,17.47000,16.77000,16.80000,977300
71,2022-12-27,17.20000,17.45000,16.99000,17.24000,1274400
72,2022-12-23,17.87000,17.99000,17.08000,17.30000,1274100
73,2022-12-22,18.00000,18.02000,17.49000,17.99000,997000
74,2022-12-21,18.22000,18.55100,18.03000,18.29000,1141500
75,2022-12-20,17.77000,18.18000,17.70000,17.93000,821900
76,2022-12-19,18.35000,18.38000,17.73000,17.85000,1005700
77,2022-12-16,18.14000,18.87000,18.12000,18.35000,1176000
78,2022-12-15,18.88000,19.09000,18.35500,18.45000,1138100
79,2022-12-14,18.69000,19.60000,18.66000,19.39000,1454600
80,2022-12-13,19.26000,19.82100,18.55000,18.74000,1389700
81,2022-12-12,18.27000,18.53000,17.96000,18.52000,1051900
82,2022-12-09,18.49000,18.90000,18.30000,18.42000,1048500
83,2022-12-08,18.04000,18.88000,17.90000,18.75000,1112100
84,2022-12-07,17.96000,18.10000,17.77000,17.89000,959500
85,2022-12-06,18.32000,18.35900,17.75000,18.10000,878600
86,2022-12-05,19.05000,19.12000,18.19000,18.22000,1707200
87,2022-12-02,18.25000,19.16000,18.09000,19.15000,1037800
88,2022-12-01,18.79000,19.09000,18.58000,18.71000,895900
89,2022-11-30,17.95000,18.82000,17.75000,18.76000,1335300
90,2022-11-29,17.31000,17.99000,17.23000,17.75000,2543000
91,2022-11-28,17.86000,18.02000,17.22500,17.26000,1530800
92,2022-11-25,17.88000,18.38000,17.84500,18.33000,458200
93,2022-11-23,17.94000,18.13000,17.79700,17.92000,1215200
94,2022-11-22,17.59000,17.96000,17.25000,17.94000,1037500
95,2022-11-21,18.00000,18.00000,17.18000,17.46000,1372200
96,2022-11-18,18.38000,18.41000,17.76000,18.11000,1446400
97,2022-11-17,17.86000,18.18000,17.65000,17.86000,1398500
98,2022-11-16,18.51000,18.66000,18.19000,18.41000,1152600
99,2022-11-15,19.35000,19.48000,18.53000,18.89000,1632100
100,2022-11-14,18.62000,18.76000,18.07000,18.32000,1471500
101,2022-11-11,17.49000,19.01500,17.47000,18.86000,2243900
102,2022-11-10,17.08000,17.36000,16.88000,17.34000,1556200
103,2022-11-09,16.41000,16.46000,16.07000,16.20000,1276500
104,2022-11-08,16.55000,16.92000,16.22000,16.65000,1371100
105,2022-11-07,16.19000,16.57500,15.88000,16.43000,1974400
106,2022-11-04,15.77000,16.54000,15.61000,16.04000,2135800
107,2022-11-03,14.77000,15.54000,14.51000,15.30000,2461700
108,2022-11-02,15.39000,16.35000,14.75000,14.86000,7381200
109,2022-11-01,16.76000,16.91000,16.25000,16.40000,2871600
110,2022-10-31,17.02000,17.23000,16.32000,16.36000,1975000
111,2022-10-28,16.78000,17.42000,16.53500,17.40000,1423700
112,2022-10-27,17.68000,17.87500,16.69000,16.79000,1874100
113,2022-10-26,17.68000,18.19000,17.56000,17.57000,1577700
114,2022-10-25,17.08000,18.12000,17.04000,17.95000,1584200
115,2022-10-24,17.77000,18.01000,17.01000,17.04000,1905700
116,2022-10-21,17.39000,17.99000,17.39000,17.89000,1173100
117,2022-10-20,17.48000,17.91000,17.34000,17.49000,1271500
118,2022-10-19,17.46000,17.74000,17.13500,17.37000,1619300
119,2022-10-18,17.86000,18.24000,17.36000,17.59000,1362500
120,2022-10-17,16.78500,17.52000,16.77000,17.44000,1237800
121,2022-10-14,16.90000,17.05000,16.22000,16.34000,846400
122,2022-10-13,15.76000,16.85000,15.43000,16.57000,919200
123,2022-10-12,16.45000,16.54000,16.12000,16.45000,1476300
124,2022-10-11,16.58000,17.00000,16.04000,16.42000,1000600
125,2022-10-10,16.99000,17.00000,16.35000,16.62000,876200
126,2022-10-07,17.14000,17.25000,16.70000,16.92000,1860200
127,2022-10-06,17.23000,17.72500,17.14000,17.56000,2461200
128,2022-10-05,16.52000,17.42000,16.46000,17.33000,2086800
129,2022-10-04,16.48000,17.07000,16.45000,16.91000,2618400
130,2022-10-03,15.49000,16.09100,15.23000,16.01000,1352400
131,2022-09-30,15.65000,15.87000,15.08000,15.24000,1868900
132,2022-09-29,16.60000,16.64000,15.69000,16.03000,2113300
133,2022-09-28,16.61000,17.03000,16.53000,16.88000,1275100
134,2022-09-27,16.42000,16.76000,16.01000,16.56000,1476600
135,2022-09-26,16.38000,17.08000,16.13000,16.14000,1119500
136,2022-09-23,16.80000,16.87000,16.22000,16.58000,1488700
137,2022-09-22,17.69000,17.69000,17.03000,17.18000,1563300
138,2022-09-21,17.68000,18.27000,17.39000,17.67000,2037800
139,2022-09-20,17.50000,18.23000,17.38000,17.61000,1968800
140,2022-09-19,16.95000,17.79500,16.77000,17.64000,1650400
141,2022-09-16,17.50000,17.55500,16.92000,17.24000,1561400
142,2022-09-15,18.15000,18.62000,17.74500,17.89000,1495300
143,2022-09-14,18.44000,18.67000,17.93000,18.38000,1127400
144,2022-09-13,19.01000,19.36000,18.28500,18.34000,1488800
145,2022-09-12,19.42000,20.05000,19.30000,19.99000,1231600
146,2022-09-09,18.79000,19.63000,18.79000,19.09000,2405000
147,2022-09-08,18.60000,18.62000,18.03000,18.24000,1352400
148,2022-09-07,17.48000,18.93000,17.43000,18.77000,1502400
149,2022-09-06,17.78000,17.87000,17.19000,17.48000,716500
150,2022-09-02,18.27000,18.27000,17.61000,17.73000,626300
151,2022-09-01,17.79000,17.88000,17.23000,17.86000,805000
152,2022-08-31,18.60000,18.74100,17.98000,18.01000,637200
153,2022-08-30,18.47000,18.81000,18.16000,18.41000,653000
154,2022-08-29,18.28000,18.69000,18.13000,18.34000,570200
155,2022-08-26,19.59000,19.61000,18.39000,18.56000,893200
156,2022-08-25,19.27000,19.72000,19.27000,19.51000,461100
157,2022-08-24,19.09000,19.77500,18.83000,19.27000,613200
158,2022-08-23,19.21000,19.48000,19.04000,19.14000,660600
159,2022-08-22,19.27000,19.34000,18.80500,19.10000,986000
160,2022-08-19,20.57000,20.72000,19.73000,19.77000,721300
161,2022-08-18,20.68000,21.04500,20.38000,20.94000,1000300
162,2022-08-17,21.19000,21.37000,20.43000,20.71000,1151900
163,2022-08-16,21.67000,21.86100,21.13000,21.69000,991600
164,2022-08-15,22.46000,22.60000,21.80500,21.86000,1329400
165,2022-08-12,22.21000,22.82000,22.05000,22.72000,1394900
166,2022-08-11,23.97000,24.34000,21.64000,22.07000,3649600
167,2022-08-10,21.10000,21.70000,20.78000,21.68000,1181100
168,2022-08-09,21.15000,21.26000,20.30000,20.46000,829400
169,2022-08-08,20.28000,21.76000,20.24000,21.45000,1765300
170,2022-08-05,19.67000,20.34000,19.65000,20.05000,509600
171,2022-08-04,20.03000,20.53000,20.01000,20.11000,1051700
172,2022-08-03,19.74000,20.34000,19.67000,20.08000,671600
173,2022-08-02,19.27000,19.63500,19.17000,19.43000,519800
174,2022-08-01,19.49000,19.87000,19.08000,19.44000,608200
175,2022-07-29,18.97000,19.64000,18.67000,19.58000,914400
176,2022-07-28,18.20000,18.87000,17.69000,18.86000,794700
177,2022-07-27,17.83000,18.18000,17.59000,18.15000,783800
178,2022-07-26,18.48000,18.52500,17.56000,17.60000,1099800
179,2022-07-25,19.24000,19.24000,18.76000,18.96000,489100
180,2022-07-22,19.60000,19.93000,18.93000,19.18000,662400
181,2022-07-21,19.17000,19.55500,18.90000,19.54000,983300
182,2022-07-20,19.06000,19.64400,18.97000,19.35000,1110200
183,2022-07-19,18.68000,19.21500,18.49000,19.14000,742300
184,2022-07-18,17.89000,18.89000,17.89000,18.47000,2330800
185,2022-07-15,17.34000,17.63000,16.65000,17.63000,1032200
186,2022-07-14,17.18000,17.37000,16.85000,17.05000,560600
187,2022-07-13,17.30000,17.90000,17.18000,17.55000,551100
188,2022-07-12,17.28000,17.92500,17.24000,17.67000,438000
189,2022-07-11,17.95000,18.09000,17.35500,17.39000,505300
190,2022-07-08,18.41000,18.53500,17.85000,18.29000,465800
191,2022-07-07,17.77000,18.52500,17.74000,18.51000,794000
192,2022-07-06,18.07000,18.26000,17.26000,17.48000,776900
193,2022-07-05,17.30000,18.02500,17.07000,17.96000,1503100
194,2022-07-01,18.08000,18.15000,17.35000,17.63000,722600
195,2022-06-30,18.41000,18.47000,17.70000,18.01000,923700
196,2022-06-29,19.01000,19.16000,18.44000,18.68000,608800
197,2022-06-28,19.78000,20.16000,19.10000,19.12000,941300
198,2022-06-27,19.88000,20.14000,19.31000,19.66000,654200
199,2022-06-24,19.42000,20.05000,19.36000,19.85000,662100
200,2022-06-23,18.86000,19.30000,18.46000,19.11000,564300
201,2022-06-22,18.37000,18.93900,18.32700,18.71000,734000
202,2022-06-21,18.87000,19.20000,18.60600,18.80000,1024500
203,2022-06-17,17.95000,18.62000,17.82000,18.40000,544800
204,2022-06-16,18.29000,18.38000,17.76200,17.85000,843700
205,2022-06-15,18.98000,19.15000,18.45000,18.89000,622500
206,2022-06-14,18.94000,19.24000,18.47500,18.68000,639100
207,2022-06-13,19.10000,19.47000,18.48200,18.71000,830700
208,2022-06-10,20.30000,20.68000,19.85000,19.99000,630100
209,2022-06-09,21.03000,21.21000,20.63000,20.75000,650300
210,2022-06-08,21.19000,21.68000,21.04000,21.29000,688300
211,2022-06-07,21.10000,21.76000,20.88500,21.54000,720500
212,2022-06-06,21.07000,21.53000,20.73000,21.40000,931100
213,2022-06-03,20.90000,21.21500,20.62000,20.78000,910900
214,2022-06-02,20.38000,21.48000,20.27000,21.33000,1008000
215,2022-06-01,20.19000,20.49000,19.52000,20.08000,861000
216,2022-05-31,20.59000,20.83000,20.00000,20.06000,1392900
217,2022-05-27,20.11000,20.50000,20.01000,20.43000,770200
218,2022-05-26,19.38000,20.38000,19.28000,19.95000,1699900
219,2022-05-25,18.27000,19.47000,18.24000,19.18000,1814700
220,2022-05-24,19.32000,19.43000,18.08000,18.45000,1418100
221,2022-05-23,20.01000,20.11000,18.71000,19.58000,2277500
222,2022-05-20,21.26000,21.72000,19.84000,20.31000,2468800
223,2022-05-19,20.54000,21.34000,19.21000,20.89000,5811300
224,2022-05-18,20.25000,20.36000,18.92000,19.01000,2226900
225,2022-05-17,20.84000,21.25000,20.09000,20.81000,720000
226,2022-05-16,20.45000,20.66000,19.90000,20.20000,933600
227,2022-05-13,19.63000,21.37000,19.62000,20.77000,1679200
228,2022-05-12,17.91000,19.75000,17.91000,19.11000,1941400
229,2022-05-11,18.50000,18.87000,18.08000,18.18000,1832500
230,2022-05-10,19.01000,19.14000,18.09000,18.56000,1211900
231,2022-05-09,19.49000,19.87000,18.47000,18.49000,1338400
232,2022-05-06,20.73000,20.83000,19.56000,19.97000,1378200
233,2022-05-05,22.52000,22.55000,20.82000,21.01000,2026300
234,2022-05-04,22.64000,23.08000,21.78500,23.06000,861500
235,2022-05-03,22.36000,22.85000,22.25000,22.56000,904700
236,2022-05-02,21.58000,22.55500,21.46000,22.50000,845100
237,2022-04-29,22.35000,22.91000,21.70000,21.77000,1083800
238,2022-04-28,21.45000,22.82000,20.98000,22.53000,1241900
239,2022-04-27,20.74000,21.50000,20.74000,21.14000,853200
240,2022-04-26,21.94000,22.07000,20.82000,20.92000,1224800
241,2022-04-25,21.60000,22.36000,21.57000,22.35000,2029900
242,2022-04-22,23.33000,23.55200,21.81000,21.84000,1794900
243,2022-04-21,24.33000,24.50000,23.23000,23.64000,756000
244,2022-04-20,24.18000,24.24000,23.48000,23.76000,563900
245,2022-04-19,22.83000,24.21500,22.83000,23.89000,1071800
246,2022-04-18,23.60000,23.71000,22.79000,22.87000,1498100
247,2022-04-14,24.15000,24.39000,23.41000,23.65000,1492600
248,2022-04-13,23.88000,24.59500,23.86000,24.13000,2052300
249,2022-04-12,24.78000,25.43000,23.91000,23.99000,843600
250,2022-04-11,23.94000,24.59000,23.77000,24.24000,877200
251,2022-04-08,25.10000,25.10000,24.18000,24.25000,653900
252,2022-04-07,25.04000,25.35000,24.21000,25.11000,547600
253,2022-04-06,25.33000,25.35000,24.31000,25.16000,797400
254,2022-04-05,26.75000,26.81000,25.53000,25.78000,951600
255,2022-04-04,26.31000,27.13000,26.18000,26.93000,523600
256,2022-04-01,26.38000,26.81300,25.71000,26.18000,634400
257,2022-03-31,27.22000,27.49000,26.25000,26.33000,786700
258,2022-03-30,27.78000,27.87500,27.22500,27.37000,552100
259,2022-03-29,27.32000,28.53000,27.31000,27.83000,1086600
260,2022-03-28,26.41000,26.93000,26.11000,26.83000,461500
261,2022-03-25,27.18000,27.22000,26.15000,26.37000,523300
262,2022-03-24,27.16000,27.36000,26.53000,27.10000,756900
263,2022-03-23,26.72000,27.33000,26.41000,26.93000,960800
264,2022-03-22,26.36000,27.45000,26.36000,27.10000,919600
265,2022-03-21,26.15000,26.61000,25.69000,26.04000,1230800
266,2022-03-18,23.85000,26.52000,23.57000,26.30000,2083700
267,2022-03-17,23.23000,23.98000,22.89000,23.97000,622600
268,2022-03-16,22.48000,23.65000,22.47000,23.47000,1009200
269,2022-03-15,21.37000,21.99000,21.22500,21.89000,956800
270,2022-03-14,22.45000,22.71000,21.20000,21.30000,1244900
271,2022-03-11,23.77000,23.89000,22.50000,22.52000,580100
272,2022-03-10,22.99000,23.92000,22.77000,23.46000,769800
273,2022-03-09,23.36000,23.78000,23.10000,23.43000,877700
274,2022-03-08,21.80000,23.30000,21.71000,22.42000,1770700
275,2022-03-07,23.89000,24.23000,21.68000,21.70000,1560700
276,2022-03-04,25.00000,25.37000,23.81000,24.09000,1029300
277,2022-03-03,26.18000,26.22000,25.11000,25.31000,805400
278,2022-03-02,25.34000,26.31500,25.05000,26.19000,922100
279,2022-03-01,26.23000,26.23000,24.98000,25.17000,726900
280,2022-02-28,26.54000,26.95000,26.06000,26.10000,1508300
281,2022-02-25,26.69000,26.74000,25.36000,26.73000,1092400
282,2022-02-24,24.20000,26.76000,24.00000,26.67000,2051600
283,2022-02-23,26.74000,27.10000,25.37000,25.41000,1015200
284,2022-02-22,27.50000,28.14000,26.30000,26.41000,1604200
285,2022-02-18,29.26000,29.59000,28.14000,28.34000,1208300
286,2022-02-17,29.95000,30.74000,29.07200,29.14000,1332600
287,2022-02-16,29.20000,30.60000,29.03000,30.42000,2106100
288,2022-02-15,28.50000,29.98000,28.30000,29.58000,2623700
289,2022-02-14,27.14000,28.23000,26.98000,27.76000,2664000
290,2022-02-11,28.67000,28.94000,26.52000,26.90000,3300200
291,2022-02-10,28.20000,29.60000,27.02000,28.73000,9141400
292,2022-02-09,33.61000,34.45000,33.15000,34.31000,2049800
293,2022-02-08,31.41000,32.96000,31.26500,32.87000,1306600
294,2022-02-07,30.24000,31.89000,30.24000,31.65000,1677900
295,2022-02-04,30.81500,31.38900,30.06000,31.14000,971100
296,2022-02-03,30.79000,31.55000,30.16000,30.28000,995900
297,2022-02-02,32.77000,32.85000,31.24000,31.53000,1443200
298,2022-02-01,30.82000,32.32000,30.71000,32.28000,1300000
299,2022-01-31,29.48000,30.79000,29.36000,30.71000,801600
300,2022-01-28,29.69000,29.72000,28.36000,29.45000,915500
301,2022-01-27,29.43000,30.26000,28.97000,29.51000,2404900
302,2022-01-26,31.14000,31.14000,28.74000,29.07000,1539300
303,2022-01-25,29.45000,30.68000,29.16000,30.25000,1531900
304,2022-01-24,29.32000,30.46000,28.17000,30.14000,2330500
305,2022-01-21,30.25000,30.68000,29.63000,30.05000,1744100
306,2022-01-20,31.48000,32.24000,30.59000,30.60000,1313400
307,2022-01-19,32.02500,32.70000,31.25000,31.26000,1000600
308,2022-01-18,32.17000,32.47000,31.59000,31.85000,1418600
309,2022-01-14,32.53000,33.02000,31.68000,32.33000,1093300
310,2022-01-13,34.05000,34.25000,32.87000,33.03000,1152400
311,2022-01-12,34.58000,35.13000,33.73000,33.90000,890500
312,2022-01-11,33.47000,34.37000,33.24000,34.06000,1061800
313,2022-01-10,33.76000,33.89500,32.89000,33.47000,1833200
314,2022-01-07,35.34000,35.75000,33.78000,34.38000,2026400
315,2022-01-06,36.54000,36.81000,35.34000,36.46000,1315800
316,2022-01-05,37.39000,37.88000,35.63000,35.69000,1058400
317,2022-01-04,37.93000,37.93000,36.50000,37.11000,692800
318,2022-01-03,37.19000,38.12000,37.08000,37.48000,745700
319,2021-12-31,36.56000,37.45000,36.56000,37.06000,479600
320,2021-12-30,36.53000,37.63000,36.43000,36.75000,642600
321,2021-12-29,36.64000,36.88000,36.28000,36.46000,461500
322,2021-12-28,37.50000,37.69000,36.28000,36.62000,466300
323,2021-12-27,37.52000,37.54000,36.81000,37.30000,394900
324,2021-12-23,36.85000,37.34000,36.56000,37.30000,462400
325,2021-12-22,36.48000,37.03500,36.23000,36.82000,565400
326,2021-12-21,35.51000,36.61000,35.40000,36.51000,1140700
327,2021-12-20,35.66000,35.66000,34.51500,34.93000,912300
328,2021-12-17,35.51000,36.90000,35.08000,36.44000,1265000
329,2021-12-16,37.50000,38.00000,35.80000,35.83000,1028200
330,2021-12-15,37.18000,37.60000,36.03000,37.39000,737900
331,2021-12-14,37.56000,37.95000,36.48000,37.40000,992700
332,2021-12-13,38.66000,38.82000,37.06000,37.50000,1197600
333,2021-12-10,39.95000,39.95000,38.34000,38.82000,1006400
334,2021-12-09,40.58000,41.03000,39.18000,39.43000,1054900
335,2021-12-08,40.86000,40.99000,39.41000,40.76000,1401200
336,2021-12-07,38.59000,41.55000,38.38000,40.73000,2245400
337,2021-12-06,36.71000,37.71000,35.61000,37.50000,2156900
338,2021-12-03,39.46000,39.76000,35.88000,36.55000,3417900
339,2021-12-02,41.21000,41.69000,38.77000,39.41000,2581400
340,2021-12-01,45.35000,45.85000,41.22000,41.28000,2115400
341,2021-11-30,45.51000,46.14000,43.69000,44.59000,1172400
342,2021-11-29,46.54000,46.70000,45.45000,45.94000,866800
343,2021-11-26,46.80000,47.40000,45.69000,45.90000,846300
344,2021-11-24,48.09000,48.40600,47.23000,48.27000,951200
345,2021-11-23,49.32000,49.71000,48.12400,48.78000,936900
346,2021-11-22,51.50000,51.50000,49.39000,49.40000,887300
347,2021-11-19,51.11000,52.07000,50.91500,51.20000,850500
348,2021-11-18,52.02000,52.49000,50.51000,51.11000,1045900
349,2021-11-17,53.03000,53.16500,50.62000,51.63000,1334300
350,2021-11-16,51.92000,53.64000,51.35000,53.08000,1079200
351,2021-11-15,50.81500,51.87000,50.29000,51.83000,1033200
352,2021-11-12,49.66000,51.35000,49.28000,50.60000,1847300
353,2021-11-11,48.45000,49.33000,47.61000,49.20000,1055700
354,2021-11-10,49.53000,50.09000,47.27500,47.85000,1342400
355,2021-11-09,49.30000,50.94000,48.79000,50.39000,1425400
356,2021-11-08,47.67000,49.60000,46.88000,49.37000,2525700
357,2021-11-05,45.39000,49.36000,44.92000,48.26000,5763500
358,2021-11-04,39.98000,40.59000,39.73000,40.43000,2294500
359,2021-11-03,39.20000,40.39000,39.01000,39.75000,912600
360,2021-11-02,38.27000,39.40100,38.04000,39.10000,777500
361,2021-11-01,37.25000,38.69000,37.15000,38.21000,980400
362,2021-10-29,37.00000,37.67000,36.82000,37.10000,782400
363,2021-10-28,36.86000,37.73000,36.86000,37.44000,1420300
364,2021-10-27,39.07000,39.07000,36.74000,36.75000,978900
365,2021-10-26,39.80000,39.89000,38.64500,39.04000,623200
366,2021-10-25,39.75000,40.31000,39.27000,39.65000,464200
367,2021-10-22,39.87000,40.09000,39.41700,39.85000,368500
368,2021-10-21,39.69000,40.39000,39.69000,40.08000,448200
369,2021-10-20,39.52000,40.23000,39.30000,39.72000,549000
370,2021-10-19,39.01000,39.45000,38.71000,39.21000,576700
371,2021-10-18,37.67000,38.84000,37.51000,38.81000,436300
372,2021-10-15,38.47000,38.63000,37.69000,37.96000,494100
373,2021-10-14,38.92000,39.00000,38.20000,38.25000,475400
374,2021-10-13,37.65000,38.65000,37.52000,38.47000,489800
375,2021-10-12,37.21000,37.84000,37.01000,37.63000,827000
376,2021-10-11,37.30000,38.37000,36.90000,36.92000,815600
377,2021-10-08,37.39000,37.89000,37.10000,37.30000,391600
378,2021-10-07,37.00000,38.04000,36.93500,37.42000,809200
379,2021-10-06,35.90000,36.69000,35.35000,36.58000,945800
380,2021-10-05,35.85000,37.13000,35.79000,36.31000,673100
381,2021-10-04,36.13000,36.34000,35.40000,35.75000,545600
382,2021-10-01,35.90000,36.36000,35.68000,36.10000,567000
383,2021-09-30,36.28000,36.42000,35.63000,35.67000,615800
384,2021-09-29,37.59000,37.65000,36.18000,36.40000,726900
385,2021-09-28,39.14000,39.25000,37.30000,37.39000,823900
386,2021-09-27,38.32000,39.91000,38.18000,39.47000,1010000
387,2021-09-24,37.98000,38.30000,37.35000,38.16000,679100
388,2021-09-23,37.79000,38.79000,37.58000,38.32000,604300
389,2021-09-22,37.14000,37.82000,37.14000,37.48000,568400
390,2021-09-21,36.54000,37.20000,36.31000,36.93000,633700
391,2021-09-20,36.64000,36.93500,35.69000,36.41000,1232500
392,2021-09-17,36.70000,37.50000,36.64000,37.27000,649400
393,2021-09-16,37.91000,37.91000,36.57000,36.96000,1286000
394,2021-09-15,38.94000,38.94000,37.56000,37.56000,1160800
395,2021-09-14,38.40000,39.27900,38.25000,39.04000,588700
396,2021-09-13,39.96000,39.99000,38.25000,38.48000,970700
397,2021-09-10,38.81000,39.76000,38.54600,39.63000,1240000
398,2021-09-09,38.18000,39.21000,37.49200,38.57000,1356200
399,2021-09-08,39.79000,39.87000,37.85000,37.94000,1602000
400,2021-09-07,41.89000,42.13000,40.26000,40.31000,695400
401,2021-09-03,41.47000,41.86000,40.81000,41.85000,671500
402,2021-09-02,40.14000,41.42000,40.02000,41.40000,1352000
403,2021-09-01,38.64000,40.48000,38.57500,40.40000,959900
404,2021-08-31,38.57000,38.95000,38.17000,38.37000,962600
405,2021-08-30,38.80000,39.33000,38.28000,38.52000,1077300
406,2021-08-27,38.94000,39.33000,38.68000,38.80000,814000
407,2021-08-26,38.81000,39.58500,38.66000,38.89000,641200
408,2021-08-25,38.66000,39.31500,38.39000,39.21000,1110900
409,2021-08-24,37.72000,38.82000,37.66000,38.53000,785500
410,2021-08-23,36.65000,38.06000,36.58000,37.48000,1225400
411,2021-08-20,35.69000,36.58000,35.66000,36.26000,1026200
412,2021-08-19,36.05000,36.50000,35.32000,35.68000,1124000
413,2021-08-18,35.82000,37.42000,35.60000,36.87000,1878200
414,2021-08-17,35.72000,36.10000,34.58000,35.05000,1444500
415,2021-08-16,36.81000,37.15000,36.09000,36.11000,1040000
416,2021-08-13,37.72000,37.84000,36.39800,36.52000,1410500
417,2021-08-12,38.55000,38.97000,37.38000,37.68000,1900300
418,2021-08-11,40.85000,40.88000,37.81000,38.71000,4330000
419,2021-08-10,43.63000,44.72000,43.60000,44.44000,807900
420,2021-08-09,43.53000,43.79000,43.01000,43.54000,347000
421,2021-08-06,43.03000,44.03000,43.03000,43.54000,644500
422,2021-08-05,42.58000,43.02000,41.84000,42.79000,327900
423,2021-08-04,42.14000,43.10000,42.06000,42.45000,379500
424,2021-08-03,42.95000,43.00000,41.39500,42.30000,552800
425,2021-08-02,42.88000,43.59100,42.42000,42.51000,310300
426,2021-07-30,42.82000,43.29000,42.24000,42.43000,553000
427,2021-07-29,42.72000,43.08000,42.29000,42.59000,423000
428,2021-07-28,42.32000,42.72000,41.52000,42.50000,304600
429,2021-07-27,42.57000,42.68000,41.53000,41.92000,365500
430,2021-07-26,42.31000,43.46000,42.24000,42.83000,449800
431,2021-07-23,41.64000,43.32000,41.37000,42.66000,572500
432,2021-07-22,42.00000,42.13000,40.90000,41.11000,354700
433,2021-07-21,40.81000,42.20000,40.81000,42.15000,389800
434,2021-07-20,39.40000,41.06500,38.61000,40.75000,412400
435,2021-07-19,38.88000,39.48000,38.47000,39.22000,638600
436,2021-07-16,40.38000,40.93000,39.51000,39.69000,403000
437,2021-07-15,41.22000,41.22000,39.48000,40.34000,674900
438,2021-07-14,41.61000,42.24000,41.15000,41.16000,401400
439,2021-07-13,41.95000,42.17000,41.66000,41.72000,285000
440,2021-07-12,42.88000,42.88000,42.07000,42.38000,284900
441,2021-07-09,42.27000,42.95000,42.12000,42.90000,438500
442,2021-07-08,41.38000,42.17000,40.77000,41.83000,523800
443,2021-07-07,43.08000,43.15000,41.60000,42.22000,330100
444,2021-07-06,42.83000,43.17000,41.85000,42.97000,422600
445,2021-07-02,44.27000,44.71000,43.01000,43.03000,395000
446,2021-07-01,44.01000,44.66000,43.60000,44.26000,631100
447,2021-06-30,43.43000,43.95000,43.20000,43.74000,355200
448,2021-06-29,42.42000,43.90000,42.29000,43.57000,609900
449,2021-06-28,43.87000,43.87000,42.16000,42.33000,685400
450,2021-06-25,42.79000,44.22000,42.05000,43.58000,992000
451,2021-06-24,41.16000,42.83000,41.16000,42.21000,858800
452,2021-06-23,41.03000,41.50000,40.71000,40.87000,463000
453,2021-06-22,38.23000,40.92000,38.06000,40.92000,645400
454,2021-06-21,38.09000,38.56000,37.76000,38.17000,1175100
455,2021-06-18,38.74000,38.97000,38.08000,38.08000,1028200
456,2021-06-17,39.07000,39.55000,38.65000,39.12000,487600
457,2021-06-16,39.78000,39.93000,39.08000,39.18000,446200
458,2021-06-15,40.73000,40.75000,39.71000,39.94000,464900
459,2021-06-14,41.60000,41.83000,40.33000,40.61000,513100
460,2021-06-11,39.99000,41.46000,39.74000,41.46000,915000
461,2021-06-10,40.83000,41.00000,39.50000,39.85000,531500
462,2021-06-09,40.37000,40.61000,40.06000,40.51000,653600
463,2021-06-08,39.86000,40.58000,39.62000,40.19000,443300
464,2021-06-07,39.21000,39.96000,39.16000,39.57000,351500
465,2021-06-04,39.00000,39.28000,38.06000,39.12000,645700
466,2021-06-03,40.27000,40.44000,38.70000,38.82000,758500
467,2021-06-02,41.57000,41.66000,40.07000,40.58000,601600
468,2021-06-01,40.60000,41.39000,40.30000,40.79000,804000
469,2021-05-28,41.36000,41.42000,40.26000,40.33000,724100
470,2021-05-27,39.85000,41.49000,39.44000,41.13000,1640400
471,2021-05-26,38.74000,39.97000,38.63000,39.70000,789200
472,2021-05-25,39.34000,39.50000,38.42000,38.48000,1046500
473,2021-05-24,38.70000,39.24000,38.35000,39.06000,278500
474,2021-05-21,39.76000,39.80000,38.62500,38.68000,557600
475,2021-05-20,37.98000,39.44500,37.69000,39.32000,957600
476,2021-05-19,37.94000,38.23000,37.35000,37.80000,643200
477,2021-05-18,38.78000,39.20000,38.49000,38.60000,2100100
478,2021-05-17,38.00000,38.86000,37.64000,38.81000,989000
479,2021-05-14,37.58000,39.33500,37.42000,38.20000,1641700
480,2021-05-13,42.35000,42.58000,37.60500,37.80000,3802100
481,2021-05-12,42.04000,42.28000,40.97000,41.49000,1617800
482,2021-05-11,42.49000,42.78000,41.08000,42.47000,1320700
483,2021-05-10,43.28000,43.72000,42.49000,43.44000,815000
484,2021-05-07,40.62000,43.26000,40.33000,43.24000,746000
485,2021-05-06,42.38000,42.38000,40.09500,40.66000,1024100
486,2021-05-05,42.01000,42.32000,41.12000,42.00000,432600
487,2021-05-04,42.06000,42.18000,41.18000,41.97000,893200
488,2021-05-03,42.22000,43.12000,42.22000,42.54000,588600
489,2021-04-30,42.75000,43.30000,42.22000,42.27000,567800
490,2021-04-29,42.98000,43.15000,42.37000,42.88000,482500
491,2021-04-28,42.12000,43.48000,41.93000,42.63000,752400
492,2021-04-27,42.58000,42.83000,42.24000,42.37000,546300
493,2021-04-26,42.83000,43.14000,41.92000,42.36000,630000
494,2021-04-23,41.20000,42.50000,41.05300,42.39000,864100
495,2021-04-22,41.50000,42.31500,40.93000,41.18000,661900
496,2021-04-21,39.19000,41.32000,38.98000,41.25000,810000
497,2021-04-20,40.00000,40.23000,38.45000,39.38000,1303400
498,2021-04-19,40.54000,40.73000,39.90000,40.21000,706800
499,2021-04-16,40.70000,40.93000,39.91000,40.70000,495800
500,2021-04-15,40.35000,40.82000,39.87000,40.38000,692900
501,2021-04-14,41.51000,41.97000,40.28000,40.38000,766000
502,2021-04-13,42.68000,42.94000,41.37000,41.51000,978800
503,2021-04-12,42.26000,42.96000,41.83000,42.81000,585000
504,2021-04-09,42.50000,42.64000,41.72000,42.51000,741600
505,2021-04-08,41.51000,42.42000,41.13000,42.35000,977700
506,2021-04-07,41.14000,41.57000,40.44000,41.45000,918000
507,2021-04-06,40.16000,41.28000,40.16000,40.91000,603800
508,2021-04-05,40.82000,41.13400,39.48000,40.17000,622500
509,2021-04-01,39.43000,40.52000,39.22000,40.36000,1093400
510,2021-03-31,39.76000,40.15000,39.14000,39.25000,627800
511,2021-03-30,39.42000,39.85000,38.91000,39.71000,650200
512,2021-03-29,40.08000,41.07000,39.23000,39.42000,2004100
513,2021-03-26,40.98000,41.66000,40.02000,40.88000,745100
514,2021-03-25,40.10000,41.05000,38.91000,40.81000,1176400
515,2021-03-24,42.04000,42.10700,40.31000,40.39000,1365300
516,2021-03-23,43.29000,43.86000,41.24000,41.70000,1049600
517,2021-03-22,43.95000,44.34000,42.81000,43.58000,636600
518,2021-03-19,42.19000,43.98000,41.82000,43.81000,1076300
519,2021-03-18,43.52000,44.12000,42.31000,42.37000,738000
520,2021-03-17,43.25000,43.96000,42.80000,43.77000,840300
521,2021-03-16,43.97000,44.29000,42.65400,43.31000,1058100
522,2021-03-15,43.92000,43.99000,42.68000,43.72000,1816800
523,2021-03-12,45.00000,45.00000,43.92400,43.99000,814700
524,2021-03-11,46.06000,46.24000,44.50000,44.69000,1742700
525,2021-03-10,45.44000,46.21000,44.98000,45.63000,673100
526,2021-03-09,45.41000,46.06000,44.88500,44.91000,777200
527,2021-03-08,45.65000,46.70000,45.04000,45.24000,972100
528,2021-03-05,44.21000,45.22000,42.39000,45.07000,1495800
529,2021-03-04,45.57000,46.02500,42.88000,43.72000,1511100
530,2021-03-03,46.29000,47.08000,45.49000,45.49000,779600
531,2021-03-02,46.46000,50.05000,46.14000,46.28000,2158600
532,2021-03-01,45.45000,47.71100,45.13000,46.66000,1224400
533,2021-02-26,46.08000,47.20000,44.80000,44.83000,955100
534,2021-02-25,46.81000,47.56000,45.72000,46.36000,987900
535,2021-02-24,44.99000,46.85000,44.48000,46.74000,1239200
536,2021-02-23,45.00000,45.47000,43.79500,44.86000,1157700
537,2021-02-22,44.70000,46.30000,44.67000,45.46000,799500
538,2021-02-19,45.11000,45.96000,44.93000,45.10000,894900
539,2021-02-18,43.69000,45.37000,43.22000,45.33000,1293100
540,2021-02-17,43.00000,43.58000,42.47000,43.53000,1331800
541,2021-02-16,42.96000,44.69000,42.90000,43.00000,1348700
542,2021-02-12,41.25000,43.16000,40.67300,43.05000,929900
543,2021-02-11,40.64000,41.65000,39.93400,41.40000,1516500
544,2021-02-10,42.13000,42.13000,40.05500,40.78000,1449200
545,2021-02-09,41.58000,42.56000,41.32000,41.88000,1609200
546,2021-02-08,43.92000,43.92000,40.92000,41.53000,3189200
547,2021-02-05,45.31000,45.71000,43.22000,43.44000,4300100
548,2021-02-04,40.60000,45.60300,40.13000,42.90000,18886400
549,2021-02-03,35.14000,35.94000,34.91000,35.17000,1445000
550,2021-02-02,35.13000,35.22000,34.31000,34.92000,1475600
551,2021-02-01,33.06000,34.95000,32.98000,34.62000,1486600
552,2021-01-29,33.55000,34.83500,33.23000,33.46000,1690300
553,2021-01-28,35.66000,35.85000,33.16000,33.45000,2032500
554,2021-01-27,33.59000,36.86000,33.19000,35.72000,3471100
555,2021-01-26,33.31000,34.04000,32.97000,34.02000,1740500
556,2021-01-25,31.78000,33.18000,31.71000,32.82000,1712500
557,2021-01-22,31.42000,32.08000,31.30000,32.00000,935900
558,2021-01-21,33.37000,33.51500,31.46000,31.66000,2505100
559,2021-01-20,34.86000,35.34900,33.43000,33.49000,2196600
560,2021-01-19,33.70000,34.80000,33.02000,34.50000,1992900
561,2021-01-15,33.65000,33.95000,33.20000,33.80000,3112500
562,2021-01-14,32.32000,34.19000,32.25000,34.15000,1960200
563,2021-01-13,32.28000,32.64000,31.72000,32.50000,1228000
564,2021-01-12,32.10000,32.64400,31.27000,32.57000,1602500
565,2021-01-11,30.11000,32.07000,29.88000,31.58000,1429500
566,2021-01-08,29.85000,30.56000,29.57000,30.39000,1055800
567,2021-01-07,29.60000,29.89000,29.32000,29.75000,1356600
568,2021-01-06,29.00000,29.97000,28.67700,29.42000,2180100
569,2021-01-05,28.64000,28.87500,28.10000,28.45000,1749500
570,2021-01-04,29.72000,29.94000,28.68000,29.10000,1527600
571,2020-12-31,29.85000,30.22000,29.67000,29.77000,1098300
572,2020-12-30,29.91000,30.18000,29.56000,30.06000,1164500
573,2020-12-29,30.55000,30.67000,29.09000,29.75000,1512500
574,2020-12-28,31.08000,31.08000,29.93000,30.28000,1110500
575,2020-12-24,31.04000,31.10500,30.58000,30.85000,427900
576,2020-12-23,30.76000,31.26500,30.38000,30.82000,1203100
577,2020-12-22,32.00000,32.07500,30.51000,30.54000,1665800
578,2020-12-21,31.59000,32.53000,31.49000,32.01000,1587600
579,2020-12-18,31.62000,32.75000,31.38000,32.40000,1422800
580,2020-12-17,31.66000,32.16000,31.32000,31.58000,1264400
581,2020-12-16,31.92000,32.00000,31.27000,31.50000,1092900
582,2020-12-15,30.39000,31.73000,30.33000,31.67000,1632500
583,2020-12-14,30.65000,31.16000,30.25000,30.34000,1529000
584,2020-12-11,31.04000,31.28000,30.06000,30.65000,1326100
585,2020-12-10,31.69000,32.05000,30.85000,31.20000,2012200
586,2020-12-09,33.72000,33.85000,32.19000,32.23000,1637300
587,2020-12-08,33.65000,33.90000,32.72000,33.67000,1105500
588,2020-12-07,32.01000,34.08000,31.71000,33.78000,1895100
589,2020-12-04,32.25000,32.44000,31.73000,32.08000,1178600
590,2020-12-03,32.50000,33.12000,32.09500,32.16000,1475300
591,2020-12-02,32.95000,32.95000,32.15000,32.49000,1169600
592,2020-12-01,33.49000,33.60000,32.96000,33.03000,1247300
593,2020-11-30,34.04000,34.18000,32.89000,33.24000,1878100
594,2020-11-27,35.48000,35.62000,33.64000,34.05000,1437900
595,2020-11-25,35.75000,37.43400,35.13000,35.60000,4527800
596,2020-11-24,36.60000,39.32000,36.55000,38.65000,3418900
597,2020-11-23,34.96000,35.84600,34.80000,35.72000,780000
598,2020-11-20,35.06000,35.37500,33.97000,34.77000,1224300
599,2020-11-19,35.50000,36.05000,35.15000,35.68000,789500
600,2020-11-18,34.57000,35.75000,34.42000,35.65000,1148600
601,2020-11-17,33.55000,34.70000,33.42000,34.42000,1100400
602,2020-11-16,34.51000,34.88000,32.97000,33.82000,1366400
603,2020-11-13,34.12000,34.27000,33.19000,33.90000,920200
604,2020-11-12,33.71000,34.37000,33.69100,33.95000,604100
605,2020-11-11,35.26000,35.37000,33.70000,33.97000,778700
606,2020-11-10,34.49000,35.40000,34.17000,35.05000,745000
607,2020-11-09,34.61000,36.89000,34.21000,34.89000,2139000
608,2020-11-06,32.99000,33.29000,31.92500,32.18000,1616800
609,2020-11-05,33.20000,34.68000,31.75000,33.03000,2266800
610,2020-11-04,32.11000,33.02000,31.59500,32.91000,1383500
611,2020-11-03,31.75000,32.01000,31.12500,31.83000,921600
612,2020-11-02,31.46000,31.96000,30.78000,31.31000,1521600
613,2020-10-30,32.75000,32.98000,30.75000,31.18000,2087400
614,2020-10-29,33.00000,33.47000,32.38000,33.21000,1029300
615,2020-10-28,33.00000,33.34000,32.41000,32.89000,887800
616,2020-10-27,34.10000,34.55000,33.58000,33.70000,617100
617,2020-10-26,34.96000,35.13000,33.14000,33.47000,1164800
618,2020-10-23,36.60000,36.60000,35.22000,35.51000,674500
619,2020-10-22,36.17000,36.67000,35.46000,36.14000,771600
620,2020-10-21,36.03000,36.75000,35.85000,36.16000,888300
621,2020-10-20,35.60000,36.51500,35.46000,35.89000,946200
622,2020-10-19,35.16000,35.85000,35.00000,35.19000,785300
623,2020-10-16,35.31000,35.44400,34.54000,35.16000,715400
624,2020-10-15,33.62000,35.45000,33.46000,35.21000,847800
625,2020-10-14,34.46000,35.13000,34.03000,34.30000,674500
626,2020-10-13,35.35000,35.79000,34.25000,34.55000,1069200
627,2020-10-12,35.87000,35.99000,34.97000,35.41000,734900
628,2020-10-09,36.00000,36.06000,35.11000,35.87000,986600
629,2020-10-08,34.50000,35.82000,34.50000,35.66000,1245100
630,2020-10-07,33.68000,34.57000,33.64500,34.29000,1075100
631,2020-10-06,33.80000,33.96000,32.87000,33.00000,1178900
632,2020-10-05,33.28000,33.78000,32.91000,33.70000,834900
633,2020-10-02,32.09000,33.29000,32.02000,33.05000,1312500
634,2020-10-01,32.48000,33.73000,32.31600,33.20000,2210700
635,2020-09-30,31.20000,33.29000,30.93000,32.17000,4509400
636,2020-09-29,29.89000,30.25000,29.37000,29.68000,952400
637,2020-09-28,29.98000,30.43000,29.41500,29.83000,1066800
638,2020-09-25,28.32000,29.44500,28.32000,29.39000,730600
639,2020-09-24,28.86000,29.03000,27.95000,28.49000,942300
640,2020-09-23,29.18000,30.63900,28.84000,29.16000,2471300
641,2020-09-22,28.49000,28.73000,27.88000,28.61000,1036200
642,2020-09-21,28.60000,28.64000,27.59000,28.19000,1097300
643,2020-09-18,29.06000,29.71000,28.52000,29.27000,1413000
644,2020-09-17,28.10000,28.78000,27.64000,28.73000,734900
645,2020-09-16,27.86000,28.80000,27.75000,28.51000,1514000
646,2020-09-15,27.30000,27.90000,26.74000,27.66000,1188200
647,2020-09-14,25.84000,27.28000,25.81500,27.01000,1258300
648,2020-09-11,25.52000,25.87000,25.24000,25.64000,701000
649,2020-09-10,25.26000,25.70000,24.96000,25.18000,832000
650,2020-09-09,25.00000,25.30000,24.68500,25.10000,774100
651,2020-09-08,24.63000,25.30000,24.00500,24.79000,872800
652,2020-09-04,25.79000,25.90000,24.35000,25.18000,1095900
653,2020-09-03,26.54000,26.73000,25.25000,25.59000,1366800
654,2020-09-02,25.12000,26.61000,25.12000,26.52000,1608700
655,2020-09-01,24.43000,24.98000,24.25000,24.92000,774700
656,2020-08-31,25.19000,25.21000,24.43000,24.49000,452600
657,2020-08-28,24.31000,25.16000,24.30000,25.15000,1036800
658,2020-08-27,24.31000,24.92000,24.18000,24.31000,901200
659,2020-08-26,23.99000,24.17000,23.64500,24.10000,839300
660,2020-08-25,23.46000,24.14000,23.38000,23.92000,1142100
661,2020-08-24,22.91000,23.38000,22.86000,23.33000,709100
662,2020-08-21,22.56000,23.01000,22.52000,22.81000,673100
663,2020-08-20,22.25000,22.60000,22.14000,22.49000,559300
664,2020-08-19,23.16000,23.21000,22.41500,22.49000,1365000
665,2020-08-18,23.38000,23.46000,22.83000,23.16000,1545300
666,2020-08-17,23.80000,23.99000,23.03000,23.29000,1464700
667,2020-08-14,23.63000,24.06000,23.51500,23.79000,777800
668,2020-08-13,23.25000,24.47000,23.21000,23.63000,1619100
669,2020-08-12,23.61000,24.01000,22.74000,23.21000,2656700
670,2020-08-11,22.60000,24.45000,22.59000,23.51000,4152300
671,2020-08-10,24.21000,24.92000,23.94000,24.81000,1560400
672,2020-08-07,23.17000,23.96000,22.82000,23.93000,856200
673,2020-08-06,22.71000,23.32000,22.52000,23.20000,1298000
674,2020-08-05,22.61000,23.05000,22.47000,22.83000,1068900
675,2020-08-04,22.40000,22.61000,22.10000,22.36000,702500
676,2020-08-03,22.33000,22.82000,22.02000,22.47000,825900
677,2020-07-31,22.61000,22.95000,22.16000,22.28000,682900
678,2020-07-30,22.68000,23.23000,22.31000,22.78000,742300
679,2020-07-29,23.57000,23.70000,22.66000,23.03000,1107500
680,2020-07-28,23.00000,23.58000,22.82000,23.42000,929900
681,2020-07-27,23.18000,23.34000,22.61000,23.11000,883500
682,2020-07-24,23.08000,23.51000,22.73700,23.21000,817600
683,2020-07-23,23.29000,23.61000,22.80400,23.20000,1471800
684,2020-07-22,22.91000,23.88000,22.74000,23.29000,1577400
685,2020-07-21,22.93000,23.00000,22.48000,22.63000,691400
686,2020-07-20,22.59000,22.92000,22.33000,22.57000,802800
687,2020-07-17,23.53000,23.63900,22.67000,22.67000,656200
688,2020-07-16,23.70000,24.05000,23.14000,23.37000,1787600
689,2020-07-15,23.18000,24.08000,23.00000,24.00000,1786000
690,2020-07-14,22.03000,22.58000,21.52000,22.56000,636600
691,2020-07-13,22.78000,22.92000,22.08000,22.12000,611800
692,2020-07-10,22.17000,22.60000,21.96000,22.60000,680500
693,2020-07-09,21.96000,22.31000,21.38000,22.26000,1696800
694,2020-07-08,22.12000,22.45000,21.66000,22.11000,777500
695,2020-07-07,23.10000,23.22000,21.93000,22.04000,858700
696,2020-07-06,23.58000,23.69500,22.78000,23.45000,1256800
697,2020-07-02,23.50000,23.87000,23.08000,23.09000,433000
698,2020-07-01,23.01000,23.56200,22.62000,23.05000,651400
699,2020-06-30,22.79000,23.31000,22.48000,23.17000,1219200
700,2020-06-29,22.44000,22.94000,22.04300,22.87000,664200
701,2020-06-26,22.75000,23.14000,22.28000,22.30000,761900
702,2020-06-25,22.68000,23.20300,22.43000,23.04000,1141800
703,2020-06-24,24.30000,24.55000,22.66000,22.97000,842000
704,2020-06-23,24.77000,24.97000,24.10500,24.69000,1126800
705,2020-06-22,23.80000,24.40000,23.59000,24.35000,707400
706,2020-06-19,24.64000,24.76000,23.78000,23.86000,693000
707,2020-06-18,23.60000,24.43000,23.60000,24.25000,825600
708,2020-06-17,24.00000,24.15000,23.55000,23.95000,650600
709,2020-06-16,24.50000,24.66000,23.34000,23.98000,1200200
710,2020-06-15,22.22000,23.75000,22.00000,23.39000,1686800
711,2020-06-12,23.35000,23.39500,22.36000,22.96000,1916100
712,2020-06-11,22.85000,24.04000,22.30300,22.50000,1672100
713,2020-06-10,25.60000,25.97000,24.48000,24.49000,1198100
714,2020-06-09,25.77000,26.11000,25.42000,25.89000,992000
715,2020-06-08,27.03000,27.18000,25.91000,26.44000,1782400
716,2020-06-05,25.82000,27.56000,25.13000,25.34000,3412100
717,2020-06-04,25.29000,25.48000,24.05000,24.66000,3009600
718,2020-06-03,23.00000,25.65000,22.90000,25.42000,6635400
719,2020-06-02,20.98000,21.87000,20.76000,21.59000,4405200
720,2020-06-01,19.41000,20.99000,19.32000,20.73000,2029200
721,2020-05-29,19.83000,20.00000,19.32000,19.52000,3110500
722,2020-05-28,21.50000,21.52000,19.88000,19.98000,2226100
723,2020-05-27,21.20000,21.48000,20.44000,21.38000,1892200
724,2020-05-26,21.30000,21.35000,20.45000,20.77000,1753200
725,2020-05-22,20.88000,21.16000,20.30500,20.60000,808600
726,2020-05-21,20.32000,21.30000,20.02000,21.02000,1012000
727,2020-05-20,20.81000,21.19000,20.19000,20.39000,870500
728,2020-05-19,20.48000,20.98000,19.86000,20.59000,1109500
729,2020-05-18,20.40000,21.14000,20.20000,20.59000,1288500
730,2020-05-15,19.50000,19.74000,18.52000,19.22000,1860900
731,2020-05-14,20.30000,20.85000,19.37000,20.70000,1121500
732,2020-05-13,21.93000,22.07000,20.15000,20.65000,1296800
733,2020-05-12,22.45000,22.93000,22.06000,22.11000,1606700
734,2020-05-11,22.49000,22.49000,21.56000,22.32000,1337800
735,2020-05-08,23.01000,23.42000,22.72000,22.81000,1102300
736,2020-05-07,21.99000,23.00000,21.99000,22.63000,1166400
737,2020-05-06,22.80000,23.12000,21.69000,21.85000,1442400
738,2020-05-05,23.40000,23.76000,22.67000,22.80000,825300
739,2020-05-04,22.39000,23.42000,22.02000,22.93000,1183100
740,2020-05-01,23.08000,23.22500,22.30000,22.71000,1264000
741,2020-04-30,24.67000,24.99000,23.56000,23.85000,1281500
742,2020-04-29,24.50000,25.63500,24.10000,24.99000,1540200
743,2020-04-28,24.23000,24.73000,22.77000,23.63000,1711700
744,2020-04-27,22.11000,23.84000,21.98000,23.69000,1458200
745,2020-04-24,22.19000,22.19000,21.52000,21.75000,1216100
746,2020-04-23,21.98000,22.54700,21.77000,21.82000,1056200
747,2020-04-22,21.54000,22.01000,21.45000,21.88000,727300
748,2020-04-21,21.31000,22.20000,21.10000,21.16000,694900
749,2020-04-20,21.93000,23.23000,21.71000,22.07000,1143300
750,2020-04-17,21.81000,22.35000,21.27000,22.27000,1086700
751,2020-04-16,21.53000,21.70000,20.51000,20.62000,1673900
752,2020-04-15,21.43000,21.84000,21.10000,21.46000,1783400
753,2020-04-14,21.51000,22.52000,21.51000,22.07000,1014300
754,2020-04-13,22.19000,22.23000,20.66000,21.26000,984900
755,2020-04-09,21.76000,22.42000,21.44000,22.01000,1196900
756,2020-04-08,20.82000,21.59000,20.38000,21.18000,1267700
757,2020-04-07,22.13000,22.78000,20.16000,20.28000,2994900
758,2020-04-06,19.19000,20.79000,18.73000,20.69000,1341900
759,2020-04-03,18.00000,18.35000,17.52000,18.25000,1666100
760,2020-04-02,18.25000,19.15000,17.84000,18.17000,2293700
761,2020-04-01,18.78000,19.61000,18.22000,18.29000,1666600
762,2020-03-31,20.33000,20.83000,19.77500,19.89000,1581700
763,2020-03-30,20.57000,21.02000,19.80000,20.30000,1001000
764,2020-03-27,19.20000,20.71000,18.57000,20.22000,1422800
765,2020-03-26,19.88000,21.82000,19.75000,20.65000,1888500
766,2020-03-25,19.03000,20.20000,17.96000,19.59000,2602300
767,2020-03-24,16.92000,19.23000,16.77000,18.73000,2063800
768,2020-03-23,15.40000,16.18000,14.80000,15.96000,2988400
769,2020-03-20,16.51000,16.51000,14.80000,15.01000,3654900
770,2020-03-19,15.71000,17.20000,15.37800,15.50000,3581800
771,2020-03-18,15.24000,16.88000,14.85000,16.10000,2195800
772,2020-03-17,15.41000,16.56000,12.94000,16.45000,7222600
773,2020-03-16,15.46000,15.86000,14.50000,14.86000,5678200
774,2020-03-13,18.10000,18.76000,16.11000,17.59000,7611100
775,2020-03-12,16.94000,19.30000,16.82000,17.00000,6645100
776,2020-03-11,21.54000,21.54000,19.56300,19.74000,4015300
777,2020-03-10,23.02000,23.41000,21.87500,22.00000,3853400
778,2020-03-09,22.29500,23.80000,21.52000,22.26000,4695000
779,2020-03-06,24.62000,25.40000,24.06000,24.98000,4637500
780,2020-03-05,26.15000,26.40000,25.10000,25.36000,2671700
781,2020-03-04,27.00000,27.21000,26.22000,26.83000,2725400
782,2020-03-03,27.79000,28.20000,26.23000,26.54000,1574400
783,2020-03-02,27.37000,27.62500,26.24000,27.49000,1774400
784,2020-02-28,26.30000,27.63000,26.26000,27.57000,2154800
785,2020-02-27,26.17000,27.71000,25.66000,27.12000,2674000
786,2020-02-26,27.69000,28.26300,27.05000,27.17000,1933000
787,2020-02-25,29.77000,29.86000,27.40000,27.53000,2789400
788,2020-02-24,29.26000,29.85000,28.85000,29.51000,2576600
789,2020-02-21,30.86000,31.02000,30.31000,30.39000,1566500
790,2020-02-20,30.85000,31.79000,30.53000,31.14000,2194800
791,2020-02-19,30.85000,30.97000,30.24000,30.82000,1667600
792,2020-02-18,30.75000,30.95000,30.41000,30.71000,2151200
793,2020-02-14,31.25000,31.35400,30.43000,31.00000,1937200
794,2020-02-13,31.76000,32.20000,31.00000,31.00000,2974800
795,2020-02-12,32.46000,33.07000,31.41000,32.36000,2532600
796,2020-02-11,30.73000,32.34000,30.34000,31.93000,3177200
797,2020-02-10,31.08000,31.44000,30.38000,30.49000,4936200
798,2020-02-07,30.89000,32.46000,30.57000,31.84000,14841100
799,2020-02-06,32.39000,33.30000,32.10000,33.30000,4045900
800,2020-02-05,32.44000,32.62500,32.02000,32.36000,1524200
801,2020-02-04,31.76000,32.11000,30.61000,31.96000,1894800
802,2020-02-03,30.18000,31.95000,30.03000,31.12000,3310900
803,2020-01-31,31.62000,31.62000,29.53500,30.00000,4003000
804,2020-01-30,31.96000,32.35000,31.35000,31.83000,2014100
805,2020-01-29,32.79000,32.82000,32.10000,32.25000,1217600
806,2020-01-28,32.46000,33.24000,32.33000,32.70000,1689500
807,2020-01-27,32.84000,32.84000,31.95000,32.19000,2853200
808,2020-01-24,34.52000,34.86000,33.57000,33.97000,1569200
809,2020-01-23,34.61000,34.82000,33.27000,34.46000,1674600
810,2020-01-22,34.51000,35.82000,34.51000,35.02000,2126900
811,2020-01-21,34.44000,34.61000,33.83000,34.41000,1462500
812,2020-01-17,34.52000,35.03000,34.05000,34.44000,2171800
813,2020-01-16,34.35000,35.28000,34.32000,34.45000,2105800
814,2020-01-15,34.54000,34.62800,33.96000,34.15000,2259100
815,2020-01-14,33.88000,35.17000,33.75000,34.50000,2386200
816,2020-01-13,32.95000,33.90000,32.40000,33.65000,3900100
817,2020-01-10,33.44000,33.64500,32.43000,32.71000,4135000
818,2020-01-09,35.01000,35.23000,33.29000,33.34000,5349900
819,2020-01-08,36.05000,36.28000,34.89000,34.95000,2560000
820,2020-01-07,35.50000,36.68000,35.50000,36.04000,1454600
821,2020-01-06,35.52000,36.24000,35.14000,35.67000,1070500
822,2020-01-03,35.19000,36.10000,34.73000,35.92000,1707700
823,2020-01-02,36.38000,36.47000,35.18000,35.68000,2286700
824,2019-12-31,35.40000,36.47000,35.04000,36.24000,1402300
825,2019-12-30,37.43000,37.45000,35.27000,35.41000,2389800
826,2019-12-27,37.43000,37.57000,36.69000,37.56000,1449600
827,2019-12-26,37.43000,37.91000,37.13000,37.24000,828400
828,2019-12-24,37.78000,37.78000,37.15000,37.42000,394300
829,2019-12-23,37.98000,38.20000,37.33000,37.67000,1167600
830,2019-12-20,37.50000,38.04500,36.93000,37.76000,1998900
831,2019-12-19,38.14000,38.57500,37.38000,37.44000,1622100
832,2019-12-18,37.53000,38.88000,37.37000,37.55000,3501200
833,2019-12-17,37.55000,37.91000,37.13000,37.25000,2822400
834,2019-12-16,39.10000,39.39000,37.63000,38.06000,3055700
835,2019-12-13,40.56000,40.73000,38.78000,38.86000,2807600
836,2019-12-12,40.32000,40.79000,40.08000,40.16000,1869700
837,2019-12-11,38.80000,40.69000,38.80000,40.40000,1676300
838,2019-12-10,38.73000,39.80000,38.33000,38.83000,1894000
839,2019-12-09,38.80000,38.90500,38.30000,38.73000,1139200
840,2019-12-06,39.27000,39.54000,38.74500,38.84000,1087500
841,2019-12-05,39.50000,40.35000,38.79000,38.97000,2074900
842,2019-12-04,37.95000,39.94000,37.71000,39.10000,4543400
843,2019-12-03,37.63000,38.30000,37.25500,37.85000,1768700
844,2019-12-02,38.59000,39.10000,37.47000,38.62000,2322400
845,2019-11-29,38.36000,38.93000,38.08000,38.15000,778400
846,2019-11-27,38.69000,39.29000,38.28000,38.71000,1821500
847,2019-11-26,37.72000,38.64000,37.07000,38.22000,1902100
848,2019-11-25,37.80000,38.02000,36.98000,37.68000,2302300
849,2019-11-22,35.41000,37.07000,34.86000,36.93000,4561900
850,2019-11-21,34.50000,35.50000,34.30000,35.18000,1077200
851,2019-11-20,34.10000,34.77000,33.80000,34.46000,1429900
852,2019-11-19,34.92000,35.13000,34.10000,34.13000,2348500
853,2019-11-18,35.59000,35.79000,35.01000,35.21000,1896500
854,2019-11-15,35.93000,36.28000,35.26000,35.67000,2200600
855,2019-11-14,35.52000,36.05000,34.70500,35.71000,3999600
856,2019-11-13,38.52000,39.72000,33.38000,34.81000,18617900
857,2019-11-12,39.26000,39.58000,38.20000,39.04000,3345400
858,2019-11-11,37.61000,39.19000,37.14000,39.15000,2727600
859,2019-11-08,38.26000,38.60000,37.18000,37.63000,2233700
860,2019-11-07,39.68000,40.02000,38.36000,38.46000,1532800
861,2019-11-06,42.80000,42.92000,40.17500,40.35000,1800200
862,2019-11-05,44.59000,45.09000,42.76000,42.80000,1201700
863,2019-11-04,42.40000,44.57000,42.35000,44.26000,1500600
864,2019-11-01,42.13000,42.58000,41.60000,42.08000,958800
865,2019-10-31,41.33000,42.05000,40.81000,41.83000,1083300
866,2019-10-30,42.01000,42.09400,40.86000,41.87000,919700
867,2019-10-29,42.00000,42.46000,41.01000,41.89000,1540900
868,2019-10-28,40.33000,42.45000,40.30000,41.99000,1856700
869,2019-10-25,38.71000,40.17000,38.71000,39.76000,1311400
870,2019-10-24,38.27000,38.97000,37.72000,38.78000,1444600
871,2019-10-23,38.97000,39.03000,37.45000,37.96000,1443200
872,2019-10-22,39.10000,39.56000,38.57700,39.07000,854600
873,2019-10-21,40.17000,40.46000,39.43000,39.50000,848600
874,2019-10-18,40.58000,40.81000,39.30000,39.79000,857800
875,2019-10-17,40.35000,41.49000,40.35000,40.79000,696500
876,2019-10-16,39.48000,40.97000,39.48000,40.32000,833800
877,2019-10-15,39.10000,41.31000,38.58000,40.22000,1272300
878,2019-10-14,39.00000,39.34400,38.01100,38.86000,1165900
879,2019-10-11,38.90000,39.56500,38.53000,39.13000,2275000
880,2019-10-10,37.22000,38.23900,36.83000,37.94000,1905100
881,2019-10-09,38.00000,38.22000,36.92000,37.18000,1312000
882,2019-10-08,39.24000,39.35000,37.39000,37.50000,1422700
883,2019-10-07,38.45000,39.88000,38.36000,39.66000,963800
884,2019-10-04,40.13000,40.41000,38.55000,38.70000,1213900
885,2019-10-03,38.83000,39.34000,37.26000,39.34000,1678500
886,2019-10-02,40.28000,40.51000,38.60000,39.00000,1335200
887,2019-10-01,44.23000,44.98000,40.40000,40.63000,1434200
888,2019-09-30,43.50000,44.25000,43.32000,43.97000,635500
889,2019-09-27,43.66000,44.26000,43.14000,43.45000,694400
890,2019-09-26,43.17000,43.53000,42.37000,43.49000,597500
891,2019-09-25,42.37000,43.30000,42.26000,42.99000,646700
892,2019-09-24,43.48000,43.61000,41.61000,42.24000,646600
893,2019-09-23,41.89000,43.12500,41.83000,42.96000,662500
894,2019-09-20,42.96000,43.89000,41.99000,42.12000,987100
895,2019-09-19,42.60000,43.62000,42.28000,42.85000,544900
896,2019-09-18,42.00000,42.80000,41.62000,42.37000,1013900
897,2019-09-17,42.89000,42.93000,41.96000,42.39000,783900
898,2019-09-16,43.00000,44.07000,42.53000,42.97000,728300
899,2019-09-13,43.45000,44.37000,43.42000,43.57000,737400
900,2019-09-12,42.59000,43.60000,42.41000,43.30000,982500
901,2019-09-11,41.67000,42.88000,40.92000,42.50000,948000
902,2019-09-10,40.04000,41.68000,40.04000,41.45000,1034800
903,2019-09-09,40.03000,40.62000,39.59000,40.32000,847300
904,2019-09-06,39.90000,40.19000,39.38000,39.70000,475500
905,2019-09-05,38.85000,40.00000,38.50000,39.50000,1002200
906,2019-09-04,37.05000,38.70000,36.95000,37.88000,769000
907,2019-09-03,36.79000,37.32000,35.98000,36.50000,1105900
908,2019-08-30,37.25000,37.67000,36.80000,37.30000,630100
909,2019-08-29,37.03000,37.83000,36.73000,36.87000,800100
910,2019-08-28,36.54000,37.18000,35.99000,36.48000,1010200
911,2019-08-27,37.30000,37.68000,36.46000,36.96000,660700
912,2019-08-26,37.66000,37.69000,36.32500,36.98000,757200
913,2019-08-23,39.10000,39.14000,36.82000,37.01000,1244000
914,2019-08-22,39.74000,40.25000,39.41000,39.55000,655000
915,2019-08-21,39.78000,40.33000,39.16000,39.79000,757800
916,2019-08-20,38.50000,39.66000,38.25000,38.94000,1026100
917,2019-08-19,38.50000,39.56000,37.97000,38.72000,1350900
918,2019-08-16,38.99000,39.17000,37.59000,37.71000,1839400
919,2019-08-15,40.01000,40.21000,38.02500,38.21000,1945900
920,2019-08-14,40.79000,44.39000,38.62000,39.97000,5494900
921,2019-08-13,41.57000,43.85000,40.47700,43.21000,1766100
922,2019-08-12,42.50000,43.17000,41.95100,42.07000,819600
923,2019-08-09,44.54000,44.93000,43.73000,43.73000,548400
924,2019-08-08,43.48000,44.98000,43.28000,44.78000,727500
925,2019-08-07,41.92000,43.23000,41.05000,43.15000,1230600
926,2019-08-06,42.51000,43.79000,42.30000,42.76000,966800
927,2019-08-05,42.97000,42.97000,40.81000,42.21000,1430300
928,2019-08-02,43.37000,44.78000,42.88000,44.57000,1286000
929,2019-08-01,46.99000,47.92000,43.26000,44.58000,2458800
930,2019-07-31,46.52000,46.95000,46.03000,46.79000,803600
931,2019-07-30,44.97000,46.56000,44.57000,46.42000,943700
932,2019-07-29,45.63000,45.99000,44.65000,45.75000,764600
933,2019-07-26,45.54000,45.97000,45.44000,45.61000,499700
934,2019-07-25,45.27000,46.15000,44.73000,45.44000,870000
935,2019-07-24,44.74000,45.45000,44.63000,45.29000,600700
936,2019-07-23,44.16000,44.84000,43.80000,44.79000,555800
937,2019-07-22,44.24000,44.95300,43.72000,43.73000,808700
938,2019-07-19,43.83000,44.32500,43.57000,44.24000,694700
939,2019-07-18,43.45000,43.95000,43.20000,43.67000,485200
940,2019-07-17,44.09000,44.37000,43.43500,43.46000,807000
941,2019-07-16,43.64000,44.37000,43.60000,44.12000,652100
942,2019-07-15,43.79000,44.36000,43.04000,43.62000,708600
943,2019-07-12,41.92000,43.94000,41.88000,43.79000,1125400
944,2019-07-11,42.46000,42.87900,41.32000,41.92000,1015900
945,2019-07-10,41.63000,42.33000,41.20000,42.26000,1085600
946,2019-07-09,40.15000,41.78000,40.04000,41.22000,1120600
947,2019-07-08,40.48000,40.77000,39.99000,40.57000,1065200
948,2019-07-05,39.87000,40.88000,39.62000,40.79000,615200
949,2019-07-03,39.84000,40.02000,39.62000,39.91000,409800
950,2019-07-02,39.64000,39.98000,38.95000,39.57000,893900
951,2019-07-01,39.60000,40.08000,39.00000,39.72000,1883400
952,2019-06-28,37.88000,38.81000,37.84000,38.73000,1051600
953,2019-06-27,36.67000,37.75000,36.48000,37.52000,785700
954,2019-06-26,36.32000,36.94400,36.23000,36.35000,782200
955,2019-06-25,36.71000,37.25000,35.87000,36.04000,1015200
956,2019-06-24,37.06000,37.31000,36.76000,37.07000,713200
957,2019-06-21,36.81000,37.33000,36.58000,37.06000,724300
958,2019-06-20,37.31000,37.58000,36.90000,37.19000,822400
959,2019-06-19,36.89000,37.22000,36.28000,36.80000,572600
960,2019-06-18,36.22000,37.36000,36.03000,36.89000,1175800
961,2019-06-17,36.76000,36.88000,35.96500,36.17000,988800
962,2019-06-14,36.33000,37.22000,36.10600,36.67000,1656000
963,2019-06-13,34.59000,36.61000,34.47000,36.23000,2277200
964,2019-06-12,35.32000,35.82000,34.39000,34.46000,1193400
965,2019-06-11,34.73000,35.56000,34.31000,35.28000,1784800
966,2019-06-10,34.51000,35.14000,33.87000,34.30000,2077400
967,2019-06-07,33.02000,34.24000,32.75000,34.15000,2355600
968,2019-06-06,32.97000,33.21000,31.67000,32.95000,3045900
969,2019-06-05,34.92000,34.94000,32.83000,32.92000,3237800
970,2019-06-04,34.47000,34.96000,33.56000,34.63000,2878000
971,2019-06-03,33.40000,34.15000,32.83000,34.08000,4067700
972,2019-05-31,35.42000,36.33900,33.01000,33.65000,6369400
973,2019-05-30,34.40000,35.99000,33.53000,35.44000,10109400
974,2019-05-29,41.41000,42.06000,33.58500,33.89000,20462300
975,2019-05-28,49.09000,51.70500,48.73000,49.02000,3410600
976,2019-05-24,47.75000,48.25000,46.92000,47.89000,1487600
977,2019-05-23,48.15000,48.40000,46.92000,46.93000,1394800
978,2019-05-22,49.24000,50.18000,48.68000,49.09000,768200
979,2019-05-21,49.06000,49.78000,48.80000,49.57000,813000
980,2019-05-20,48.65000,49.21000,47.40000,48.53000,827500
981,2019-05-17,49.27000,49.88000,48.25000,48.32000,730400
982,2019-05-16,50.01000,50.59000,49.16000,49.87000,899200
983,2019-05-15,48.82000,50.00000,48.80000,49.17000,728500
984,2019-05-14,47.86000,49.37000,47.45000,49.27000,1103800
985,2019-05-13,49.50000,50.15000,47.37000,47.48000,1323300
986,2019-05-10,51.24000,52.13000,50.15500,51.27000,850200
987,2019-05-09,50.42000,51.97000,49.05000,51.17000,1507200
988,2019-05-08,51.00000,52.41000,50.60000,50.97000,1092400
989,2019-05-07,52.75000,53.18000,51.12000,51.60000,726900
990,2019-05-06,52.11000,53.53000,51.51000,53.23000,1302700
991,2019-05-03,54.16000,54.86000,53.62000,54.71000,1175900
992,2019-05-02,52.06000,53.88000,51.78000,53.86000,778900
993,2019-05-01,53.44000,53.64500,51.75000,51.75000,822400
994,2019-04-30,53.87000,54.24000,52.84000,53.39000,1053700
995,2019-04-29,54.20000,55.49000,53.84000,54.23000,687500
996,2019-04-26,53.68000,54.40000,53.46000,54.18000,1198700
997,2019-04-25,53.06000,54.23000,52.96000,53.70000,610300
998,2019-04-24,53.35000,53.77000,53.00000,53.23000,755300
999,2019-04-23,51.92000,54.15000,51.60000,53.34000,1614100
1000,2019-04-22,52.35000,52.59000,51.35400,51.93000,1319900
1001,2019-04-18,52.70000,52.95000,51.80000,52.68000,1393300
1002,2019-04-17,50.60000,53.04000,50.50000,52.73000,3399500
1003,2019-04-16,48.18000,50.62000,48.15000,50.25000,1930200
1004,2019-04-15,47.80000,48.36000,47.30000,47.99000,777900
1005,2019-04-12,49.66000,50.04000,47.23900,47.94000,1551100
1006,2019-04-11,49.80000,50.36000,49.17000,49.43000,1113900
1007,2019-04-10,49.00000,49.85000,48.68000,49.80000,1249800
1008,2019-04-09,47.51000,49.27000,47.26000,49.08000,1191800
1009,2019-04-08,48.57000,48.58000,47.30000,47.49000,887000
1010,2019-04-05,49.13000,49.38000,48.41000,48.76000,750300
1011,2019-04-04,48.44000,48.93000,48.00000,48.89000,894700
1012,2019-04-03,48.40000,49.22000,47.77000,48.61000,1044600
1013,2019-04-02,48.17000,48.46000,47.85000,47.94000,963700
1014,2019-04-01,48.98000,49.13000,48.05000,48.27000,888100
1015,2019-03-29,47.72000,48.55000,46.96000,48.02000,1228100
1016,2019-03-28,46.43000,48.45000,46.26000,47.02000,1957200
1017,2019-03-27,45.93000,46.20000,43.97000,45.89000,2050400
1018,2019-03-26,46.81000,47.31500,45.62400,45.99000,1498200
1019,2019-03-25,48.00000,48.00000,45.58000,46.33000,3815700
1020,2019-03-22,50.97000,50.97000,48.24000,48.27000,2097900
1021,2019-03-21,50.02000,51.49000,50.00000,51.26000,985400
1022,2019-03-20,52.14000,52.17000,50.12500,50.40000,1261000
1023,2019-03-19,51.61000,52.68000,51.14100,52.20000,1214800
1024,2019-03-18,51.33000,51.80000,50.15000,51.15000,926700
1025,2019-03-15,51.70000,52.25000,50.75500,51.09000,1014500
1026,2019-03-14,51.18000,51.88500,51.00000,51.46000,1161000
1027,2019-03-13,51.27000,52.23000,51.12000,51.23000,1063100
1028,2019-03-12,52.17000,52.20000,50.12000,51.33000,1474500
1029,2019-03-11,50.36000,51.97000,50.36000,51.93000,1813700
1030,2019-03-08,49.30000,50.53000,48.75000,50.36000,1615400
1031,2019-03-07,51.61000,51.74000,49.57000,50.12000,3049800
1032,2019-03-06,53.24000,53.35000,51.30000,51.80000,1818500
1033,2019-03-05,52.31000,53.77000,52.27900,53.56000,1810800
1034,2019-03-04,55.61000,55.88000,52.15000,52.60000,4255100
1035,2019-03-01,57.64000,57.66000,55.25000,55.46000,3691400
1036,2019-02-28,57.21000,58.30000,56.84000,56.91000,2446100
1037,2019-02-27,55.99000,57.43000,55.60000,57.01000,3723800
1038,2019-02-26,55.19000,56.33000,54.68000,56.02000,2589200
1039,2019-02-25,55.65000,56.85000,55.54000,55.66000,2078000
1040,2019-02-22,53.75000,55.75000,53.55000,55.47000,4201000
1041,2019-02-21,54.05000,54.14200,52.85000,53.54000,3173900
1042,2019-02-20,53.74000,54.06000,52.57000,53.52000,3361200
1043,2019-02-19,50.11000,54.18000,49.71000,54.15000,4703100
1044,2019-02-15,52.00000,53.64000,49.85000,50.11000,6200000
1045,2019-02-14,59.76000,59.94000,51.17000,51.53000,16674100
1046,2019-02-13,59.39000,59.70000,58.18000,59.19000,3986200
1047,2019-02-12,58.04000,59.28000,57.17000,58.85000,2885900
1048,2019-02-11,57.10000,57.86000,56.05000,57.62000,2001700
1049,2019-02-08,53.55000,56.24000,53.11000,56.20000,1820000
1050,2019-02-07,55.01000,55.83000,53.76000,54.54000,1871400
1051,2019-02-06,54.65000,55.51000,52.52400,55.39000,2006100
1052,2019-02-05,53.89000,54.88000,53.28000,54.40000,2064600
1053,2019-02-04,52.43000,53.16000,51.20000,52.91000,1151700
1054,2019-02-01,52.14000,52.66000,50.72000,52.35000,2095600
1055,2019-01-31,50.00000,51.68000,49.26000,51.46000,1838900
1056,2019-01-30,50.33000,50.61000,48.51000,49.82000,1832800
1057,2019-01-29,49.78000,50.19200,48.22000,49.69000,1427300
1058,2019-01-28,48.08000,50.48000,47.60000,49.99000,2023500
1059,2019-01-25,46.96000,49.11200,46.81000,49.11000,3061100
1060,2019-01-24,47.77000,47.85000,44.16000,46.05000,7666500
1061,2019-01-23,50.08000,50.73000,48.79000,49.65000,1761700
1062,2019-01-22,49.41000,51.54000,49.18000,50.05000,2033100
1063,2019-01-18,50.47000,52.18000,49.87000,50.08000,2572500
1064,2019-01-17,47.48000,50.02000,46.89000,49.64000,1798600
1065,2019-01-16,47.35000,48.60000,47.25000,47.53000,1732400
1066,2019-01-15,47.20000,48.08000,46.82000,47.24000,1747900
1067,2019-01-14,46.94000,47.71000,46.38000,47.06000,1452000
1068,2019-01-11,47.31000,47.89000,47.15000,47.82000,1476100
1069,2019-01-10,47.92000,48.27000,45.70000,47.93000,2904200
1070,2019-01-09,48.57000,49.78000,48.25000,49.24000,1959200
1071,2019-01-08,47.64000,48.60000,46.70000,48.07000,2617900
1072,2019-01-07,45.50000,47.27000,44.27000,46.75000,2110800
1073,2019-01-04,43.19000,45.55000,43.14000,44.73000,3030400
1074,2019-01-03,43.65000,44.20000,42.12000,42.16000,2141900
1075,2019-01-02,43.05000,44.62000,41.51000,43.86000,2387900
1076,2018-12-31,44.97000,45.77000,43.04000,43.72000,6378100
1077,2018-12-28,42.48000,42.93000,40.93000,41.78000,1704200
1078,2018-12-27,42.49000,43.00000,40.19000,42.21000,1875600
1079,2018-12-26,41.30000,43.23000,40.36000,43.14000,1803400
1080,2018-12-24,40.95000,42.49000,40.81000,40.85000,1495500
1081,2018-12-21,46.31000,46.69000,42.10000,42.24000,2970900
1082,2018-12-20,48.16000,48.81000,44.33000,45.99000,4330300
1083,2018-12-19,52.41000,52.84000,48.16000,48.75000,3373300
1084,2018-12-18,50.91000,52.54000,50.71000,52.10000,2062600
1085,2018-12-17,50.80000,52.33000,49.79000,50.35000,1931300
1086,2018-12-14,52.87000,53.70500,51.82000,52.11000,2424500
1087,2018-12-13,58.52000,58.63000,54.66000,54.69000,2148800
1088,2018-12-12,57.10000,59.39000,56.76000,58.41000,2708400
1089,2018-12-11,57.48000,58.31000,55.18000,55.26000,2631200
1090,2018-12-10,59.00000,59.40000,54.96000,55.96000,2494200
1091,2018-12-07,62.60000,63.91000,57.93000,58.45000,1892500
1092,2018-12-06,65.65000,65.96000,61.26000,62.61000,2730100
1093,2018-12-04,69.40000,69.91000,67.02000,68.38000,1998300
1094,2018-12-03,70.00000,70.26000,68.05500,69.49000,1816700
1095,2018-11-30,64.94000,68.24000,64.78000,67.35000,2739800
1096,2018-11-29,65.37000,66.02000,64.68000,64.97000,1559500
1097,2018-11-28,63.59000,66.33000,62.02000,65.99000,2857000
1098,2018-11-27,64.00000,64.50000,62.44000,62.82000,4019000
1099,2018-11-26,69.01000,69.28000,66.12000,66.38000,1587000
1100,2018-11-23,65.00000,68.17000,64.76300,68.04000,1267000
1101,2018-11-21,64.55000,66.26000,63.98000,65.29000,1117700
1102,2018-11-20,63.31000,66.36000,62.30400,63.18000,2467400
1103,2018-11-19,69.61000,71.54000,65.82000,67.13000,2501500
1104,2018-11-16,67.91000,71.58000,66.93000,70.05000,3179400
1105,2018-11-15,65.00000,68.45000,63.23000,68.22000,2569700
1106,2018-11-14,67.15000,72.27000,61.76000,64.45000,9750500
1107,2018-11-13,57.48000,59.64000,57.01100,58.58000,1933200
1108,2018-11-12,59.66000,60.57000,57.05000,57.09000,1890200
1109,2018-11-09,58.99000,60.16000,58.31000,59.99000,833300
1110,2018-11-08,61.50000,61.59000,59.70000,60.13000,836400
1111,2018-11-07,59.91000,61.78000,59.40000,61.59000,1298200
1112,2018-11-06,57.98000,59.64000,57.98000,59.28000,1186300
1113,2018-11-05,58.45000,58.78000,56.44000,58.27000,1417800
1114,2018-11-02,56.22000,59.28000,56.03000,58.30000,1633200
1115,2018-11-01,54.64000,55.66000,53.09000,55.49000,1110700
1116,2018-10-31,51.90000,54.63000,51.70000,54.57000,1228500
1117,2018-10-30,48.06000,51.87000,48.00000,50.96000,1025800
1118,2018-10-29,47.57000,49.54000,47.32000,48.09000,764900
1119,2018-10-26,47.30000,48.62000,46.25000,47.42000,795500
1120,2018-10-25,47.34000,48.71000,47.34000,48.15000,681600
1121,2018-10-24,48.74000,49.70000,47.04000,47.12000,788200
1122,2018-10-23,48.72000,49.44000,46.85000,48.38000,1017900
1123,2018-10-22,50.99000,51.57000,49.69000,50.81000,559800
1124,2018-10-19,52.23000,52.77000,49.60000,49.84000,1086700
1125,2018-10-18,52.00000,52.82000,51.34000,51.94000,709400
1126,2018-10-17,53.40000,53.47000,51.59000,52.45000,797300
1127,2018-10-16,51.13000,53.70000,51.01000,53.67000,956600
1128,2018-10-15,50.44000,50.92000,49.65000,50.70000,988400
1129,2018-10-12,49.07000,50.56000,48.98000,50.44000,1704800
1130,2018-10-11,47.43000,49.19000,47.02000,47.19000,1420900
1131,2018-10-10,52.65000,52.65000,48.04000,48.04000,3034700
1132,2018-10-09,54.99000,55.38000,52.80000,53.17000,1021800
1133,2018-10-08,56.60000,57.48000,53.44000,54.29000,910800
1134,2018-10-05,55.66000,57.65700,55.47000,56.96000,1092400
1135,2018-10-04,58.08000,58.56000,54.75000,56.05000,1560300
1136,2018-10-03,59.92000,60.00000,58.03100,58.76000,770600
1137,2018-10-02,61.70000,61.70000,59.02000,59.22000,1044300
1138,2018-10-01,65.21000,65.80000,61.25000,61.75000,1297800
1139,2018-09-28,63.81000,65.82000,63.55000,64.54000,1062400
1140,2018-09-27,63.93000,64.88000,62.30000,64.02000,1535600
1141,2018-09-26,58.14000,64.30000,58.11000,63.64000,3940600
1142,2018-09-25,58.19000,59.36000,57.79000,57.99000,439600
1143,2018-09-24,57.14000,58.25000,56.77000,58.02000,371300
1144,2018-09-21,56.66000,57.50000,56.21000,57.30000,809600
1145,2018-09-20,56.96000,57.50000,55.50000,57.01000,477400
1146,2018-09-19,59.37000,59.67900,55.74000,56.52000,1016000
1147,2018-09-18,57.90000,60.13000,57.83000,59.10000,766100
1148,2018-09-17,57.98000,58.71000,56.90000,57.54000,425000
1149,2018-09-14,58.99000,59.00000,57.10500,58.14000,529900
1150,2018-09-13,59.67000,60.74900,58.61000,59.01000,520900
1151,2018-09-12,59.65000,60.76000,58.12000,59.77000,615600
1152,2018-09-11,57.18000,59.72000,57.18000,59.49000,707500
1153,2018-09-10,55.83000,58.00000,55.83000,57.69000,660900
1154,2018-09-07,54.80000,56.95000,54.72100,55.90000,458300
1155,2018-09-06,56.35000,57.39500,54.55000,55.21000,636800
1156,2018-09-05,59.92000,59.96000,55.46000,55.83000,1388400
1157,2018-09-04,60.63000,60.76000,58.34000,60.24000,651000
1158,2018-08-31,60.46000,61.33000,59.99000,60.87000,655700
1159,2018-08-30,59.22000,60.45000,59.12000,59.94000,547900
1160,2018-08-29,58.43000,59.49000,58.18000,59.33000,402200
1161,2018-08-28,58.24000,59.55000,57.62000,58.70000,700700
1162,2018-08-27,56.79000,58.70000,56.68000,58.02000,755100
1163,2018-08-24,56.35000,57.11000,56.18000,56.50000,579400
1164,2018-08-23,55.11000,56.30000,54.98000,56.30000,803000
1165,2018-08-22,53.94000,55.50000,53.65000,55.25000,576100
1166,2018-08-21,54.01000,54.85900,53.69000,54.03000,910300
1167,2018-08-20,50.98000,54.16000,50.98000,53.78000,1047200
1168,2018-08-17,51.36000,51.75000,50.43300,50.85000,764500
1169,2018-08-16,50.88000,52.72000,50.38000,51.55000,1165400
1170,2018-08-15,51.05000,51.42000,49.68000,50.85000,1308200
1171,2018-08-14,53.74000,53.82800,50.82000,51.54000,2113000
1172,2018-08-13,54.20000,54.90000,52.31100,54.02000,1776200
1173,2018-08-10,53.73000,56.43000,53.00000,55.06000,1855000
1174,2018-08-09,59.17000,59.48000,54.00000,54.00000,3921800
1175,2018-08-08,56.00000,56.33000,55.10000,55.91000,1488100
1176,2018-08-07,58.00000,58.00000,55.48000,56.00000,1073300
1177,2018-08-06,57.33000,58.13000,56.71000,57.17000,428900
1178,2018-08-03,58.42000,58.77500,56.79000,57.25000,625300
1179,2018-08-02,57.23000,58.41900,56.47100,58.24000,631800
1180,2018-08-01,56.02000,57.61000,55.98000,57.05000,668300
1181,2018-07-31,55.30000,57.46000,55.07400,57.43000,1083500
1182,2018-07-30,58.70000,58.99000,55.03000,55.35000,1501800
1183,2018-07-27,62.04000,62.44000,58.53000,58.98000,923300
1184,2018-07-26,61.38000,62.63000,61.15100,62.06000,441300
1185,2018-07-25,60.98000,62.20000,60.36000,61.87000,660800
1186,2018-07-24,63.53000,64.08200,61.17000,61.20000,755300
1187,2018-07-23,63.50000,63.94000,62.04000,63.33000,883400
1188,2018-07-20,64.55000,64.82000,62.01000,62.70000,1032500
1189,2018-07-19,64.60000,64.95000,63.89000,64.30000,529700
1190,2018-07-18,64.09700,64.91000,63.06000,64.77000,814700
1191,2018-07-17,61.14000,63.84000,61.14000,63.60000,1112300
1192,2018-07-16,60.25000,61.28000,59.67000,61.12000,705900
1193,2018-07-13,60.00000,61.12900,59.58000,60.27000,702000
1194,2018-07-12,61.05000,61.50800,59.42000,60.31000,906200
1195,2018-07-11,60.84000,61.97000,60.36000,60.98000,939600
1196,2018-07-10,60.46000,61.93000,60.16000,61.58000,1520700
1197,2018-07-09,60.00000,60.42000,58.68000,60.16000,818700
1198,2018-07-06,59.84000,61.48000,58.68000,59.61000,994700
1199,2018-07-05,60.25000,60.70000,58.73000,60.02000,987300
1200,2018-07-03,59.06000,59.78000,58.19000,59.31000,761400
1201,2018-07-02,58.98000,59.24000,56.58000,58.88000,651800
1202,2018-06-29,58.55000,60.55000,58.40000,58.85000,1172400
1203,2018-06-28,56.36000,58.30000,56.22000,58.20000,881800
1204,2018-06-27,57.10000,59.03000,56.25000,56.61000,1260100
1205,2018-06-26,59.63000,60.35000,55.98000,57.35000,3097800
1206,2018-06-25,57.43000,59.76000,55.77000,58.84000,3950300
1207,2018-06-22,62.66000,62.91000,57.28000,57.61000,4417700
1208,2018-06-21,63.30000,63.63000,61.81000,62.15000,5081300
1209,2018-06-20,68.28000,68.75000,63.75000,64.00000,3963200
1210,2018-06-19,64.01000,67.74000,63.25000,67.42000,2944700
1211,2018-06-18,60.10000,66.30000,60.01000,64.73000,6458700
1212,2018-06-15,59.02000,61.69000,53.18000,61.02000,13799300
1213,2018-06-14,45.40000,46.33000,45.00500,45.85000,1617900
1214,2018-06-13,44.81000,45.80000,44.80000,45.17000,861800
1215,2018-06-12,43.82000,45.07000,43.45000,44.77000,583000
1216,2018-06-11,43.46000,44.31000,43.30000,43.52000,591000
1217,2018-06-08,42.54000,43.40000,42.25000,43.23000,855200
1218,2018-06-07,43.81000,44.20000,42.46000,42.71000,806500
1219,2018-06-06,44.62000,44.80000,43.91000,44.22000,640100
1220,2018-06-05,43.16000,44.04000,42.89100,43.86000,544900
1221,2018-06-04,42.82000,43.71400,42.68000,43.17000,738000
1222,2018-06-01,42.36000,42.99700,41.34000,42.54000,798900
1223,2018-05-31,40.93000,42.33000,40.35000,42.05000,1259700
1224,2018-05-30,39.92000,40.97300,39.58000,39.82000,755300
1225,2018-05-29,39.33000,40.89000,39.32000,39.81000,496000
1226,2018-05-25,39.36000,39.78000,39.15000,39.73000,325700
1227,2018-05-24,40.28000,40.28000,39.34000,39.60000,594500
1228,2018-05-23,39.67000,40.66100,39.35000,39.96000,695200
1229,2018-05-22,39.93000,41.11000,39.60000,39.90000,700000
1230,2018-05-21,41.36000,41.50000,38.37000,39.35000,972600
1231,2018-05-18,40.87000,41.19000,39.71000,40.97000,755300
1232,2018-05-17,40.48000,41.11000,39.85000,40.87000,771000
1233,2018-05-16,39.31000,40.46000,39.25100,40.36000,682400
1234,2018-05-15,37.59000,39.49000,37.40000,39.10000,1472200
1235,2018-05-14,37.07000,37.95000,36.67000,37.85000,456800
1236,2018-05-11,37.00000,37.37000,36.61000,37.04000,358700
1237,2018-05-10,37.22000,37.80000,36.92000,37.06000,410800
1238,2018-05-09,37.18000,38.02000,37.18000,37.43000,348000
1239,2018-05-08,38.23000,38.40000,36.92000,37.15000,501900
1240,2018-05-07,37.23000,38.46000,37.18100,38.18000,634700
1241,2018-05-04,36.55000,37.34000,36.02000,37.15000,345800
1242,2018-05-03,37.03000,37.40000,36.65000,36.79000,357200
1243,2018-05-02,36.80000,37.56600,36.72000,37.09000,396000
1244,2018-05-01,36.76000,36.97000,35.78100,36.80000,317600
1245,2018-04-30,36.77000,37.80000,36.68000,37.08000,526000
1246,2018-04-27,36.12000,37.37000,36.12000,36.58000,588800
1247,2018-04-26,35.21000,36.15000,34.91100,36.09000,300900
1248,2018-04-25,35.46000,35.62000,34.18000,35.18000,565200
1249,2018-04-24,35.08000,36.53000,34.76300,35.56000,817600
1250,2018-04-23,36.94000,37.09000,34.64000,35.09000,970700
1251,2018-04-20,36.79000,37.49000,36.01000,36.50000,759500
1252,2018-04-19,35.41000,37.22000,35.17800,36.57000,1721500
1253,2018-04-18,34.58000,35.49000,34.35000,34.99000,405600
1254,2018-04-17,34.33000,34.77000,34.33000,34.46000,303900
1255,2018-04-16,34.22000,34.46000,33.67000,34.25000,400300
1256,2018-04-13,34.69000,35.23000,33.73000,34.02000,395200
1257,2018-04-12,34.88000,35.10000,34.54000,34.63000,278000
1258,2018-04-11,34.82000,35.20000,34.49000,34.71000,447300
1259,2018-04-10,35.24000,35.56000,34.72000,35.39000,391400
1260,2018-04-09,34.34000,35.35000,34.32000,34.66000,383100
1261,2018-04-06,34.67000,35.15000,33.79000,34.09000,287500
1262,2018-04-05,35.05000,35.13000,34.32000,35.03000,540600
1263,2018-04-04,33.03000,34.91000,33.03000,34.81000,599700
1264,2018-04-03,32.94000,33.85000,32.68000,33.83000,512100
1265,2018-04-02,33.39000,33.71000,32.37000,32.75000,694200
1266,2018-03-29,33.07000,33.75000,33.07000,33.42000,506000
1267,2018-03-28,33.74000,34.00000,32.61000,32.84000,727300
1268,2018-03-27,34.95000,35.38000,33.65000,34.00000,506100
1269,2018-03-26,34.58000,35.08200,33.98000,34.71000,421500
1270,2018-03-23,34.63000,35.74000,33.85000,33.96000,994700
1271,2018-03-22,35.79000,36.55000,34.52000,34.54000,701700
1272,2018-03-21,35.81000,36.66000,35.48000,36.44000,622900
1273,2018-03-20,34.22000,36.00000,34.15000,35.74000,1240400
1274,2018-03-19,34.66000,34.75000,33.46000,34.15000,709600
1275,2018-03-16,33.29000,34.86000,33.07000,34.74000,961800
1276,2018-03-15,32.87000,33.31000,32.60000,33.30000,268400
1277,2018-03-14,33.39000,33.61000,32.67000,32.88000,439200
1278,2018-03-13,33.39000,33.87000,32.96000,33.31000,466300
1279,2018-03-12,32.49000,33.12000,32.49000,33.04000,478700
1280,2018-03-09,32.26000,32.94000,32.02000,32.48000,577600
1281,2018-03-08,31.71000,32.22000,31.55000,32.01000,357000
1282,2018-03-07,32.08000,32.41000,31.60000,31.71000,573600
1283,2018-03-06,32.61000,32.89000,32.09000,32.30000,353400
1284,2018-03-05,31.77000,33.00000,31.77000,32.41000,471200
1285,2018-03-02,31.00000,32.19000,30.50000,32.07000,655300
1286,2018-03-01,31.78000,32.15000,30.76000,31.32000,693900
1287,2018-02-28,33.09000,33.09000,31.63000,31.63000,865400
1288,2018-02-27,33.49000,33.70000,32.76000,32.76000,434900
1289,2018-02-26,33.04000,33.69000,32.73000,33.60000,528200
1290,2018-02-23,32.30000,33.06000,32.25000,32.78000,577700
1291,2018-02-22,33.64000,33.73000,32.00100,32.07000,873100
1292,2018-02-21,33.51000,34.17000,33.33000,33.63000,572300
1293,2018-02-20,33.61000,34.04000,33.35000,33.54000,715300
1294,2018-02-16,34.00000,34.51000,33.62000,34.00000,944400
1295,2018-02-15,35.23000,35.23000,33.66000,34.01000,1663500
1296,2018-02-14,32.95000,34.98000,32.61000,34.85000,1515900
1297,2018-02-13,31.26000,33.45000,31.16000,33.17000,1430400
1298,2018-02-12,31.04000,32.15000,30.38000,31.74000,1525600
1299,2018-02-09,32.75000,33.36000,28.41000,30.46000,4553300
1300,2018-02-08,34.05000,34.70000,31.05000,31.79000,8843200
1301,2018-02-07,37.61000,38.25000,36.96000,38.12000,2650100
1302,2018-02-06,34.99000,37.33000,34.86000,37.09000,1611800
1303,2018-02-05,35.74000,37.51000,34.74500,35.71000,1884300
1304,2018-02-02,35.50000,37.10000,35.22000,35.80000,1366000
1305,2018-02-01,35.64000,35.97000,35.41000,35.72000,596000
1306,2018-01-31,35.00000,36.49000,35.00000,35.94000,1081800
1307,2018-01-30,34.40000,35.11000,33.68000,35.00000,800300
1308,2018-01-29,35.30000,35.54000,34.76500,34.85000,1487900
1309,2018-01-26,35.36000,35.57000,34.84000,35.56000,1010400
1310,2018-01-25,35.22000,35.61000,34.41000,35.33000,916700
1311,2018-01-24,35.63000,35.66800,34.57300,35.06000,1152500
1312,2018-01-23,33.28000,35.41000,33.15000,35.23000,3317400
1313,2018-01-22,32.60000,33.25000,32.05000,33.15000,697900
1314,2018-01-19,32.79000,33.02000,32.55000,32.61000,635300
1315,2018-01-18,32.86000,33.50000,32.60000,32.79000,614200
1316,2018-01-17,31.83000,32.68000,31.83000,32.60000,1422800
1317,2018-01-16,33.15000,33.15000,31.16000,31.83000,1096700
1318,2018-01-12,32.88000,32.99000,32.30000,32.38000,663100
1319,2018-01-11,32.45000,33.24000,32.34000,32.76000,848100
1320,2018-01-10,32.98000,33.36000,32.60000,32.74000,714800
1321,2018-01-09,33.38000,33.51000,32.74000,33.21000,838300
1322,2018-01-08,33.61000,33.61000,32.34000,33.01000,1469600
1323,2018-01-05,33.85000,33.96000,33.05000,33.43000,1383100
1324,2018-01-04,33.35000,33.69000,32.67000,33.60000,922400
1325,2018-01-03,31.95000,33.43000,31.84000,32.87000,1261900
1326,2018-01-02,31.79000,32.22000,31.25000,31.80000,857200
1327,2017-12-29,31.91000,31.91000,31.09000,31.56000,848000
1328,2017-12-28,31.33000,31.95000,31.00000,31.63000,935900
1329,2017-12-27,30.70000,31.37600,30.62000,31.00000,1012800
1330,2017-12-26,29.93000,30.88000,29.84000,30.73000,708100
1331,2017-12-22,29.31000,29.78000,28.71200,29.71000,1214700
1332,2017-12-21,28.00000,29.31000,27.92000,29.31000,1237000
1333,2017-12-20,27.60000,28.00000,27.40000,27.86000,494900
1334,2017-12-19,27.63000,27.96000,27.35000,27.36000,680700
1335,2017-12-18,27.04000,27.63000,26.88000,27.61000,842100
1336,2017-12-15,27.59000,27.67000,26.28000,26.45000,1158000
1337,2017-12-14,27.85000,28.19000,27.41000,27.58000,600800
1338,2017-12-13,28.27000,28.51500,27.69000,27.72000,650900
1339,2017-12-12,28.31000,28.89000,28.19000,28.27000,595400
1340,2017-12-11,28.09000,28.38000,27.97000,28.26000,449300
1341,2017-12-08,27.97000,28.80000,27.71000,28.06000,697000
1342,2017-12-07,27.20000,27.94000,27.02000,27.88000,624100
1343,2017-12-06,27.57000,27.70000,26.92000,27.13000,544400
1344,2017-12-05,27.40000,27.75000,27.13000,27.60000,647400
1345,2017-12-04,27.49000,27.83000,27.13000,27.41000,610300
1346,2017-12-01,27.14000,27.41000,26.71000,27.21000,885700
1347,2017-11-30,26.68000,27.13000,26.44000,26.88000,753900
1348,2017-11-29,26.22000,26.95000,26.04700,26.67000,756100
1349,2017-11-28,26.80000,27.09000,26.12000,26.12000,996900
1350,2017-11-27,28.00000,28.00500,26.35000,26.75000,896800
1351,2017-11-24,27.27000,27.77000,27.27000,27.48000,456600
1352,2017-11-22,26.90000,27.28500,26.73000,27.07000,651900
1353,2017-11-21,27.25000,27.25000,26.31000,26.79000,718900
1354,2017-11-20,26.37000,27.38000,26.25000,26.80000,1330100
1355,2017-11-17,25.57000,26.40000,25.39000,26.38000,996000
1356,2017-11-16,24.27000,25.53000,24.27000,25.06000,972700
1357,2017-11-15,24.11000,24.60000,23.46000,24.11000,771700
1358,2017-11-14,24.77000,25.06000,24.09100,24.33000,812500
1359,2017-11-13,25.69000,25.79000,24.35000,24.98000,1376100
1360,2017-11-10,25.03000,26.08000,24.82000,26.00000,2060600
1361,2017-11-09,23.70000,25.30000,23.32000,24.79000,4345600
1362,2017-11-08,21.87000,22.37000,21.60000,21.73000,948900
1363,2017-11-07,21.73000,21.94000,21.30000,21.93000,680400
1364,2017-11-06,21.10000,21.75000,21.08000,21.59000,590500
1365,2017-11-03,20.72000,21.17000,20.66000,21.12000,566400
1366,2017-11-02,21.39000,21.56100,20.46000,20.72000,643900
1367,2017-11-01,21.53000,21.59500,21.11000,21.42000,544600
1368,2017-10-31,21.55000,22.00000,21.13000,21.48000,631100
1369,2017-10-30,20.88000,21.75000,20.65000,21.60000,833700
1370,2017-10-27,20.56000,20.94000,20.47000,20.81000,358400
1371,2017-10-26,20.17000,20.56000,20.16000,20.56000,417200
1372,2017-10-25,20.65000,20.69500,19.95000,20.14000,477800
1373,2017-10-24,20.40000,20.79000,20.34000,20.60000,779100
1374,2017-10-23,20.98000,20.98000,20.33000,20.33000,571500
1375,2017-10-20,20.48000,20.84000,20.43000,20.83000,327900
1376,2017-10-19,20.51000,20.55000,20.30000,20.51000,283800
1377,2017-10-18,20.40000,20.58000,20.34000,20.57000,326800
1378,2017-10-17,20.70000,20.78700,20.37000,20.39000,437000
1379,2017-10-16,20.76000,20.78000,20.35000,20.59000,370800
1380,2017-10-13,20.76000,20.97000,20.62000,20.79000,444600
1381,2017-10-12,21.11000,21.21000,20.75000,20.93000,416100
1382,2017-10-11,21.28000,21.35000,21.09000,21.23000,523900
1383,2017-10-10,20.98000,21.74100,20.90000,21.10000,903900
1384,2017-10-09,21.11000,21.16000,20.66000,20.82000,487200
1385,2017-10-06,20.53000,21.11000,20.21000,21.05000,954300
1386,2017-10-05,20.31000,20.76000,20.31000,20.55000,673100
1387,2017-10-04,20.81000,21.00000,20.59000,20.76000,493200
1388,2017-10-03,21.14000,21.18000,20.57000,20.96000,691600
1389,2017-10-02,20.70000,21.18000,20.64000,20.98000,1045400
1390,2017-09-29,20.07000,20.88000,20.06100,20.55000,1220400
1391,2017-09-28,20.29000,20.97000,20.01000,20.28000,822700
1392,2017-09-27,20.00000,20.38000,19.83000,20.29000,1159800
1393,2017-09-26,19.20000,19.98000,19.18000,19.91000,1077100
1394,2017-09-25,19.26000,19.46000,19.05000,19.13000,477100
1395,2017-09-22,19.37000,19.65000,19.29000,19.34000,389600
1396,2017-09-21,19.49000,19.61000,19.30000,19.49000,389200
1397,2017-09-20,19.82000,19.95000,19.30000,19.51000,639800
1398,2017-09-19,19.70000,20.23000,19.61000,19.80000,749900
1399,2017-09-18,19.95000,20.00000,19.41000,19.66000,579900
1400,2017-09-15,20.06000,20.16000,19.69000,19.86000,518500
1401,2017-09-14,20.63000,20.63000,19.79400,20.02000,1061400
1402,2017-09-13,19.58000,20.62000,19.57900,20.50000,1819200
1403,2017-09-12,19.19000,19.74000,19.19000,19.62000,785000
1404,2017-09-11,19.15000,19.34000,18.97000,19.09000,654300
1405,2017-09-08,19.07000,19.47000,18.79000,18.84000,967500
1406,2017-09-07,18.65000,19.30100,18.56000,19.05000,1381100
1407,2017-09-06,18.40000,18.63000,18.17000,18.50000,818400
1408,2017-09-05,18.17000,18.63000,17.89000,18.25000,749200
1409,2017-09-01,17.69000,18.22000,17.55000,18.17000,622400
1410,2017-08-31,17.71000,17.76000,17.35000,17.53000,536900
1411,2017-08-30,17.61000,17.62000,17.34000,17.60000,338500
1412,2017-08-29,17.62000,17.68000,17.32000,17.60000,424000
1413,2017-08-28,17.53000,18.02000,17.45000,17.88000,381500
1414,2017-08-25,17.88000,17.96000,17.52000,17.52000,382600
1415,2017-08-24,17.62000,17.99000,17.54000,17.79000,461800
1416,2017-08-23,17.20000,17.64000,17.13000,17.42000,336600
1417,2017-08-22,17.21000,18.50000,17.17000,17.35000,721100
1418,2017-08-21,18.06000,18.06000,16.96000,17.15000,1097600
1419,2017-08-18,18.42000,18.46000,17.74600,17.91000,820700
1420,2017-08-17,18.75000,18.87000,18.34000,18.37000,638800
1421,2017-08-16,18.93000,18.93000,18.67000,18.73000,379800
1422,2017-08-15,19.21000,19.21000,18.81000,18.86000,651000
1423,2017-08-14,19.20000,19.40000,18.86000,19.11000,736400
1424,2017-08-11,18.29000,19.29900,18.26000,18.98000,1453900
1425,2017-08-10,20.30000,20.34000,18.11000,18.32000,3099300
1426,2017-08-09,18.95000,19.04000,18.73000,18.95000,826400
1427,2017-08-08,18.88000,19.57000,18.74500,19.13000,898600
1428,2017-08-07,18.51000,19.05000,18.18000,18.90000,518600
1429,2017-08-04,18.79000,19.11400,18.24000,18.41000,708100
1430,2017-08-03,18.98000,19.29000,18.80000,18.86000,369600
1431,2017-08-02,19.33000,19.45000,18.65000,18.89000,512700
1432,2017-08-01,19.04000,19.51000,18.64000,19.46000,853100
1433,2017-07-31,19.24000,19.24000,18.84000,19.06000,294000
1434,2017-07-28,19.20000,19.26000,18.75000,19.03000,602400
1435,2017-07-27,19.62000,19.62000,19.12000,19.20000,599700
1436,2017-07-26,19.70000,19.81000,19.27000,19.51000,729300
1437,2017-07-25,20.10000,20.20000,19.65000,19.68000,557600
1438,2017-07-24,19.98000,20.40000,19.90000,20.01000,814100
1439,2017-07-21,19.92000,20.12000,19.65000,20.04000,616500
1440,2017-07-20,19.53000,19.95000,19.45000,19.94000,834100
1441,2017-07-19,19.22000,19.55000,19.08000,19.45000,680400
1442,2017-07-18,19.11000,19.48000,19.04000,19.10000,423600
1443,2017-07-17,19.28000,19.33000,18.94000,19.08000,656600
1444,2017-07-14,19.03000,19.72000,18.98000,19.29000,872600
1445,2017-07-13,19.02000,19.39000,18.83000,19.02000,791300
1446,2017-07-12,19.17000,19.33000,18.82000,18.98000,792200
1447,2017-07-11,19.02000,19.22000,18.90000,19.05000,946600
1448,2017-07-10,19.32000,19.46000,18.50000,19.02000,1014200
1449,2017-07-07,19.07000,19.37000,18.92000,19.25000,583000
1450,2017-07-06,19.50000,19.66000,18.84000,19.03000,1333200
1451,2017-07-05,19.75000,19.83700,19.38000,19.50000,1299700
1452,2017-07-03,19.92000,20.02000,19.50000,19.78000,346800
1453,2017-06-30,19.96000,20.07000,19.45000,19.75000,1434800
1454,2017-06-29,20.79000,20.89000,19.50000,19.70000,2990700
1455,2017-06-28,20.63000,20.95000,20.25000,20.75000,9143900
1456,2017-06-27,21.41000,22.10000,21.04000,21.13000,1513300
1457,2017-06-26,21.18000,21.39000,20.42000,21.31000,1671300
1458,2017-06-23,22.24000,22.35000,21.61000,21.92000,409000
1459,2017-06-22,22.54000,22.75000,22.00000,22.15000,627100
1460,2017-06-21,20.95000,22.38000,20.95000,22.35000,1430500
1461,2017-06-20,21.05000,21.13100,20.68000,20.88000,356300
1462,2017-06-19,20.63000,21.27000,20.63000,21.14000,441700
1463,2017-06-16,21.15000,21.29000,20.50000,20.55000,539100
1464,2017-06-15,21.39000,21.54000,20.80000,21.19000,657800
1465,2017-06-14,21.67000,22.09000,21.23000,21.61000,761100
1466,2017-06-13,21.45000,22.43900,21.41100,22.40000,588700
1467,2017-06-12,22.13000,22.24900,20.78000,21.35000,682500
1468,2017-06-09,22.24000,22.70000,21.80500,22.11000,734300
1469,2017-06-08,23.09000,23.21000,21.67000,22.15000,1270900
1470,2017-06-07,23.55000,24.32000,22.91000,22.96000,1616400
1471,2017-06-06,22.39000,24.16000,22.11000,23.42000,2013900
1472,2017-06-05,21.67000,22.55000,21.20000,22.50000,2001500
1473,2017-06-02,20.82000,21.78000,20.10000,21.64000,4912900
1474,2017-06-01,18.08000,19.43000,18.02000,18.71000,1329900
1475,2017-05-31,18.07000,18.09000,17.60000,18.05000,492900
1476,2017-05-30,18.05000,18.20000,17.93000,17.99000,280300
1477,2017-05-26,18.08000,18.27000,17.90000,18.01000,417900
1478,2017-05-25,18.09000,18.25000,17.93600,18.03000,228900
1479,2017-05-24,18.30000,18.33000,17.86000,18.00000,418200
1480,2017-05-23,18.14000,18.71000,18.14000,18.34000,683500
1481,2017-05-22,17.58000,18.29900,17.57700,18.11000,381800
1482,2017-05-19,17.43000,17.76000,17.37000,17.52000,340100
1483,2017-05-18,17.44000,17.75000,17.36000,17.42000,410700
1484,2017-05-17,18.22000,18.29000,17.47000,17.49000,1162300
1485,2017-05-16,18.04000,18.72000,17.90000,18.42000,1547600
1486,2017-05-15,17.85000,18.10000,17.31000,18.00000,500700
1487,2017-05-12,17.21000,17.83900,17.14000,17.73000,547300
1488,2017-05-11,17.10000,17.35000,17.05100,17.23000,303500
1489,2017-05-10,17.10000,17.25000,16.84000,17.20000,204800
1490,2017-05-09,17.15000,17.39000,17.07000,17.10000,233300
1491,2017-05-08,17.32000,17.37000,17.08000,17.19000,333700
1492,2017-05-05,17.15000,17.46900,17.03000,17.29000,793600
1493,2017-05-04,16.39000,17.34000,16.25800,17.14000,886000
1494,2017-05-03,16.17000,16.50000,15.98400,16.39000,252800
1495,2017-05-02,16.55000,16.72000,16.14000,16.15000,455500
1496,2017-05-01,16.85000,17.04000,16.39000,16.59000,446200
1497,2017-04-28,16.84000,16.84000,16.61800,16.83000,195000
1498,2017-04-27,16.73000,16.82600,16.43000,16.75000,348700
1499,2017-04-26,16.37000,16.88000,16.30000,16.86000,581200
1500,2017-04-25,15.94000,16.38000,15.84000,16.37000,448100
1501,2017-04-24,15.90000,16.00000,15.81000,15.92000,351800
1502,2017-04-21,16.12000,16.20000,15.95000,15.99000,191200
1503,2017-04-20,16.25000,16.30000,16.08500,16.11000,265300
1504,2017-04-19,16.26000,16.35000,16.24600,16.29000,189800
1505,2017-04-18,15.94000,16.32000,15.91000,16.31000,438800
1506,2017-04-17,16.26000,16.30000,15.99000,16.01000,264800
1507,2017-04-13,16.00000,16.23000,15.86000,16.15000,608100
1508,2017-04-12,16.24000,16.30000,15.82000,16.04000,527500
1509,2017-04-11,16.91000,17.00000,16.10000,16.24000,1034600
1510,2017-04-10,17.07000,17.23000,16.61000,16.80000,1699500
1511,2017-04-07,16.69000,16.81000,16.51100,16.75000,566800
1512,2017-04-06,16.46000,16.70000,16.10000,16.70000,849400
1513,2017-04-05,16.10000,16.54000,16.08000,16.47000,967300
1514,2017-04-04,15.66000,16.10000,15.61000,16.08000,743200
1515,2017-04-03,16.07000,16.08000,15.50000,15.66000,431100
1516,2017-03-31,16.37000,16.39000,15.83000,15.96000,692200
1517,2017-03-30,16.53000,16.54000,16.21000,16.41000,484900
1518,2017-03-29,16.22000,16.55000,16.02000,16.49000,799000
1519,2017-03-28,15.33000,16.36000,15.20000,16.35000,1844400
1520,2017-03-27,15.54000,15.63000,15.33000,15.40000,797400
1521,2017-03-24,15.83000,16.08000,15.63000,15.64000,709900
1522,2017-03-23,16.07000,16.25000,15.75000,15.96000,1256000
1523,2017-03-22,16.47000,16.53000,16.00000,16.05000,1047900
1524,2017-03-21,17.07000,17.32000,16.50000,16.52000,1782900
1525,2017-03-20,17.10000,17.20000,16.55000,17.10000,2252300
1526,2017-03-17,16.59000,17.69000,16.54000,17.23000,9366000
1527,2017-03-16,18.00000,18.40000,15.85000,16.08000,22813300
