,datetime,open,high,low,close,volume
0,2023-04-11,128.30000,128.94000,127.54000,128.52000,10510700
1,2023-04-10,126.54000,128.23000,126.22000,127.89000,9477300
2,2023-04-06,127.00000,128.08000,126.86000,127.47000,8760200
3,2023-04-05,126.80000,128.14999,126.46000,127.61000,9614700
4,2023-04-04,130.50000,130.59000,127.41000,128.42000,11579900
5,2023-04-03,129.91000,131.44000,129.41000,130.16000,11775400
6,2023-03-31,129.66000,130.34000,128.85001,130.31000,13101300
7,2023-03-30,129.95000,130.12000,127.65000,128.75000,12134700
8,2023-03-29,130.10001,130.22000,127.77000,129.14000,14595260
9,2023-03-28,128.71001,129.34171,127.74400,128.88000,10778690
10,2023-03-27,126.79000,129.38000,126.29000,128.49001,18625648
11,2023-03-24,125.63000,125.68000,123.11000,124.91000,22326916
12,2023-03-23,127.90000,129.53000,126.02000,126.84000,16602672
13,2023-03-22,130.56000,130.65500,127.08000,127.18000,16994556
14,2023-03-21,130.59000,131.73000,130.19000,130.55000,17425276
15,2023-03-20,126.99000,129.47000,126.01000,127.14000,22520376
16,2023-03-17,128.38000,128.48000,125.45000,125.81000,38395984
17,2023-03-16,128.00999,131.95000,126.02000,130.75000,24380314
18,2023-03-15,130.98000,130.99001,126.73000,128.25999,33392464
19,2023-03-14,135.28000,135.53000,131.28999,134.62000,29445206
20,2023-03-13,131.21001,133.88000,129.41000,131.25000,42901132
21,2023-03-10,128.96001,135.25999,127.82000,133.64999,37599656
22,2023-03-09,136.75999,137.35001,129.21500,130.34000,25533272
23,2023-03-08,138.00000,138.59000,136.88499,137.80000,10002548
24,2023-03-07,142.00999,142.31000,137.81000,138.62000,11747620
25,2023-03-06,143.44000,144.03999,142.66000,142.82001,9261255
26,2023-03-03,141.50999,143.74001,141.08000,143.66000,9290161
27,2023-03-02,142.24001,142.42999,139.53999,141.07001,11035279
28,2023-03-01,142.10001,143.45830,141.80000,142.55000,7082830
29,2023-02-28,142.94000,143.75999,141.90010,143.35001,11019757
30,2023-02-27,142.11000,143.31000,141.72009,142.16000,10014654
31,2023-02-24,139.11000,141.36000,138.92999,140.92999,9126888
32,2023-02-23,138.73000,140.17000,137.94000,139.67000,8068010
33,2023-02-22,138.92000,139.42999,137.43500,138.56000,11107501
34,2023-02-21,140.69000,141.34000,138.75000,139.63000,9996283
35,2023-02-17,140.98000,142.83000,140.07001,142.24001,7948829
36,2023-02-16,142.91000,143.39000,141.67599,141.82001,7974486
37,2023-02-15,141.61000,143.89000,141.30000,143.80000,6689910
38,2023-02-14,142.50000,143.81000,141.59500,143.20000,9249399
39,2023-02-13,141.30000,142.73000,140.74001,142.57001,6984389
40,2023-02-10,139.78000,141.28000,138.59000,141.03999,6568280
41,2023-02-09,143.12000,143.34000,139.87000,140.42000,6367484
42,2023-02-08,142.64999,144.03999,142.27631,142.64000,6909384
43,2023-02-07,141.38000,144.34000,141.17999,143.64999,10399045
44,2023-02-06,140.23000,142.24001,140.03130,141.92000,8383359
45,2023-02-03,138.17999,142.33000,138.13000,141.09000,11501232
46,2023-02-02,140.00000,140.46001,138.00000,138.94000,11775997
47,2023-02-01,138.21001,140.87500,138.12000,139.59000,8818782
48,2023-01-31,139.88000,140.07001,138.25000,139.96001,9188738
49,2023-01-30,139.23000,140.09000,138.91000,139.13000,6515015
50,2023-01-27,140.61000,141.25500,139.74989,140.32001,7489946
51,2023-01-26,139.42000,140.06000,138.36000,139.98000,7371012
52,2023-01-25,138.05000,139.12000,137.25000,139.12000,8932800
53,2023-01-24,140.28999,140.28999,135.00000,138.45000,6927091
54,2023-01-23,135.11501,137.96001,134.82001,137.27000,10399519
55,2023-01-20,135.16000,135.49001,133.55000,135.08000,13092492
56,2023-01-19,135.32001,135.89999,133.59000,134.75000,13198981
57,2023-01-18,138.92000,140.73000,136.41000,136.57001,13164464
58,2023-01-17,141.17000,141.53999,139.22501,140.80000,14232534
59,2023-01-13,135.60001,143.49001,134.80000,143.00999,20200048
60,2023-01-12,140.00000,140.86000,139.22000,139.49001,10937384
61,2023-01-11,138.89999,139.75000,138.10001,139.63000,8637915
62,2023-01-10,137.78999,138.72000,137.31000,138.60001,8989965
63,2023-01-09,138.60001,138.88000,136.88000,137.37000,8452511
64,2023-01-06,136.12500,138.38000,134.49001,137.94000,10029076
65,2023-01-05,135.66000,135.71001,133.70039,135.35001,8244980
66,2023-01-04,135.99001,137.67999,135.57001,136.38000,10970583
67,2023-01-03,135.24001,136.74001,133.89000,135.12000,10884305
68,2022-12-30,132.81000,134.33000,132.44000,134.10001,9292519
69,2022-12-29,132.92999,133.27000,132.31000,133.22000,6528788
70,2022-12-28,131.85001,133.41000,131.00999,132.46001,8750538
71,2022-12-27,131.57001,132.22000,130.55000,131.74001,5331984
72,2022-12-23,130.58000,131.44000,129.64000,131.28000,5091905
73,2022-12-22,131.10001,131.30000,128.41000,130.66000,8595881
74,2022-12-21,132.17999,132.98000,131.77000,132.16000,7960838
75,2022-12-20,130.97000,132.05000,130.20000,130.69000,8525484
76,2022-12-19,129.64999,131.33000,129.09000,130.06000,8981596
77,2022-12-16,129.14999,129.89999,128.42500,129.28999,21133708
78,2022-12-15,131.14500,132.08000,129.05000,130.10001,11996517
79,2022-12-14,133.78000,135.71001,132.75999,133.41000,9966115
80,2022-12-13,136.88499,137.09000,133.08000,134.08000,9718418
81,2022-12-12,132.39999,134.64999,131.60001,134.21001,7137505
82,2022-12-09,132.20000,133.75999,132.00000,132.16000,7957818
83,2022-12-08,132.33000,132.98000,131.42999,132.88000,8869180
84,2022-12-07,131.31000,133.08000,130.33000,131.50000,11434655
85,2022-12-06,133.39000,135.11000,129.87000,131.59000,13925764
86,2022-12-05,134.24001,134.57001,130.60001,131.37000,10014412
87,2022-12-02,134.49001,135.35001,133.34000,135.16000,8932057
88,2022-12-01,138.17999,138.66000,135.42999,136.24001,8858472
89,2022-11-30,136.09000,138.17999,133.19000,138.17999,14761248
90,2022-11-29,134.66000,136.64000,134.41000,136.56000,7925322
91,2022-11-28,136.07001,136.71001,134.19000,134.35001,9907551
92,2022-11-25,136.48000,137.14000,136.05499,136.74001,3220496
93,2022-11-23,134.94000,136.50000,134.86000,136.48000,7316204
94,2022-11-22,134.00000,135.27000,133.69000,135.03999,9185670
95,2022-11-21,133.74001,134.56000,132.75000,133.05000,7800517
96,2022-11-18,134.57001,134.67000,132.28000,133.84000,9468537
97,2022-11-17,132.00000,132.89000,131.28000,132.53999,8824558
98,2022-11-16,133.00000,133.56000,132.03000,133.12000,7893359
99,2022-11-15,134.67999,135.71001,131.60001,132.94000,14038346
100,2022-11-14,134.80000,135.73000,133.91000,133.91000,11085604
101,2022-11-11,135.19000,136.17000,133.78050,135.30000,10704664
102,2022-11-10,132.63000,135.25000,132.53000,135.08000,16351589
103,2022-11-09,131.32001,131.42999,129.22000,129.74001,9493961
104,2022-11-08,131.24001,132.06000,130.14000,131.45000,9884053
105,2022-11-07,131.00000,132.28999,130.48160,131.37000,12011157
106,2022-11-04,129.49001,130.83000,128.46001,130.67999,14354353
107,2022-11-03,126.31000,128.17999,125.91000,127.20000,12474358
108,2022-11-02,127.65000,130.36000,126.64000,126.97000,16546085
109,2022-11-01,126.87000,128.28000,126.33000,128.14999,13386945
110,2022-10-31,125.70000,127.43000,125.59000,125.88000,13295173
111,2022-10-28,125.29000,126.28000,124.05000,126.08000,11859472
112,2022-10-27,125.20000,126.20000,124.21000,124.60000,10727612
113,2022-10-26,123.00000,125.20000,122.88000,124.11000,11671494
114,2022-10-25,121.85000,123.27070,120.89000,122.70000,11289101
115,2022-10-24,122.07000,123.10000,121.33000,122.38000,12624177
116,2022-10-21,116.46000,122.39000,116.33000,122.23000,20593310
117,2022-10-20,117.16000,118.71000,115.65000,116.13000,12207437
118,2022-10-19,117.99000,118.83000,115.67010,116.51000,17072036
119,2022-10-18,119.66000,120.14000,116.96000,118.84000,21539680
120,2022-10-17,115.41000,117.01000,114.32000,115.86000,22276272
121,2022-10-14,111.96200,115.24000,110.72400,111.19000,33420140
122,2022-10-13,101.98000,109.90000,101.76000,109.37000,22398706
123,2022-10-12,101.80000,104.73000,101.28000,103.61000,13180960
124,2022-10-11,104.37000,104.54000,101.85000,101.96000,12739700
125,2022-10-10,106.73000,107.31000,104.52000,104.99000,8931729
126,2022-10-07,107.52000,107.71000,105.26500,105.98000,11681088
127,2022-10-06,109.46000,110.19000,107.94000,108.14000,11521415
128,2022-10-05,109.75000,110.95000,108.83000,110.39000,10943502
129,2022-10-04,110.61000,112.99000,109.86000,112.77000,16013586
130,2022-10-03,105.62000,108.36000,104.46000,107.73000,12248137
131,2022-09-30,106.06000,107.62000,104.40000,104.50000,15973415
132,2022-09-29,106.95000,107.28000,104.39800,106.16000,12713926
133,2022-09-28,105.95000,108.73000,105.64000,107.99000,12762596
134,2022-09-27,107.75000,108.17000,104.65000,105.85000,12793612
135,2022-09-26,108.00000,109.60500,106.06000,106.79000,15753581
136,2022-09-23,110.05000,110.33990,107.16000,109.14000,18138572
137,2022-09-22,113.38000,113.60000,111.07000,111.21000,11684463
138,2022-09-21,116.54000,116.60000,112.42000,112.49000,12606281
139,2022-09-20,117.41000,117.69000,114.64000,115.83000,9619026
140,2022-09-19,116.00000,118.73000,115.51000,118.16000,8201305
141,2022-09-16,117.39000,117.40000,115.37000,117.08000,14844136
142,2022-09-15,116.12000,119.38000,115.75500,117.87000,10821438
143,2022-09-14,116.70000,117.84000,114.88000,116.12000,9345718
144,2022-09-13,118.07000,118.92000,115.78000,116.39000,12904575
145,2022-09-12,120.62000,121.55000,119.79000,120.58000,8614630
146,2022-09-09,119.14000,120.05000,118.67000,119.17000,9302228
147,2022-09-08,115.28000,118.79000,114.63000,118.60000,11434984
148,2022-09-07,113.13000,116.11000,112.76000,115.90000,10647866
149,2022-09-06,114.33000,114.74500,112.07000,113.74000,9751914
150,2022-09-02,115.87000,117.45000,113.18500,113.71000,10666594
151,2022-09-01,113.29000,114.63000,111.91000,114.51000,9979823
152,2022-08-31,114.48000,115.03000,113.33900,113.73000,10738299
153,2022-08-30,115.00000,115.58000,113.36000,114.41000,10745404
154,2022-08-29,114.00000,114.86000,113.46000,114.39000,8117296
155,2022-08-26,119.46000,119.99000,114.60000,114.67000,11276212
156,2022-08-25,116.16000,118.74000,115.68000,118.55000,10758870
157,2022-08-24,115.29000,116.41000,114.45000,115.80000,9771264
158,2022-08-23,116.69000,117.29000,115.38270,115.52000,7607042
159,2022-08-22,116.75000,117.16000,115.50000,116.67000,8967607
160,2022-08-19,120.62000,120.99000,118.11000,118.63000,13464469
161,2022-08-18,122.24000,122.47000,120.55000,121.64000,9531752
162,2022-08-17,122.30000,123.16000,121.69480,122.59000,8149335
163,2022-08-16,122.29000,124.23890,121.87000,123.63000,9554966
164,2022-08-15,121.14000,122.72000,120.60000,122.46000,8456202
165,2022-08-12,120.67000,122.25000,119.44000,122.13000,9906716
166,2022-08-11,119.90000,121.20000,119.31000,120.14000,11684856
167,2022-08-10,117.96000,119.37000,117.50000,118.39000,12847258
168,2022-08-09,114.75000,115.99000,114.37000,115.38000,10233754
169,2022-08-08,116.25000,116.70000,114.18000,114.35000,10339584
170,2022-08-05,112.53000,116.18990,112.05000,115.76000,14174642
171,2022-08-04,112.85000,113.32000,111.02140,112.36000,18033854
172,2022-08-03,113.45000,114.09760,111.71000,113.61000,14394499
173,2022-08-02,113.92000,114.39500,112.27000,112.43000,14942854
174,2022-08-01,114.50000,115.10500,113.07000,114.21000,14740406
175,2022-07-29,115.59000,116.50000,114.78500,115.36000,12944544
176,2022-07-28,115.25000,115.98000,113.53000,114.81000,10384770
177,2022-07-27,114.01000,115.74000,113.30000,115.24000,9274454
178,2022-07-26,114.58000,115.58000,113.03000,113.42000,10675119
179,2022-07-25,115.84000,116.46000,114.77000,115.22000,9394033
180,2022-07-22,115.24000,116.25000,113.67000,114.76000,7645542
181,2022-07-21,114.44000,115.53000,113.37000,115.32000,11595860
182,2022-07-20,114.10000,114.73890,113.48000,114.54000,11667540
183,2022-07-19,113.13000,114.93500,112.67000,114.56000,11862269
184,2022-07-18,114.77000,115.84010,111.29000,111.79000,13977903
185,2022-07-15,109.16000,113.88000,107.67000,112.95000,18863886
186,2022-07-14,107.99000,108.23000,106.06000,108.00000,26204846
187,2022-07-13,111.75000,112.47690,110.38000,111.91000,12979883
188,2022-07-12,112.58000,115.18000,112.26000,112.97000,11250917
189,2022-07-11,113.55000,114.23000,112.21500,112.86000,7944573
190,2022-07-08,115.16000,115.65000,113.61000,114.36000,8807840
191,2022-07-07,113.50000,114.90000,113.40000,114.72000,10347385
192,2022-07-06,111.73000,112.99000,110.78500,111.89000,10656197
193,2022-07-05,110.77000,112.71000,109.30000,112.62000,12515590
194,2022-07-01,112.65000,114.41500,111.16000,114.05000,10573577
195,2022-06-30,113.17000,114.07500,110.93000,112.61000,15172611
196,2022-06-29,116.00000,116.82000,114.73000,115.30000,9338432
197,2022-06-28,117.67000,119.29000,115.60000,115.82000,11615519
198,2022-06-27,118.06000,118.50000,115.64170,116.38000,11280485
199,2022-06-24,113.23000,117.82000,112.83000,117.32000,14841090
200,2022-06-23,115.01000,115.18000,111.48000,113.92000,11851541
201,2022-06-22,114.88000,116.19990,114.39000,115.18000,9848572
202,2022-06-21,115.86500,117.03000,115.04000,115.83000,11680485
203,2022-06-17,113.54000,114.63000,112.16000,113.03000,30919864
204,2022-06-16,113.86000,114.25930,111.87000,113.43000,16724855
205,2022-06-15,115.62000,116.95000,113.16830,115.41000,14083548
206,2022-06-14,115.55000,117.32000,113.22000,114.06000,13357912
207,2022-06-13,116.86000,117.95000,115.06000,115.99000,16805564
208,2022-06-10,122.59000,123.40000,119.32000,119.55000,12951760
209,2022-06-09,127.37000,128.10001,125.27000,125.31000,13565478
210,2022-06-08,129.00000,129.45000,126.90000,128.00000,8422110
211,2022-06-07,128.83000,130.32001,128.61591,130.07001,6722167
212,2022-06-06,131.09000,132.39000,129.46001,129.73000,11323459
213,2022-06-03,131.21001,131.77000,129.99001,130.16000,8596022
214,2022-06-02,129.89999,132.00999,128.67000,132.00000,8374794
215,2022-06-01,132.87000,132.87000,128.67000,129.91000,10768023
216,2022-05-31,130.17999,133.14999,129.71001,132.23000,17015042
217,2022-05-27,130.16000,131.27000,129.14000,131.27000,11177759
218,2022-05-26,128.37000,130.19389,128.21001,129.44000,15990944
219,2022-05-25,126.28000,127.86000,125.17000,127.24000,12780385
220,2022-05-24,124.36000,127.49000,123.11000,126.36000,19324922
221,2022-05-23,120.46000,126.57000,120.45000,124.60000,24376724
222,2022-05-20,119.46000,119.67000,115.02000,117.34000,13150099
223,2022-05-19,118.19000,119.65000,117.63000,118.31000,12765769
224,2022-05-18,121.30000,121.97000,119.53000,120.09000,12664912
225,2022-05-17,121.04000,122.97000,120.81000,122.18000,11160151
226,2022-05-16,118.54000,119.46000,117.23000,118.26000,10269025
227,2022-05-13,119.41000,120.25000,117.96000,119.09000,10443203
228,2022-05-12,117.00000,118.32000,115.37000,118.04000,16318801
229,2022-05-11,119.30000,122.89000,117.94000,118.14000,14630299
230,2022-05-10,123.11000,123.78000,117.56000,118.89000,16382441
231,2022-05-09,122.11000,123.33000,120.50000,121.86000,14312300
232,2022-05-06,123.80000,124.29000,121.18000,123.72000,14417942
233,2022-05-05,125.25000,126.10000,122.16000,123.92000,15055401
234,2022-05-04,122.80000,127.40000,122.74000,127.10000,17128536
235,2022-05-03,121.53000,124.17000,120.78000,123.03000,15720935
236,2022-05-02,119.88000,120.71000,118.22000,120.45000,18544958
237,2022-04-29,123.05000,123.61000,118.90000,119.36000,14874811
238,2022-04-28,122.81000,123.65000,121.14000,123.34000,13019941
239,2022-04-27,122.33000,123.56000,121.22000,121.42000,17215248
240,2022-04-26,124.64000,126.41000,122.87000,123.02000,17209536
241,2022-04-25,126.01000,127.11500,123.11000,126.77000,17149032
242,2022-04-22,130.28000,130.52000,126.68790,126.81000,14318842
243,2022-04-21,132.22000,132.81000,129.96001,130.56000,12174182
244,2022-04-20,132.52000,133.50999,131.34000,131.58000,13430189
245,2022-04-19,128.45000,131.32001,128.23000,131.12000,15015448
246,2022-04-18,125.67000,129.24001,125.54000,128.46001,11834444
247,2022-04-14,126.50000,128.30000,125.02000,126.12000,18835190
248,2022-04-13,126.94000,129.25000,126.01000,127.30000,30838028
249,2022-04-12,132.14000,134.58000,130.70000,131.53999,12989862
250,2022-04-11,133.00000,134.89999,132.57001,133.00000,10466429
251,2022-04-08,131.67000,133.89999,131.49001,133.49001,13126938
252,2022-04-07,130.95000,131.92000,128.73000,131.09000,12994231
253,2022-04-06,131.58000,132.56000,130.96001,131.49001,12914733
254,2022-04-05,134.07001,135.39999,133.00999,133.34000,12110267
255,2022-04-04,134.12000,136.94000,132.89000,135.91000,17422936
256,2022-04-01,137.39999,137.41000,133.80000,135.31000,15721297
257,2022-03-31,139.83000,140.34500,136.25999,136.32001,17353942
258,2022-03-30,141.89999,142.12000,139.91000,140.53999,8771027
259,2022-03-29,143.35001,143.59500,140.24001,141.17999,11316503
260,2022-03-28,140.00000,140.97000,137.89500,140.87000,10818077
261,2022-03-25,141.09000,143.17999,140.80000,141.92000,8386416
262,2022-03-24,140.30000,140.71001,139.11000,140.69000,10017625
263,2022-03-23,140.98000,141.58501,139.19991,139.78000,12093218
264,2022-03-22,142.27000,143.92999,141.72020,142.62000,13548587
265,2022-03-21,140.35001,140.75999,138.73010,139.64999,12676051
266,2022-03-18,140.19000,140.85001,138.46001,140.10001,23656520
267,2022-03-17,136.86000,140.19000,135.92050,140.14999,17050454
268,2022-03-16,134.87000,138.49001,134.42999,138.39999,20354896
269,2022-03-15,131.80000,133.55000,131.13000,132.48000,15096604
270,2022-03-14,129.46001,132.92000,129.23000,130.17000,15786898
271,2022-03-11,132.48500,134.08000,128.42490,128.89000,20061788
272,2022-03-10,131.86000,133.45000,130.32500,131.86000,15604247
273,2022-03-09,132.89999,135.24001,132.44000,133.44000,17536202
274,2022-03-08,129.64000,131.78999,127.27000,128.30000,19207816
275,2022-03-07,132.17000,132.69000,128.95129,129.21001,27560052
276,2022-03-04,134.94000,135.42000,132.39999,134.39999,21020676
277,2022-03-03,139.84000,140.98000,137.06000,138.28999,16640804
278,2022-03-02,137.28999,140.03999,136.60760,139.28000,19405580
279,2022-03-01,140.03999,140.48000,133.58000,136.45000,36840448
280,2022-02-28,143.55000,145.06000,140.88000,141.80000,31315344
281,2022-02-25,145.25000,150.12691,144.91000,147.97000,18367680
282,2022-02-24,142.94000,144.99001,139.78000,144.55000,25655100
283,2022-02-23,153.12000,153.30000,147.97000,148.69000,11799031
284,2022-02-22,150.60001,153.24001,150.41000,151.87000,11333475
285,2022-02-18,152.13000,154.14000,151.13000,152.14000,11733315
286,2022-02-17,153.00000,153.73000,150.66499,151.42999,11367457
287,2022-02-16,153.74001,156.10001,153.74001,155.00000,9076526
288,2022-02-15,154.50999,155.94000,153.85001,154.72000,9500867
289,2022-02-14,152.73000,153.67999,150.31779,152.49001,17026492
290,2022-02-11,155.61000,158.19000,152.97000,153.92000,16830004
291,2022-02-10,156.66000,159.03000,155.22000,155.95000,16455635
292,2022-02-09,156.59000,157.43050,155.82001,156.60001,9131135
293,2022-02-08,155.00000,158.48000,154.80000,155.95000,20411388
294,2022-02-07,153.27000,153.62000,150.85001,153.07001,12572283
295,2022-02-04,149.10001,153.50000,148.76730,152.56000,16654409
296,2022-02-03,150.00000,151.64999,148.28500,148.70000,12474882
297,2022-02-02,150.50000,150.94000,148.07001,149.94000,12441136
298,2022-02-01,148.69000,151.47000,148.30000,151.14999,14584935
299,2022-01-31,145.64000,148.78999,144.67000,148.60001,13985745
300,2022-01-28,144.19000,146.75999,142.17000,146.61000,14116969
301,2022-01-27,149.42000,150.38000,144.13000,145.31000,17544524
302,2022-01-26,148.72000,150.57001,145.96001,147.92000,20709096
303,2022-01-25,143.64999,146.85001,140.78999,146.53000,18915868
304,2022-01-24,142.28000,145.48000,139.57001,144.95000,28503120
305,2022-01-21,147.50000,147.50999,144.27000,145.08000,20705400
306,2022-01-20,148.99001,150.61000,147.36000,147.66000,14860843
307,2022-01-19,151.57001,152.23000,148.55000,148.92999,22380026
308,2022-01-18,155.78000,155.78000,150.53999,151.27000,32348432
309,2022-01-14,160.75999,161.03000,156.89500,157.89000,40158360
310,2022-01-13,168.34000,169.81000,167.89000,168.23000,13623418
311,2022-01-12,168.46001,169.59000,167.17999,168.44000,12568011
312,2022-01-11,168.25999,168.52460,166.31000,167.49001,11854115
313,2022-01-10,169.07001,169.31000,165.53000,167.32001,12922455
314,2022-01-07,165.66499,167.53000,165.06000,167.16000,13913345
315,2022-01-06,166.91000,167.37000,163.87000,165.52000,14047498
316,2022-01-05,167.82001,168.35890,163.73000,163.78000,17539410
317,2022-01-04,164.31000,168.58000,164.23000,167.83000,20195802
318,2022-01-03,159.86000,162.64000,159.50999,161.70000,13128118
319,2021-12-31,158.45000,159.28999,157.96001,158.35001,5805902
320,2021-12-30,159.11000,160.24001,158.37000,158.48000,6948171
321,2021-12-29,158.85001,159.63000,158.14999,158.56000,6398927
322,2021-12-28,158.20000,160.14999,158.08000,158.64000,6342743
323,2021-12-27,157.60001,158.20000,156.34000,158.16000,6189234
324,2021-12-23,157.61000,159.12000,157.21001,157.25999,8055154
325,2021-12-22,155.75000,157.05499,155.24001,156.70000,7272989
326,2021-12-21,155.41000,157.17999,155.09000,156.09000,11291338
327,2021-12-20,154.50999,154.70000,151.84000,153.94000,15147982
328,2021-12-17,159.31500,159.38000,155.17999,156.75999,28138028
329,2021-12-16,160.39000,161.82500,158.70000,160.41000,19542760
330,2021-12-15,159.85001,159.85001,157.35001,157.94000,14014167
331,2021-12-14,157.45000,160.89000,157.30000,159.13000,12563560
332,2021-12-13,159.50000,159.78999,157.28461,157.92000,12068987
333,2021-12-10,161.32001,161.70200,159.13000,159.82001,10405374
334,2021-12-09,159.64999,160.92999,158.64999,160.46001,11189642
335,2021-12-08,162.66000,163.27000,160.17000,160.71001,11705673
336,2021-12-07,161.88000,163.39000,161.16000,162.57001,9851554
337,2021-12-06,161.00999,162.61000,159.46001,160.16000,11186493
338,2021-12-03,161.50000,161.82899,157.19000,158.28999,12681765
339,2021-12-02,159.83000,163.25000,158.80000,161.21001,12969926
340,2021-12-01,161.00000,163.27000,157.80000,157.89000,12258685
341,2021-11-30,159.15500,160.63000,158.28999,158.83000,18922616
342,2021-11-29,163.31000,164.78000,159.81700,161.23000,12104369
343,2021-11-26,162.14000,162.64999,158.82001,161.92999,13619276
344,2021-11-24,168.46001,169.44000,166.44000,166.96001,9629790
345,2021-11-23,165.50000,168.55499,165.37000,168.28000,12362344
346,2021-11-22,164.16000,165.98000,162.99001,164.35001,14551672
347,2021-11-19,161.30000,162.11000,159.45000,160.92000,12193634
348,2021-11-18,164.39000,164.85001,162.56000,163.05000,8123567
349,2021-11-17,165.21001,165.56000,163.39000,164.47000,9909576
350,2021-11-16,167.06000,167.07001,165.12000,165.36000,9706145
351,2021-11-15,167.21001,167.78500,166.00000,166.56000,6492463
352,2021-11-12,167.64999,167.74001,165.72000,166.86000,8113441
353,2021-11-11,167.52000,168.67999,166.89999,167.61000,5815267
354,2021-11-10,167.45000,168.95000,167.09000,167.62000,6999214
355,2021-11-09,167.35001,168.47000,166.59500,167.78000,7990283
356,2021-11-08,169.05000,170.92000,168.74001,169.06000,6413707
357,2021-11-05,168.89999,170.09000,167.41000,168.05000,7975570
358,2021-11-04,170.00000,170.20000,166.49010,168.28999,9574152
359,2021-11-03,170.13000,171.13000,169.14999,170.53000,8402685
360,2021-11-02,169.80000,171.69000,168.92000,170.47000,7173754
361,2021-11-01,172.03999,172.33000,169.00500,169.80000,7435507
362,2021-10-29,171.17999,172.24001,169.39000,169.89000,8140070
363,2021-10-28,168.30000,170.50999,167.96001,170.36000,7212937
364,2021-10-27,170.32001,170.70000,167.34000,167.83000,9846993
365,2021-10-26,171.00000,172.49020,170.53999,171.39999,8015067
366,2021-10-25,172.71001,172.96001,170.48000,170.94000,10159202
367,2021-10-22,170.03000,172.09000,169.70000,171.78000,8817895
368,2021-10-21,170.75500,171.32930,168.67999,169.50000,8415166
369,2021-10-20,168.30000,170.87000,167.46001,170.84000,8185565
370,2021-10-19,167.39999,168.64999,166.58000,168.57001,8053949
371,2021-10-18,166.48000,168.60840,165.91000,166.55000,12672909
372,2021-10-15,165.35001,167.17000,164.14000,166.61000,14267441
373,2021-10-14,161.75000,164.00999,160.06000,163.47000,15180727
374,2021-10-13,164.07001,165.41000,160.60001,161.00000,22753484
375,2021-10-12,165.75000,166.68980,164.77000,165.36000,13032633
376,2021-10-11,170.80000,171.28999,166.46001,166.64000,12154737
377,2021-10-08,170.02000,171.34000,169.29500,170.22000,8190144
378,2021-10-07,171.20000,171.50999,169.53999,170.09000,10195443
379,2021-10-06,167.99001,169.10001,166.00000,169.02000,8692607
380,2021-10-05,167.21001,170.14000,166.67000,168.66000,12292877
381,2021-10-04,166.97000,170.43700,165.73000,166.95000,14120044
382,2021-10-01,164.00000,168.30000,163.60001,167.13000,11284976
383,2021-09-30,166.92000,166.99001,162.78999,163.69000,13168016
384,2021-09-29,166.21001,166.89999,165.03999,165.95000,7777078
385,2021-09-28,167.70000,169.30000,165.66000,166.08000,13387886
386,2021-09-27,165.00000,167.39999,164.61000,166.98000,13220871
387,2021-09-24,161.44000,163.59000,160.82001,163.03999,10102432
388,2021-09-23,158.00000,161.71001,157.67000,161.17999,12336136
389,2021-09-22,155.20000,157.25000,155.10001,155.91000,11236150
390,2021-09-21,153.53000,154.55000,152.57739,152.98000,8999860
391,2021-09-20,153.89000,154.56000,150.49001,152.96001,15819905
392,2021-09-17,157.38000,159.00999,157.00000,157.67999,25608018
393,2021-09-16,159.41000,160.85500,157.22000,158.09000,10880895
394,2021-09-15,156.72000,158.69000,156.47000,158.16000,11691485
395,2021-09-14,160.45000,161.34000,156.25999,157.07001,11685606
396,2021-09-13,158.53000,160.05000,158.07001,159.86000,10052807
397,2021-09-10,160.56000,160.71930,157.22000,157.36000,8311551
398,2021-09-09,158.27000,160.83250,158.08000,159.19000,7904256
399,2021-09-08,158.89000,159.58000,158.03999,158.50000,7852678
400,2021-09-07,159.99001,161.38139,158.96001,159.21001,9290968
401,2021-09-03,160.39000,160.89000,159.14500,159.49001,7961223
402,2021-09-02,160.02000,161.61000,159.42999,160.46001,8815634
403,2021-09-01,160.22000,160.75999,158.97000,159.72000,8729920
404,2021-08-31,160.44000,161.37000,159.35001,159.95000,12340838
405,2021-08-30,163.21001,163.49001,159.88010,160.44000,7937561
406,2021-08-27,161.75000,163.16000,161.25999,163.05000,8780185
407,2021-08-26,162.25999,163.83000,161.14999,161.75000,11027451
408,2021-08-25,158.50999,161.78000,157.80000,160.92000,11335040
409,2021-08-24,157.00000,158.55000,156.87000,157.67000,7670925
410,2021-08-23,155.33000,157.09000,155.24001,156.70000,7934587
411,2021-08-20,154.35001,154.89999,153.16000,154.72000,6974102
412,2021-08-19,153.16000,155.56000,153.00999,154.28000,9517737
413,2021-08-18,156.31000,158.00999,155.34000,155.58000,8065493
414,2021-08-17,157.57001,158.86000,155.27000,157.00999,9347213
415,2021-08-16,158.94000,159.03000,156.78000,158.92999,8759767
416,2021-08-13,161.78999,162.16000,159.57001,159.98000,8980903
417,2021-08-12,161.88000,162.37000,160.55389,161.78999,8849610
418,2021-08-11,160.00000,161.50000,159.08000,161.16000,9156458
419,2021-08-10,156.74001,159.97501,156.31000,159.25999,8666998
420,2021-08-09,157.52000,158.55000,155.89999,157.33000,9516867
421,2021-08-06,155.19000,157.82001,155.11000,157.50000,13328750
422,2021-08-05,152.28000,153.69000,152.00999,153.14999,9151499
423,2021-08-04,151.25000,153.37000,150.91000,151.24001,10154973
424,2021-08-03,151.95000,153.32001,149.52000,152.89000,10394804
425,2021-08-02,152.03000,154.45000,151.07001,151.17000,10203157
426,2021-07-30,152.58000,153.67000,151.20000,151.78000,9805241
427,2021-07-29,153.14000,153.87000,151.91000,153.00000,9063531
428,2021-07-28,152.28999,152.77000,150.88000,151.70000,9217294
429,2021-07-27,150.39999,152.49001,149.80000,151.45000,11218727
430,2021-07-26,150.19000,151.96001,150.17000,151.64999,8207990
431,2021-07-23,151.48000,152.84000,150.25000,150.64000,9666101
432,2021-07-22,152.88000,153.44000,149.97000,150.92999,9913322
433,2021-07-21,152.05000,153.64999,151.36000,152.86000,12356686
434,2021-07-20,146.52000,151.12000,146.32780,149.71001,15385158
435,2021-07-19,148.55000,149.82300,145.71001,146.97000,22172864
436,2021-07-16,155.96001,156.28000,151.02000,151.91000,14002741
437,2021-07-15,153.89999,156.53000,153.70000,155.46001,11539263
438,2021-07-14,155.95000,157.28000,152.95000,155.12000,14622833
439,2021-07-13,156.05000,157.39000,153.50011,155.64999,22671744
440,2021-07-12,154.35001,159.16119,153.94000,158.00000,19940364
441,2021-07-09,153.05000,156.14999,152.58000,155.77000,13694523
442,2021-07-08,151.61000,152.53000,150.03999,150.94000,17834574
443,2021-07-07,152.00999,154.28290,151.55000,153.59000,12271789
444,2021-07-06,155.78000,155.78000,152.34500,153.41000,15083360
445,2021-07-02,155.95000,156.32001,155.12000,156.03000,11431349
446,2021-07-01,156.25999,157.14000,155.41499,157.08000,10479389
447,2021-06-30,153.75000,156.08000,153.70970,155.53999,12530993
448,2021-06-29,155.00000,156.31000,153.61000,154.14000,14528708
449,2021-06-28,153.70000,154.48000,152.12030,154.33000,14125837
450,2021-06-25,152.59000,154.49500,151.66859,154.05000,15484922
451,2021-06-24,151.92000,153.12000,151.22000,152.50999,13733186
452,2021-06-23,150.20000,152.03999,150.09000,151.12000,12733326
453,2021-06-22,150.60001,150.97000,148.66000,150.21001,14251160
454,2021-06-21,149.08000,151.20200,149.02010,150.42999,18664796
455,2021-06-18,149.30000,149.70000,147.56000,147.92000,43595660
456,2021-06-17,157.10001,157.46001,151.25000,151.75999,29722420
457,2021-06-16,154.73000,157.62000,153.11000,156.27000,25321232
458,2021-06-15,156.70000,156.92000,154.13000,155.17999,24485480
459,2021-06-14,160.14999,160.33000,156.65500,157.57001,19917856
460,2021-06-11,160.42999,161.19901,159.06000,160.28999,13683774
461,2021-06-10,164.36000,165.24001,160.31000,160.39999,12119419
462,2021-06-09,164.14000,164.22000,162.28000,162.94000,12377367
463,2021-06-08,164.49001,165.75999,163.16180,165.00000,10370719
464,2021-06-07,167.00000,167.10001,165.14000,165.66000,7267196
465,2021-06-04,166.21001,166.67000,165.03000,166.44000,8510831
466,2021-06-03,165.41000,167.24500,164.66100,166.17000,13354653
467,2021-06-02,167.25999,167.44000,165.53000,166.06000,10498568
468,2021-06-01,165.87000,166.91000,165.48000,166.05000,9445366
469,2021-05-28,164.67999,164.94000,163.25999,164.24001,10294700
470,2021-05-27,163.95000,164.75000,162.57001,164.35001,15707512
471,2021-05-26,163.57001,163.74001,161.30499,161.83000,13058340
472,2021-05-25,163.85001,165.70000,161.56000,161.85001,12609084
473,2021-05-24,163.36000,164.22501,162.11890,163.53999,9440290
474,2021-05-21,161.34000,163.22301,160.94000,162.66000,10248994
475,2021-05-20,160.83000,161.86000,159.52000,160.83000,10426014
476,2021-05-19,161.00000,161.17999,158.64000,161.11000,13278895
477,2021-05-18,164.67999,165.50000,162.24001,162.35001,11098117
478,2021-05-17,163.37000,164.85001,163.03000,164.67000,9886843
479,2021-05-14,162.39000,164.45000,161.99001,164.00999,10583975
480,2021-05-13,158.17999,162.44501,157.67999,161.50000,15397363
481,2021-05-12,159.61000,160.78000,157.03000,157.45000,14381733
482,2021-05-11,161.08000,162.39000,158.03999,158.53999,15451666
483,2021-05-10,161.50000,163.73000,161.12000,161.22000,14014332
484,2021-05-07,157.22000,161.50000,157.02000,161.24001,14257828
485,2021-05-06,158.07001,160.82500,157.16000,160.69000,13542406
486,2021-05-05,156.00000,158.28000,154.63000,157.52000,10506708
487,2021-05-04,152.87000,155.64000,152.14000,155.48000,12977673
488,2021-05-03,154.85001,155.48000,153.13000,153.36000,11801108
489,2021-04-30,154.10001,154.49001,153.00999,153.81000,11705065
490,2021-04-29,153.53999,155.28000,153.20000,155.19000,12976866
491,2021-04-28,152.42999,152.89000,151.39999,152.23000,8943653
492,2021-04-27,150.50000,151.57001,150.11000,151.25000,12821182
493,2021-04-26,150.78000,152.46001,150.38000,150.56000,10799065
494,2021-04-23,147.17999,151.13000,146.68500,150.19000,14043086
495,2021-04-22,150.23000,150.30000,147.25999,147.37000,15256117
496,2021-04-21,147.78999,150.61000,146.78999,150.53999,12236674
497,2021-04-20,151.74001,151.75000,148.64999,149.27000,13716678
498,2021-04-19,153.42000,153.88000,152.22000,152.64999,11900220
499,2021-04-16,153.87000,154.50999,152.69000,153.30000,13773412
500,2021-04-15,151.25000,152.20000,149.32001,152.17000,17694124
501,2021-04-14,151.47000,153.83000,150.92999,151.21001,19939592
502,2021-04-13,154.75000,155.20000,152.42999,154.09000,16113557
503,2021-04-12,155.58000,157.25000,155.57001,155.95000,12273355
504,2021-04-09,155.81000,157.04201,154.97000,156.28000,12122400
505,2021-04-08,154.00000,155.50500,152.31000,155.12000,12335512
506,2021-04-07,153.10001,155.23000,152.64999,154.92999,16903524
507,2021-04-06,152.78999,154.28000,151.86000,152.53999,13071554
508,2021-04-05,154.39999,154.94000,152.60001,153.62000,13507979
509,2021-04-01,151.89999,153.78999,151.55000,153.71001,16561508
510,2021-03-31,153.28000,154.49001,152.12000,152.23000,16736681
511,2021-03-30,154.46001,155.87000,153.88000,154.48000,13184306
512,2021-03-29,152.12010,153.72760,151.03999,152.67999,17570344
513,2021-03-26,154.30000,155.45000,152.55000,155.09000,16754402
514,2021-03-25,150.00000,152.97000,149.33000,152.55000,15608340
515,2021-03-24,150.00000,153.17999,149.86000,150.62000,13079793
516,2021-03-23,150.33000,152.12000,148.96001,149.46001,17076304
517,2021-03-22,152.80000,153.97000,150.61000,150.97000,19944844
518,2021-03-19,155.50999,155.94000,151.19000,155.14000,54418832
519,2021-03-18,157.60001,161.69000,157.11000,157.64999,21898468
520,2021-03-17,155.34000,156.88000,153.05000,155.09000,13952375
521,2021-03-16,154.09000,154.60001,152.19000,153.50999,12805565
522,2021-03-15,156.35001,156.92000,153.96001,155.37000,12103264
523,2021-03-12,156.86000,157.63000,155.07010,156.14999,12849532
524,2021-03-11,154.11000,156.14999,153.36000,154.32001,11771478
525,2021-03-10,151.91000,156.16000,151.50999,155.13000,14342237
526,2021-03-09,151.50000,154.25000,149.82001,151.83000,16238763
527,2021-03-08,152.47000,155.46001,150.75000,152.91000,17133270
528,2021-03-05,153.21500,153.49001,147.97000,150.91000,18465108
529,2021-03-04,152.61000,154.37860,148.62010,150.56000,20093904
530,2021-03-03,151.23000,154.98000,150.82500,152.91000,14324103
531,2021-03-02,150.08000,151.78000,149.84000,150.00999,14221724
532,2021-03-01,149.52000,151.37990,148.48000,150.50000,14845483
533,2021-02-26,150.30000,150.87410,146.50999,147.17000,19829182
534,2021-02-25,154.27000,154.89999,150.59000,151.17999,18127708
535,2021-02-24,150.11000,153.75999,150.11000,153.25999,15061433
536,2021-02-23,151.50999,152.31000,149.59000,150.61000,16234408
537,2021-02-22,146.87000,150.19000,146.78999,149.41000,11488415
538,2021-02-19,145.86000,148.84000,145.86000,148.02000,11969782
539,2021-02-18,144.00000,145.78999,143.39999,145.59000,10590274
540,2021-02-17,143.95000,145.38000,143.12000,145.10001,10834189
541,2021-02-16,143.55000,145.32001,142.39999,144.64999,12130618
542,2021-02-12,139.05000,141.61000,139.00000,141.25000,8324562
543,2021-02-11,139.66000,140.55000,138.22000,139.27000,9200955
544,2021-02-10,140.00000,140.87000,139.03999,139.66000,10323204
545,2021-02-09,139.42999,139.98000,138.53999,139.58000,8614807
546,2021-02-08,138.20000,140.30000,138.17999,140.14000,10136384
547,2021-02-05,139.39000,139.49001,137.38000,137.98000,10051265
548,2021-02-04,135.47000,138.66000,135.47000,138.25000,12419526
549,2021-02-03,133.64999,135.75500,133.50999,135.14000,10600777
550,2021-02-02,131.94000,134.39000,131.22000,133.61000,12253574
551,2021-02-01,129.39999,130.06970,128.47501,129.62000,11080662
552,2021-01-29,131.19000,131.72000,128.19000,128.67000,14808109
553,2021-01-28,129.89999,132.17000,128.99001,130.11000,13761758
554,2021-01-27,129.59000,129.85001,127.35000,127.86000,17603852
555,2021-01-26,132.75000,133.17000,131.34000,131.58000,11307819
556,2021-01-25,132.14000,133.17000,130.06000,132.12000,14212764
557,2021-01-22,132.69000,134.39999,132.20000,133.78999,12933227
558,2021-01-21,135.69000,136.16000,134.32500,134.83000,13415022
559,2021-01-20,137.82001,138.17000,135.43500,135.97000,16028845
560,2021-01-19,139.86000,140.70000,137.82001,138.03999,19843782
561,2021-01-15,137.42999,141.64999,137.00999,138.64000,27881016
562,2021-01-14,140.49001,142.75000,140.00000,141.17000,18565596
563,2021-01-13,138.59000,140.78999,138.10001,140.35001,14816761
564,2021-01-12,139.44000,141.65990,138.83009,140.22000,18033462
565,2021-01-11,134.58000,138.20000,134.11000,138.05000,15949048
566,2021-01-08,135.97000,136.35001,134.12000,136.02000,12035126
567,2021-01-07,135.69000,138.19000,134.92000,135.87000,21940388
568,2021-01-06,129.88000,132.77000,127.88000,131.55000,24909056
569,2021-01-05,124.99000,126.29950,123.77000,125.65000,13731206
570,2021-01-04,127.50000,127.85790,124.78000,125.87000,16819916
571,2020-12-31,125.09000,127.33000,124.82000,127.07000,8580214
572,2020-12-30,125.49000,125.84500,124.90000,125.36000,7397964
573,2020-12-29,126.20000,126.27990,124.89000,125.01000,8389199
574,2020-12-28,125.82000,126.65000,124.78860,125.34000,8072641
575,2020-12-24,125.09000,125.55000,123.57000,124.52000,4164948
576,2020-12-23,122.78000,126.52000,122.35000,125.07000,14973226
577,2020-12-22,123.39000,123.52000,121.61000,121.67000,11808882
578,2020-12-21,123.17000,125.00000,121.09000,123.55000,28323642
579,2020-12-18,119.14000,119.88370,118.27000,119.08000,28954764
580,2020-12-17,121.26000,121.45000,119.58000,119.67000,11618001
581,2020-12-16,120.30000,121.08000,119.86000,120.67000,11169364
582,2020-12-15,119.29000,120.90000,118.62000,120.32000,12591419
583,2020-12-14,121.33500,121.42000,118.10500,118.30000,12112352
584,2020-12-11,118.94000,120.02000,118.37000,119.56000,9981643
585,2020-12-10,119.99000,120.77810,119.56000,120.27000,13668420
586,2020-12-09,123.17000,123.30000,120.44000,121.05000,13073933
587,2020-12-08,121.04000,122.33000,120.76000,122.00000,9592124
588,2020-12-07,121.15000,122.17000,120.21000,121.88000,9724307
589,2020-12-04,122.48000,123.29000,121.69010,122.34000,13583654
590,2020-12-03,121.85000,121.88500,120.36000,121.24000,12904414
591,2020-12-02,119.70000,122.31000,119.27000,122.04000,10811255
592,2020-12-01,120.34000,121.58000,119.62760,119.74000,12678222
593,2020-11-30,120.00000,120.71990,117.77000,117.88000,14411847
594,2020-11-27,122.00000,122.35000,121.08000,121.22000,5983627
595,2020-11-25,121.37000,122.38000,120.46500,122.03000,11715627
596,2020-11-24,120.07000,123.50000,119.71000,123.32000,20121556
597,2020-11-23,116.05000,118.17000,115.57000,117.87000,13209211
598,2020-11-20,114.43000,115.65000,114.09000,114.57000,12720823
599,2020-11-19,114.18000,115.82000,113.56000,115.56000,10202538
600,2020-11-18,117.34000,118.61000,115.20000,115.25000,12571217
601,2020-11-17,115.39000,116.44000,114.58000,116.11000,14553245
602,2020-11-16,117.79000,118.61000,115.73180,117.30000,19858562
603,2020-11-13,114.70000,114.86000,113.57010,114.08000,11856870
604,2020-11-12,112.53000,113.95500,112.05500,113.37000,22066464
605,2020-11-11,116.89000,116.96000,113.96000,114.78000,14443409
606,2020-11-10,117.35000,117.45000,114.69000,116.52000,20539340
607,2020-11-09,113.16000,118.90000,110.35000,116.90000,47792408
608,2020-11-06,105.03000,105.10000,102.39000,102.96000,12552785
609,2020-11-05,101.06000,105.09500,101.00000,104.35000,17837372
610,2020-11-04,101.00000,102.07000,98.93000,100.25000,18886518
611,2020-11-03,103.02000,104.74000,102.69000,103.41000,17482590
612,2020-11-02,99.39000,100.88000,97.86000,100.25000,15011597
613,2020-10-30,97.91000,98.42000,96.23000,98.04000,15200685
614,2020-10-29,96.12000,97.98000,95.23970,97.17000,14208820
615,2020-10-28,97.50000,98.30000,96.07000,96.54000,16389464
616,2020-10-27,100.51000,100.92000,99.16000,99.33000,10391663
617,2020-10-26,102.65000,102.70000,100.25000,101.24000,12410742
618,2020-10-23,103.50000,104.45000,102.93000,103.81000,15087611
619,2020-10-22,99.32000,103.24000,99.31000,102.88000,14837204
620,2020-10-21,100.36000,100.99000,99.33000,99.37000,10730521
621,2020-10-20,100.31000,101.77000,100.12000,100.37000,11257070
622,2020-10-19,101.60000,101.87000,99.56000,99.80000,11725674
623,2020-10-16,101.41000,102.33000,100.72300,101.51000,13276397
624,2020-10-15,99.10000,101.78000,99.04000,101.72000,17171200
625,2020-10-14,101.03000,101.92500,100.10000,100.22000,15214907
626,2020-10-13,103.00000,103.22000,100.26000,100.78000,21697310
627,2020-10-12,101.10000,103.00000,100.85000,102.44000,16057978
628,2020-10-09,102.00000,102.10500,100.11000,101.20000,13689115
629,2020-10-08,100.51000,101.92000,99.89500,101.78000,15659016
630,2020-10-07,98.96000,100.35000,98.66580,99.73000,16358533
631,2020-10-06,100.07000,100.86000,97.51010,98.02000,19220440
632,2020-10-05,98.32000,99.25000,97.53000,99.04000,13871881
633,2020-10-02,95.25000,98.59000,95.09000,97.89000,15149570
634,2020-10-01,97.12000,97.77000,96.03000,96.97000,15778666
635,2020-09-30,95.35000,97.19750,95.26000,96.27000,16400587
636,2020-09-29,96.03000,96.03000,94.33200,95.35000,12854673
637,2020-09-28,95.06000,96.93000,94.35000,96.16000,20894106
638,2020-09-25,92.05000,93.71500,91.87000,93.47000,13293076
639,2020-09-24,92.32000,94.30000,91.38000,92.66000,18366522
640,2020-09-23,94.78000,95.35000,92.66170,92.74000,19952668
641,2020-09-22,94.96000,95.66000,93.67000,94.27000,19257004
642,2020-09-21,95.20000,96.05000,93.82000,95.31000,28378768
643,2020-09-18,97.89000,99.49000,97.44000,98.35000,20121580
644,2020-09-17,98.70000,99.34330,97.71000,98.56000,18290104
645,2020-09-16,99.43000,101.13000,98.76000,99.70000,19284240
646,2020-09-15,102.73000,102.85000,99.14000,99.28000,23682972
647,2020-09-14,101.51000,103.46000,101.37000,102.47000,19017372
648,2020-09-11,99.97000,101.36000,99.59000,101.07000,13784342
649,2020-09-10,101.40000,102.42000,99.64000,99.83000,15922793
650,2020-09-09,100.80000,101.69000,99.56000,100.87000,13434024
651,2020-09-08,102.98000,103.57000,99.48000,99.92000,22108612
652,2020-09-04,104.05000,105.21000,101.37000,103.52000,26325470
653,2020-09-03,103.32000,104.99000,100.64000,101.33000,23281236
654,2020-09-02,99.95000,101.94000,99.56000,101.65000,14475673
655,2020-09-01,99.55000,100.87120,99.04000,100.14000,11602053
656,2020-08-31,102.12000,102.18000,100.02000,100.19000,14219441
657,2020-08-28,103.14000,103.25000,101.81000,102.77000,13756725
658,2020-08-27,99.00000,102.65000,99.00000,102.35000,22163864
659,2020-08-26,99.94000,100.27000,99.05000,99.09000,12052437
660,2020-08-25,101.27000,101.98000,99.80000,100.50000,13648931
661,2020-08-24,98.45000,100.21000,97.42000,100.06000,17898270
662,2020-08-21,97.27000,98.56500,96.94000,97.32000,12228301
663,2020-08-20,97.26000,98.03000,96.80000,97.37000,13672577
664,2020-08-19,98.92000,100.59000,98.34000,98.55000,13533015
665,2020-08-18,99.91000,99.91000,98.12000,98.32000,13246506
666,2020-08-17,101.50000,102.00000,99.53000,99.71000,14987988
667,2020-08-14,101.50000,103.31000,101.42000,102.41000,12134360
668,2020-08-13,102.00000,103.36000,101.63500,102.37000,13598648
669,2020-08-12,106.16000,106.43000,101.71000,102.94000,19250156
670,2020-08-11,103.86000,106.16000,103.51000,103.82000,31518608
671,2020-08-10,100.11000,102.04000,100.03430,100.64000,14989853
672,2020-08-07,96.93000,99.49000,96.56000,99.38000,14743678
673,2020-08-06,97.58000,98.10000,96.54000,97.24000,10482062
674,2020-08-05,95.87000,98.47000,95.72000,97.21000,15349693
675,2020-08-04,95.91000,95.95000,95.03000,95.55000,13366154
676,2020-08-03,97.02000,97.57000,95.85000,96.10000,12972563
677,2020-07-31,96.48000,96.93000,95.25000,96.64000,14539496
678,2020-07-30,97.54000,97.74000,96.05000,97.02000,14834785
679,2020-07-29,97.07000,99.71000,97.00000,99.68000,12743520
680,2020-07-28,96.50000,97.88540,96.50000,97.32000,11754273
681,2020-07-27,97.51000,97.63000,96.17000,96.90000,11959055
682,2020-07-24,99.60000,99.80000,97.94000,98.28000,12744151
683,2020-07-23,98.50000,99.35000,97.97000,98.98000,12870184
684,2020-07-22,99.65000,100.13000,97.53000,98.69000,14271150
685,2020-07-21,97.71000,100.05000,97.64000,99.41000,17812296
686,2020-07-20,97.43000,98.39000,97.26000,97.30000,14458137
687,2020-07-17,100.00000,100.08000,98.14000,98.16000,16161547
688,2020-07-16,98.78000,101.22000,98.55000,100.01000,16886886
689,2020-07-15,100.89000,101.29000,98.65000,99.73000,22508410
690,2020-07-14,98.37000,99.95000,96.64000,98.21000,42731664
691,2020-07-13,98.73030,99.26630,96.22500,97.65000,32079212
692,2020-07-10,92.00000,96.84000,91.87060,96.27000,28954234
693,2020-07-09,93.52000,94.12000,90.77640,91.28000,25600764
694,2020-07-08,92.29000,93.34000,91.80000,93.30000,18762214
695,2020-07-07,93.82000,94.10000,92.00000,92.32000,25757204
696,2020-07-06,94.43000,95.20000,93.48000,95.00000,18625272
697,2020-07-02,94.74000,94.96000,91.93100,92.66000,27845616
698,2020-07-01,94.89000,95.70500,93.03010,93.26000,18755728
699,2020-06-30,92.83000,94.65980,92.57000,94.06000,19137010
700,2020-06-29,93.40000,94.49000,92.18000,93.00000,18499738
701,2020-06-26,95.11000,95.37000,92.00000,92.59000,41896324
702,2020-06-25,94.35000,98.21000,94.26220,97.96000,25743638
703,2020-06-24,96.75000,96.84000,94.31000,94.66000,22919784
704,2020-06-23,98.97000,99.97000,97.85000,97.93000,15381376
705,2020-06-22,97.25000,97.95000,96.54000,96.75000,16216903
706,2020-06-19,100.53000,100.60000,96.73000,97.81000,40371168
707,2020-06-18,98.67000,100.52000,98.13000,98.94000,16591911
708,2020-06-17,102.53000,102.54000,99.21000,99.48000,15639830
709,2020-06-16,105.37000,105.68000,99.31000,102.06000,22193576
710,2020-06-15,96.42000,101.43000,95.87000,101.25000,22153640
711,2020-06-12,100.71000,101.13000,97.33000,99.87000,24856764
712,2020-06-11,100.03000,101.58000,96.54000,97.21000,36259224
713,2020-06-10,110.46000,110.50500,105.85000,106.06000,24913328
714,2020-06-09,110.65000,111.63000,109.01000,110.54000,17031144
715,2020-06-08,113.41000,114.19000,111.94000,113.45000,24881792
716,2020-06-05,114.93000,115.77000,109.53000,111.23000,42230984
717,2020-06-04,103.82000,106.61000,102.79000,106.44000,26784724
718,2020-06-03,101.58000,104.92000,101.06000,104.27000,25941090
719,2020-06-02,100.28000,100.42000,97.92760,98.93000,21194964
720,2020-06-01,97.75000,99.51150,97.38000,98.60000,15207495
721,2020-05-29,98.66000,99.18000,96.77500,97.31000,26538154
722,2020-05-28,102.94000,102.95000,99.40000,99.86000,24738542
723,2020-05-27,102.07000,102.58000,98.80000,101.37000,39402040
724,2020-05-26,92.89000,97.50000,92.61000,95.82000,41233948
725,2020-05-22,90.01000,90.36000,88.72000,89.47000,13557923
726,2020-05-21,90.27000,91.76000,89.67000,90.17000,14621406
727,2020-05-20,90.71000,92.38500,90.37000,91.33000,20552362
728,2020-05-19,90.05000,91.20000,88.59000,88.67000,19597292
729,2020-05-18,88.69000,91.15000,87.88000,90.45000,30528734
730,2020-05-15,86.85000,87.28000,85.30000,85.90000,26099044
731,2020-05-14,82.72000,88.11000,82.40000,87.52000,35152452
732,2020-05-13,86.38000,86.86000,83.40000,84.03000,35451600
733,2020-05-12,90.15000,90.79000,86.90000,87.03000,27962924
734,2020-05-11,91.11000,91.11000,89.33000,89.97000,31907584
735,2020-05-08,92.80000,94.08000,92.11000,92.70000,20494916
736,2020-05-07,91.34000,92.91000,90.58000,91.21000,16771938
737,2020-05-06,92.16000,92.76000,89.93000,90.27000,20978036
738,2020-05-05,93.65000,94.21000,91.90000,92.00000,18064140
739,2020-05-04,92.02000,92.67000,90.80000,92.14000,15725875
740,2020-05-01,93.50000,93.74000,91.83000,93.25000,18547740
741,2020-04-30,95.60000,96.84000,94.55000,95.76000,19127632
742,2020-04-29,99.08000,99.45000,97.27000,97.86000,20462562
743,2020-04-28,97.81000,98.36000,95.03000,95.29000,20238900
744,2020-04-27,91.94000,95.63000,91.54000,94.62000,22870210
745,2020-04-24,90.64000,91.10000,88.49000,90.71000,15815286
746,2020-04-23,89.74000,91.28000,89.26000,89.39000,16638765
747,2020-04-22,90.69000,91.87000,89.18000,89.34000,16706026
748,2020-04-21,88.62000,91.38000,88.33000,89.05000,23035024
749,2020-04-20,92.47000,94.71000,90.46000,91.71000,23679430
750,2020-04-17,92.00000,95.70000,90.96000,95.18000,30191898
751,2020-04-16,90.23000,90.57000,87.05000,87.33000,32449620
752,2020-04-15,91.15000,92.03000,90.13000,90.79000,30118620
753,2020-04-14,101.02000,102.00000,93.64000,95.50000,46151256
754,2020-04-13,103.11000,103.11000,97.30000,98.19000,26911948
755,2020-04-09,96.92000,104.39000,96.89000,102.76000,42084664
756,2020-04-08,92.10000,94.86000,90.55000,94.30000,22903256
757,2020-04-07,94.45000,94.50000,90.38000,90.64000,22563810
758,2020-04-06,88.99000,90.99000,87.70000,89.46000,26820846
759,2020-04-03,86.00000,87.48000,82.77000,84.05000,21199448
760,2020-04-02,83.51000,87.91000,82.96000,87.51000,24017960
761,2020-04-01,85.10000,86.56000,83.25000,84.36000,28029566
762,2020-03-31,92.05000,94.17000,89.34000,90.03000,23379304
763,2020-03-30,90.65000,94.09000,89.30000,93.50000,21656932
764,2020-03-27,93.19000,94.84000,90.55000,91.13000,30041458
765,2020-03-26,94.08000,98.57000,93.54000,98.12000,29840426
766,2020-03-25,89.24000,95.15000,84.54000,91.73000,38111700
767,2020-03-24,84.90000,90.10000,82.90000,88.43000,34363160
768,2020-03-23,82.68000,83.75000,78.09000,79.03000,32536580
769,2020-03-20,86.30000,89.46000,82.48000,83.50000,30150824
770,2020-03-19,81.56000,88.11000,76.91000,85.30000,32175060
771,2020-03-18,87.67000,90.79000,80.36000,83.89000,41525568
772,2020-03-17,90.89000,97.44000,87.50000,93.76000,35239844
773,2020-03-16,85.20000,93.98000,84.55000,88.36000,38589652
774,2020-03-13,95.99000,103.99000,92.00000,103.91000,38543328
775,2020-03-12,89.59000,96.96000,86.32000,88.05000,49725232
776,2020-03-11,97.70000,100.05000,94.55000,95.96000,38157808
777,2020-03-10,99.00000,101.28000,94.58000,100.70000,31102652
778,2020-03-09,96.57000,99.23000,93.00000,93.44000,40352024
779,2020-03-06,106.26000,110.32000,105.02000,108.08000,38159404
780,2020-03-05,115.67000,116.43000,112.58000,113.97000,25025628
781,2020-03-04,118.33000,120.19000,114.69000,119.85000,25795868
782,2020-03-03,120.97000,122.95000,116.24000,116.96000,32547736
783,2020-03-02,116.63000,121.58000,114.46000,121.52000,27355446
784,2020-02-28,117.52000,118.49000,112.66000,116.11000,45942580
785,2020-02-27,122.91000,125.62000,121.30000,121.37000,23005470
786,2020-02-26,126.93000,128.95000,126.34000,126.64000,24836164
787,2020-02-25,131.00000,132.23000,125.59000,126.26000,20797188
788,2020-02-24,131.44000,133.20000,130.80000,132.16000,13618432
789,2020-02-21,136.55000,136.92000,134.92000,135.81000,9772770
790,2020-02-20,137.17000,138.36000,136.53000,137.49001,7422800
791,2020-02-19,136.91000,138.39000,136.34000,137.49001,7071399
792,2020-02-18,137.34000,137.71001,135.05000,135.64000,8997247
793,2020-02-14,137.84000,138.19000,136.94000,137.46001,6627891
794,2020-02-13,137.75000,138.34000,136.39999,137.88000,7447535
795,2020-02-12,138.60001,139.28000,137.80000,138.00000,7957984
796,2020-02-11,138.25999,138.82001,137.78000,138.00000,6578649
797,2020-02-10,136.95000,137.85001,136.75000,137.74001,5960700
798,2020-02-07,136.73000,137.67000,136.30000,137.17000,6379784
799,2020-02-06,138.24001,138.28999,137.11000,137.61000,8992592
800,2020-02-05,136.57001,137.73000,136.00999,137.59000,10150709
801,2020-02-04,135.55000,136.60001,135.08000,135.28999,9157126
802,2020-02-03,132.66000,134.24001,132.66000,133.37000,10021369
803,2020-01-31,134.49001,134.83000,131.47000,132.36000,12785242
804,2020-01-30,132.69000,136.13000,132.69000,135.89000,9048887
805,2020-01-29,134.81000,135.53999,133.69000,134.23000,9326173
806,2020-01-28,132.84000,134.97000,132.48000,134.42999,13062789
807,2020-01-27,130.27000,132.94000,129.71001,132.03000,12860456
808,2020-01-24,136.37000,136.42999,132.32001,133.14999,15166392
809,2020-01-23,135.71001,136.74001,134.72000,136.53999,9345683
810,2020-01-22,137.24001,137.39999,136.38000,136.67999,7549111
811,2020-01-21,137.19000,138.07001,136.69000,136.84000,8474247
812,2020-01-17,137.53999,138.28000,137.32001,138.20000,14697672
813,2020-01-16,137.45000,137.89999,136.84000,137.25000,10783752
814,2020-01-15,137.85001,138.60001,136.14999,136.72000,16293416
815,2020-01-14,137.94000,140.75999,137.69000,138.80000,24942958
816,2020-01-13,136.19000,137.20000,135.75000,137.20000,12381809
817,2020-01-10,137.21001,137.25000,135.81000,136.07001,10192026
818,2020-01-09,138.05000,138.23000,137.03999,137.44000,9470746
819,2020-01-08,135.70000,137.58000,135.60001,136.94000,9697731
820,2020-01-07,137.28000,137.86000,135.82001,135.88000,10576911
821,2020-01-06,136.56000,138.27000,136.50000,138.23000,10266522
822,2020-01-03,137.50000,139.23000,137.08000,138.34000,10387518
823,2020-01-02,139.78999,141.10001,139.25999,141.09000,10811019
824,2019-12-31,138.50999,139.48000,138.28999,139.39999,7201834
825,2019-12-30,139.89999,140.08000,138.47000,138.63000,6963342
826,2019-12-27,139.30000,139.77000,138.67000,139.14000,7868575
827,2019-12-26,137.89000,139.10001,137.78000,139.03999,6773034
828,2019-12-24,137.33000,137.63000,137.06000,137.58000,3324291
829,2019-12-23,137.60001,137.91000,136.88000,137.20000,9738524
830,2019-12-20,138.02000,138.88000,136.89999,137.24001,29993960
831,2019-12-19,137.75999,138.22000,137.10001,137.35001,9351045
832,2019-12-18,138.14999,139.02000,137.72000,138.03999,10382144
833,2019-12-17,137.73000,138.67000,137.23000,138.17999,11547063
834,2019-12-16,138.38000,138.84000,137.32001,137.34000,11372787
835,2019-12-13,137.95000,138.83000,136.22000,136.81000,10594949
836,2019-12-12,134.49001,138.47000,134.21001,138.02000,13725737
837,2019-12-11,134.28999,135.02000,134.00999,134.17999,9012476
838,2019-12-10,133.25000,134.77000,132.88000,134.50000,7533000
839,2019-12-09,134.63000,135.46001,134.41000,134.41000,8576380
840,2019-12-06,134.69000,135.78000,134.64999,135.03999,10171252
841,2019-12-05,132.67999,133.31000,132.17999,133.06000,9587878
842,2019-12-04,130.38000,132.47000,129.99001,132.34000,10319310
843,2019-12-03,129.77000,129.96001,128.59000,129.78000,10649454
844,2019-12-02,132.31000,132.74001,131.35001,131.47000,8622886
845,2019-11-29,131.87000,132.41000,131.45000,131.75999,5712035
846,2019-11-27,132.28999,132.42999,131.64999,132.06000,6609027
847,2019-11-26,131.82001,131.82001,130.36000,131.67000,10493863
848,2019-11-25,131.25000,132.07001,130.87000,131.49001,10069669
849,2019-11-22,130.14999,131.22000,130.10001,130.78999,8167918
850,2019-11-21,130.00000,130.72000,129.39000,129.92999,7705492
851,2019-11-20,130.30000,130.62000,128.94000,129.63000,11785284
852,2019-11-19,130.99001,131.25000,130.17999,130.58000,8824852
853,2019-11-18,129.56000,130.64999,128.99001,130.62000,8752503
854,2019-11-15,129.23000,129.53000,128.39999,129.53000,10163667
855,2019-11-14,127.72000,128.84000,127.59000,128.60001,8483725
856,2019-11-13,128.13000,128.81000,127.42000,128.48000,8098146
857,2019-11-12,129.63000,130.62000,129.00999,129.16000,9101912
858,2019-11-11,129.60001,130.10001,129.35001,129.92000,8680490
859,2019-11-08,129.88000,130.39999,129.25000,130.38000,9294223
860,2019-11-07,130.42999,131.28999,129.92000,130.00000,13528925
861,2019-11-06,128.69000,129.84000,128.58000,129.30000,11231123
862,2019-11-05,129.39000,130.30000,128.84000,129.10001,13747635
863,2019-11-04,129.08000,129.42000,128.56000,128.82001,9159871
864,2019-11-01,126.20000,127.99000,126.02000,127.80000,11682642
865,2019-10-31,125.49000,125.73000,123.86000,124.92000,11589074
866,2019-10-30,126.05000,126.26000,124.92000,125.73000,8513704
867,2019-10-29,126.06000,127.42000,125.94000,126.43000,9797283
868,2019-10-28,126.57000,127.21000,126.40000,126.51000,9522184
869,2019-10-25,125.00000,126.65000,124.75000,126.03000,9055690
870,2019-10-24,125.29000,125.66000,124.07000,125.03000,8057164
871,2019-10-23,124.20000,125.15000,124.17000,125.12000,9397328
872,2019-10-22,123.45000,125.10000,123.12000,124.79000,12657085
873,2019-10-21,122.05000,123.77000,121.99000,123.55000,13272678
874,2019-10-18,120.00000,121.02000,119.86000,120.56000,10418383
875,2019-10-17,120.75000,121.57000,119.88000,120.35000,11064912
876,2019-10-16,119.96000,120.62000,119.38000,119.68000,11632039
877,2019-10-15,118.85000,121.59000,117.87000,119.96000,30522338
878,2019-10-14,115.85000,116.87000,115.66000,116.45000,8878537
879,2019-10-11,116.03000,117.99000,115.86000,116.14000,15193768
880,2019-10-10,113.14000,115.40000,113.00000,114.21000,11388900
881,2019-10-09,112.67000,113.16000,112.07000,112.63000,7339861
882,2019-10-08,113.06000,113.06000,111.66000,111.82000,11588324
883,2019-10-07,114.19000,115.50000,114.07000,114.37000,6816951
884,2019-10-04,112.34000,114.94000,112.27000,114.62000,9622741
885,2019-10-03,112.27000,112.91000,110.52000,112.19000,13102112
886,2019-10-02,114.81000,114.90000,112.93000,113.25000,12630337
887,2019-10-01,118.40000,119.00000,115.41000,115.55000,11328624
888,2019-09-30,118.36000,118.77000,117.22000,117.69000,9800755
889,2019-09-27,117.96000,118.64000,117.28000,117.72000,10207958
890,2019-09-26,117.88000,118.05000,116.95000,117.03000,9920613
891,2019-09-25,117.27000,118.36000,117.12000,118.00000,10269021
892,2019-09-24,118.75000,119.26000,117.04000,117.33000,11851899
893,2019-09-23,117.78000,119.12000,117.68000,118.88000,9184038
894,2019-09-20,119.74000,120.34000,118.87000,118.90000,22076824
895,2019-09-19,119.70000,120.34000,119.09000,119.38000,9460470
896,2019-09-18,118.32000,120.08000,117.75000,119.76000,10716320
897,2019-09-17,118.42000,118.61000,117.24000,118.57000,10819727
898,2019-09-16,118.90000,119.87000,118.38000,119.16000,11993932
899,2019-09-13,119.00000,120.40000,118.75000,120.23000,16257246
900,2019-09-12,116.55000,118.47000,115.92000,117.91000,12283450
901,2019-09-11,116.89000,117.20000,115.38000,117.19000,9919217
902,2019-09-10,116.30000,117.27000,115.73000,116.87000,14333096
903,2019-09-09,113.71000,116.06000,113.60000,115.40000,13985144
904,2019-09-06,112.66000,112.98000,111.96000,112.61000,7836735
905,2019-09-05,111.25000,113.72000,111.20000,112.37000,13226615
906,2019-09-04,109.45000,110.22000,108.56000,109.87000,6944055
907,2019-09-03,108.98000,108.99000,107.32000,108.56000,9869174
908,2019-08-30,109.84000,110.56000,109.47000,109.86000,10170346
909,2019-08-29,108.14000,109.89000,108.02000,109.22000,10002439
910,2019-08-28,105.08000,107.21000,105.04000,106.80000,10593762
911,2019-08-27,107.35000,107.56000,104.84000,105.74000,14335951
912,2019-08-26,106.62000,106.99000,106.01000,106.87000,8211955
913,2019-08-23,108.00000,108.78000,105.11000,106.02000,14764096
914,2019-08-22,108.37000,109.27000,107.93000,108.72000,9343395
915,2019-08-21,108.21000,108.43000,107.44000,107.61000,8189648
916,2019-08-20,107.85000,108.44000,107.24000,107.31000,8376105
917,2019-08-19,109.63000,109.75000,108.42000,108.69000,8265570
918,2019-08-16,106.37000,107.98000,105.87000,107.72000,11830550
919,2019-08-15,104.82000,106.38000,104.34000,105.20000,13365567
920,2019-08-14,106.30000,106.91000,104.45000,104.80000,19491848
921,2019-08-13,107.95000,110.33000,107.03000,109.34000,12236560
922,2019-08-12,108.44000,108.51000,107.21000,107.68000,9393668
923,2019-08-09,109.35000,110.44000,108.29000,109.74000,9980834
924,2019-08-08,109.05000,110.08000,108.72000,109.86000,10903331
925,2019-08-07,108.00000,108.28000,105.94000,108.03000,17320864
926,2019-08-06,110.05000,110.50000,108.34000,110.43000,10203487
927,2019-08-05,110.79000,110.98000,108.27000,109.57000,15855328
928,2019-08-02,112.40000,113.43000,111.40000,112.93000,11025527
929,2019-08-01,115.33000,116.80000,112.59000,112.94000,15664530
930,2019-07-31,116.10000,116.18000,114.86000,116.00000,13647968
931,2019-07-30,115.19000,116.08000,114.76000,115.59000,7121146
932,2019-07-29,116.46000,117.18000,115.79000,115.85000,8500370
933,2019-07-26,115.77000,116.51000,115.53000,116.22000,12800364
934,2019-07-25,116.89000,117.24000,115.31000,115.71000,10138368
935,2019-07-24,115.58000,116.88000,115.52000,116.83000,10011034
936,2019-07-23,114.88000,116.45000,114.82000,116.36000,12752167
937,2019-07-22,112.91000,114.45000,112.77000,114.27000,9061487
938,2019-07-19,114.89000,115.12000,113.40000,113.54000,10402772
939,2019-07-18,113.93000,115.07000,113.55000,114.67000,9400654
940,2019-07-17,114.43000,114.94000,113.73000,113.99000,13120924
941,2019-07-16,113.48000,115.50000,112.92000,115.12000,16944998
942,2019-07-15,115.54000,115.57000,113.53000,113.90000,12946597
943,2019-07-12,114.13000,115.35000,113.93000,115.30000,10783395
944,2019-07-11,113.37000,114.36000,113.12000,114.10000,11595170
945,2019-07-10,113.37000,113.83000,112.74000,113.02000,9242253
946,2019-07-09,112.28000,113.49000,112.15000,113.35000,8947322
947,2019-07-08,112.96000,113.48000,112.50000,112.87000,6917209
948,2019-07-05,113.51000,114.27000,112.92000,113.49000,7929536
949,2019-07-03,113.34000,113.87000,112.26000,112.82000,6849443
950,2019-07-02,113.51000,114.20000,113.22000,113.80000,10182625
951,2019-07-01,113.23000,114.52000,113.08000,113.68000,12762478
952,2019-06-28,111.04000,112.43000,110.90000,111.80000,21634684
953,2019-06-27,108.84000,109.55000,108.44000,108.84000,10906607
954,2019-06-26,108.30000,109.31000,108.16000,108.48000,10324609
955,2019-06-25,108.68000,108.98000,107.67000,107.76000,18660112
956,2019-06-24,109.28000,109.77000,108.53000,108.66000,13039577
957,2019-06-21,110.19000,111.67000,109.09000,109.44000,27089546
958,2019-06-20,110.88000,111.08000,109.03000,110.19000,13638199
959,2019-06-19,110.82000,111.59000,109.69000,109.91000,13126542
960,2019-06-18,109.01000,111.41000,108.98000,110.71000,11057340
961,2019-06-17,109.70000,110.37000,109.06000,109.22000,8128583
962,2019-06-14,109.57000,110.30000,108.63000,109.82000,9077685
963,2019-06-13,109.46000,110.16000,109.05000,109.54000,8406903
964,2019-06-12,110.70000,110.90000,108.89000,109.27000,9670511
965,2019-06-11,110.82000,111.57000,110.37000,110.68000,9847999
966,2019-06-10,110.75000,111.21000,110.22000,110.34000,11380602
967,2019-06-07,109.70000,110.02000,108.96000,109.16000,10618932
968,2019-06-06,110.15000,110.87000,108.93000,110.37000,8726664
969,2019-06-05,109.86000,110.38000,108.64000,110.13000,8340484
970,2019-06-04,107.85000,109.90000,107.13000,109.74000,12858587
971,2019-06-03,105.80000,106.86000,105.30000,106.46000,11680745
972,2019-05-31,105.56000,106.59000,104.84000,105.96000,10952857
973,2019-05-30,108.65000,109.18000,106.54000,107.06000,10367822
974,2019-05-29,107.45000,108.40000,107.06000,108.22000,9966365
975,2019-05-28,109.20000,109.83000,108.44000,108.52000,11665579
976,2019-05-24,109.52000,109.96000,109.19000,109.71000,8537252
977,2019-05-23,109.64000,109.79000,107.50000,108.64000,14557969
978,2019-05-22,111.40000,111.79000,110.75000,110.82000,7918898
979,2019-05-21,111.44000,111.92000,111.22000,111.73000,7967976
980,2019-05-20,110.58000,111.81000,110.37000,111.35000,8518244
981,2019-05-17,110.00000,111.75000,109.83000,110.77000,9570477
982,2019-05-16,110.62000,112.17000,110.59000,111.31000,9672729
983,2019-05-15,109.21000,110.90000,108.61000,109.90000,10142048
984,2019-05-14,109.55000,111.72000,109.50000,110.32000,10503672
985,2019-05-13,110.08000,110.45000,108.98000,109.45000,13783652
986,2019-05-10,111.75000,112.84000,110.54000,112.51000,13189381
987,2019-05-09,111.14000,112.74000,110.58000,112.52000,12205866
988,2019-05-08,112.66000,113.67000,112.46000,112.61000,9576075
989,2019-05-07,114.03000,114.03000,112.28000,113.21000,15017725
990,2019-05-06,114.18000,115.47000,113.72000,115.09000,9387010
991,2019-05-03,116.00000,116.68000,115.67000,116.12000,8185409
992,2019-05-02,115.17000,115.78000,114.58000,115.41000,8613305
993,2019-05-01,115.72000,117.00000,115.11000,115.16000,10412881
994,2019-04-30,116.43000,116.72000,115.26000,116.05000,11389147
995,2019-04-29,114.60000,117.16000,114.44000,116.12000,14242237
996,2019-04-26,113.95000,114.58000,113.60000,114.47000,7889519
997,2019-04-25,113.01000,114.14000,112.50000,113.61000,9311768
998,2019-04-24,113.26000,114.15000,112.81000,113.55000,9245743
999,2019-04-23,113.00000,114.37000,112.85000,113.74000,9193318
1000,2019-04-22,112.83000,113.93000,112.66000,113.60000,7975860
1001,2019-04-18,114.53000,114.94000,113.33000,113.46000,12501949
1002,2019-04-17,111.70000,114.66000,111.01000,114.30000,17791890
1003,2019-04-16,109.90000,111.39000,109.86000,111.10000,11583232
1004,2019-04-15,110.92000,111.00000,109.12000,109.94000,15163815
1005,2019-04-12,109.44000,111.85000,108.88000,111.21000,25834072
1006,2019-04-11,105.71000,106.73000,105.56000,106.23000,11183845
1007,2019-04-10,105.13000,105.72000,104.47000,105.34000,10882304
1008,2019-04-09,105.08000,105.20000,104.25000,104.87000,9092188
1009,2019-04-08,105.11000,105.65000,104.91000,105.65000,8056282
1010,2019-04-05,105.80000,106.11000,104.99000,105.31000,9933660
1011,2019-04-04,104.55000,105.73000,104.45000,105.56000,11952078
1012,2019-04-03,105.81000,106.36000,104.78000,105.35000,11499209
1013,2019-04-02,104.60000,105.44000,104.33000,105.14000,10295539
1014,2019-04-01,102.15000,104.68000,102.12000,104.64000,17499280
1015,2019-03-29,101.54000,101.99000,100.58000,101.23000,14523395
1016,2019-03-28,100.00000,100.80000,99.74000,100.71000,12454070
1017,2019-03-27,99.88000,100.45000,99.08000,99.58000,12753234
1018,2019-03-26,99.82000,100.40000,98.82000,99.92000,15987129
1019,2019-03-25,99.59000,100.57000,98.09000,98.93000,21032296
1020,2019-03-22,101.82000,102.32000,99.52000,99.76000,31115188
1021,2019-03-21,103.49000,103.49000,102.28000,102.87000,19751044
1022,2019-03-20,106.43000,106.65000,104.41000,104.52000,14920658
1023,2019-03-19,108.20000,108.40000,106.55000,106.80000,12889267
1024,2019-03-18,106.55000,107.78000,106.50000,107.19000,12935514
1025,2019-03-15,105.41000,106.80000,105.23000,106.55000,24811730
1026,2019-03-14,104.50000,105.87000,104.46000,105.34000,10926470
1027,2019-03-13,104.19000,104.98000,103.95000,104.39000,13022241
1028,2019-03-12,104.59000,104.79000,103.75000,104.04000,10219100
1029,2019-03-11,103.98000,104.55000,103.66000,104.35000,9763235
1030,2019-03-08,101.99000,103.23000,101.99000,103.01000,10582371
1031,2019-03-07,103.25000,103.47000,102.16000,102.97000,12705739
1032,2019-03-06,103.86000,104.57000,103.55000,103.72000,9070782
1033,2019-03-05,104.13000,104.55000,103.26000,104.11000,10856646
1034,2019-03-04,104.92000,105.92000,103.27000,104.19000,12466285
1035,2019-03-01,105.10000,105.91000,104.20000,104.43000,13813310
1036,2019-02-28,105.01000,105.21000,104.18000,104.36000,15156850
1037,2019-02-27,105.18000,105.38000,104.50000,105.16000,9968822
1038,2019-02-26,104.50000,105.47000,103.94000,105.29000,15465393
1039,2019-02-25,105.75000,107.27000,105.69000,106.10000,11230679
1040,2019-02-22,105.70000,106.09000,104.78000,105.00000,10647258
1041,2019-02-21,105.45000,105.99000,104.96000,105.47000,8400075
1042,2019-02-20,105.21000,105.80000,104.88000,105.69000,10030326
1043,2019-02-19,104.91000,105.37000,103.81000,105.18000,12764888
1044,2019-02-15,103.90000,105.70000,103.66000,105.55000,14716861
1045,2019-02-14,102.47000,103.10000,101.35000,102.42000,11518530
1046,2019-02-13,102.90000,103.85000,102.90000,103.09000,10754061
1047,2019-02-12,101.95000,102.92000,101.89000,102.60000,12852252
1048,2019-02-11,101.76000,102.01000,100.77000,100.88000,10978516
1049,2019-02-08,102.08000,102.33000,100.06000,101.36000,12892562
1050,2019-02-07,103.25000,103.50000,101.44000,102.38000,13177489
1051,2019-02-06,103.71000,104.62000,103.47000,103.74000,8744957
1052,2019-02-05,104.52000,104.55000,103.29000,103.79000,12762982
1053,2019-02-04,103.79000,104.25000,103.01000,104.25000,9871549
1054,2019-02-01,104.00000,104.85000,103.52000,103.88000,13000780
1055,2019-01-31,103.41000,103.80000,102.73000,103.50000,17520552
1056,2019-01-30,104.14000,105.24000,103.78000,104.41000,12526274
1057,2019-01-29,103.88000,105.11000,103.73000,104.17000,9743271
1058,2019-01-28,102.89000,104.24000,102.59000,103.88000,12283089
1059,2019-01-25,103.51000,104.31000,102.74000,103.39000,14412559
1060,2019-01-24,102.13000,103.09000,101.94000,102.74000,11296764
1061,2019-01-23,103.44000,103.70000,101.97000,102.68000,12146678
1062,2019-01-22,103.08000,103.59000,102.13000,102.94000,17083680
1063,2019-01-18,103.77000,104.90000,102.83000,104.59000,16428710
1064,2019-01-17,102.11000,103.50000,101.92000,102.92000,14247564
1065,2019-01-16,102.25000,103.45000,101.80000,102.50000,18532952
1066,2019-01-15,98.89000,102.47000,98.60000,101.68000,26504852
1067,2019-01-14,98.87000,101.36000,98.66000,100.94000,21258458
1068,2019-01-11,99.89000,100.17000,98.95000,99.91000,15439850
1069,2019-01-10,100.02000,100.73000,99.27000,100.39000,14376430
1070,2019-01-09,100.81000,101.49000,99.93000,100.40000,14230331
1071,2019-01-08,101.63000,101.82000,99.55000,100.57000,13578777
1072,2019-01-07,100.43000,101.47000,99.71000,100.76000,15430712
1073,2019-01-04,99.11000,100.93000,98.28000,100.69000,16935204
1074,2019-01-03,98.64000,98.89000,96.69000,97.11000,16286426
1075,2019-01-02,95.95000,99.78000,95.94000,99.31000,15670850
1076,2018-12-31,97.59000,98.81000,96.77000,97.62000,13237180
1077,2018-12-28,97.95000,98.32000,96.44000,96.83000,17963272
1078,2018-12-27,94.82000,97.15000,93.55000,97.04000,20304684
1079,2018-12-26,92.69000,95.96000,91.11000,95.96000,22542900
1080,2018-12-24,92.89000,94.22000,92.14000,92.14000,17009280
1081,2018-12-21,96.68000,98.43000,93.69000,94.17000,41313932
1082,2018-12-20,96.61000,98.28000,95.69000,96.45000,31825218
1083,2018-12-19,98.41000,100.58000,96.60000,97.29000,28767868
1084,2018-12-18,99.42000,100.89000,98.12000,98.54000,20837150
1085,2018-12-17,99.77000,100.56000,98.44000,99.01000,25113534
1086,2018-12-14,99.99000,101.94000,99.86000,100.29000,19879524
1087,2018-12-13,101.55000,101.97000,100.67000,101.12000,17250942
1088,2018-12-12,101.66000,102.90000,100.06000,101.02000,22621488
1089,2018-12-11,103.13000,103.66000,100.21000,100.37000,16860676
1090,2018-12-10,102.87000,103.49000,99.28000,101.36000,23636428
1091,2018-12-07,105.16000,106.98000,102.91000,103.29000,19248596
1092,2018-12-06,105.01000,105.36000,102.88000,105.19000,27213946
1093,2018-12-04,111.60000,111.60000,106.73000,107.23000,23555940
1094,2018-12-03,112.38000,112.89000,111.74000,112.24000,16033180
1095,2018-11-30,109.85000,111.32000,109.58000,111.19000,18652718
1096,2018-11-29,110.27000,110.80000,109.64000,110.06000,11144347
1097,2018-11-28,109.80000,111.40000,108.87000,110.94000,13977257
1098,2018-11-27,108.76000,110.03000,108.63000,109.72000,9238176
1099,2018-11-26,107.72000,109.98000,107.45000,109.26000,13948285
1100,2018-11-23,106.74000,107.39000,106.06000,106.65000,6488406
1101,2018-11-21,109.03000,109.61000,107.64000,107.64000,10619625
1102,2018-11-20,109.78000,110.49000,107.98000,108.45000,18936152
1103,2018-11-19,109.96000,111.20000,109.53000,110.83000,13986991
1104,2018-11-16,109.45000,110.76000,108.55000,109.99000,13798551
1105,2018-11-15,108.24000,110.08000,106.81000,110.07000,19099954
1106,2018-11-14,110.23000,110.71000,105.98000,107.33000,18361432
1107,2018-11-13,109.10000,111.12000,109.10000,109.59000,13746059
1108,2018-11-12,111.42000,111.94000,108.60000,108.95000,13279671
1109,2018-11-09,112.23000,112.36000,110.83000,111.29000,10432161
1110,2018-11-08,111.01000,112.92000,111.00000,112.38000,11662499
1111,2018-11-07,110.37000,111.73000,109.35000,111.48000,12679585
1112,2018-11-06,108.67000,109.67000,107.76000,109.60000,10824959
1113,2018-11-05,108.61000,109.29000,108.42000,109.09000,10276448
1114,2018-11-02,109.90000,110.81000,107.49000,108.38000,19009518
1115,2018-11-01,109.62000,110.22000,108.32000,108.98000,13065023
1116,2018-10-31,108.08000,110.48000,107.79000,109.02000,20859992
1117,2018-10-30,105.71000,106.98000,104.86000,106.70000,18019680
1118,2018-10-29,104.46000,106.63000,103.70000,104.85000,18445176
1119,2018-10-26,104.00000,104.56000,102.73000,103.42000,19174916
1120,2018-10-25,104.18000,105.90000,103.72000,104.86000,17464708
1121,2018-10-24,104.76000,105.03000,102.91000,103.29000,23168916
1122,2018-10-23,104.20000,106.16000,103.70000,105.25000,21407548
1123,2018-10-22,108.15000,108.34000,106.11000,106.36000,16199139
1124,2018-10-19,107.65000,109.22000,107.27000,107.91000,15234549
1125,2018-10-18,109.02000,109.84000,107.81000,108.09000,17582468
1126,2018-10-17,108.38000,110.80000,108.23000,109.83000,18794482
1127,2018-10-16,107.16000,108.78000,106.73000,108.62000,19302764
1128,2018-10-15,107.20000,108.85000,106.32000,106.34000,18903216
1129,2018-10-12,110.37000,110.83000,105.60000,106.95000,32075740
1130,2018-10-11,110.97000,111.47000,107.38000,108.13000,33705616
1131,2018-10-10,114.70000,114.95000,111.47000,111.47000,23086388
1132,2018-10-09,114.67000,115.03000,113.67000,114.52000,14069477
1133,2018-10-08,114.25000,115.78000,113.35000,115.32000,14370869
1134,2018-10-05,115.83000,116.10000,114.02000,114.62000,13777633
1135,2018-10-04,114.55000,116.81000,114.21000,115.27000,16357406
1136,2018-10-03,114.94000,115.66000,114.48000,115.04000,17141962
1137,2018-10-02,113.36000,114.12000,112.81000,113.97000,13753074
1138,2018-10-01,113.37000,114.61000,113.04000,113.50000,10147110
1139,2018-09-28,113.65000,114.24000,112.52000,112.84000,15815120
1140,2018-09-27,115.42000,115.76000,114.16000,114.52000,13282987
1141,2018-09-26,116.75000,116.87000,114.66000,115.02000,14023640
1142,2018-09-25,117.04000,117.97000,116.32000,116.39000,9308310
1143,2018-09-24,117.76000,118.46000,116.43000,116.72000,12492474
1144,2018-09-21,119.13000,119.23000,117.74000,117.85000,24788248
1145,2018-09-20,118.50000,119.24000,118.08000,118.63000,15589976
1146,2018-09-19,114.44000,118.06000,114.44000,117.62000,16052776
1147,2018-09-18,114.33000,114.66000,113.56000,114.30000,7944210
1148,2018-09-17,113.79000,114.43000,113.30000,113.84000,9561297
1149,2018-09-14,113.81000,114.49000,113.23000,113.50000,10337948
1150,2018-09-13,113.37000,114.13000,112.67000,113.52000,12470769
1151,2018-09-12,114.25000,114.88000,112.85000,113.08000,10800758
1152,2018-09-11,113.54000,114.58000,113.18000,114.43000,9333781
1153,2018-09-10,114.85000,114.97000,113.66000,113.71000,8276936
1154,2018-09-07,114.50000,114.77000,113.63000,114.32000,10955590
1155,2018-09-06,114.50000,114.70000,113.50000,114.10000,9877635
1156,2018-09-05,115.00000,115.70000,114.25000,114.59000,11462446
1157,2018-09-04,114.34000,115.24000,113.63000,115.15000,10174177
1158,2018-08-31,114.83000,114.84000,113.82000,114.58000,13065719
1159,2018-08-30,115.59000,116.04000,114.98000,115.19000,8991802
1160,2018-08-29,116.35000,116.37000,115.36000,115.76000,7221744
1161,2018-08-28,117.00000,117.03000,115.97000,116.14000,8302618
1162,2018-08-27,115.22000,117.28000,115.17000,116.71000,13768021
1163,2018-08-24,114.98000,115.22000,114.45000,114.68000,8845718
1164,2018-08-23,114.96000,115.15000,114.43000,114.73000,9265593
1165,2018-08-22,115.31000,115.41000,114.78000,114.97000,8314901
1166,2018-08-21,115.37000,116.39000,114.88000,115.32000,10976680
1167,2018-08-20,114.59000,115.05000,114.11000,114.62000,8618739
1168,2018-08-17,114.64000,115.07000,114.30000,114.77000,8505111
1169,2018-08-16,114.35000,115.31000,114.30000,114.77000,10118820
1170,2018-08-15,113.82000,114.33000,112.97000,113.70000,10152082
1171,2018-08-14,114.27000,115.04000,113.65000,114.65000,10597611
1172,2018-08-13,115.56000,115.88000,113.81000,113.89000,10340337
1173,2018-08-10,115.50000,115.95000,114.68000,115.73000,12630949
1174,2018-08-09,117.51000,117.72000,116.69000,116.88000,9694541
1175,2018-08-08,117.33000,118.27000,117.28000,117.79000,8997220
1176,2018-08-07,117.74000,118.29000,117.33000,117.55000,10562067
1177,2018-08-06,116.79000,117.53000,116.18000,117.12000,9857351
1178,2018-08-03,116.00000,117.13000,115.94000,117.09000,11016102
1179,2018-08-02,114.57000,116.25000,114.33000,116.15000,11058108
1180,2018-08-01,115.75000,116.69000,115.28000,115.66000,13531590
1181,2018-07-31,117.08000,117.08000,114.82000,114.95000,15843763
1182,2018-07-30,116.28000,117.61000,116.06000,116.73000,13411618
1183,2018-07-27,115.18000,116.30000,114.81000,116.03000,12805930
1184,2018-07-26,115.42000,115.58000,114.58000,114.85000,11897769
1185,2018-07-25,113.88000,115.52000,113.38000,115.18000,13331966
1186,2018-07-24,113.55000,114.78000,113.42000,114.15000,14000419
1187,2018-07-23,111.06000,114.24000,110.93000,113.35000,18140010
1188,2018-07-20,110.00000,111.74000,109.78000,111.28000,13582631
1189,2018-07-19,111.06000,111.09000,109.73000,109.89000,16775305
1190,2018-07-18,110.42000,112.12000,110.20000,111.53000,14244944
1191,2018-07-17,110.69000,110.93000,109.75000,110.50000,14821876
1192,2018-07-16,107.05000,110.77000,106.98000,110.58000,24662620
1193,2018-07-13,107.30000,107.80000,105.14000,106.36000,21303844
1194,2018-07-12,107.42000,107.56000,105.97000,106.85000,12456754
1195,2018-07-11,106.31000,107.06000,106.21000,106.39000,10186482
1196,2018-07-10,108.02000,108.40000,106.53000,106.62000,14575873
1197,2018-07-09,104.71000,107.46000,104.71000,107.28000,13900793
1198,2018-07-06,103.12000,104.50000,102.20000,104.06000,12173700
1199,2018-07-05,104.13000,104.38000,103.53000,103.72000,10723412
1200,2018-07-03,105.41000,105.78000,103.52000,103.61000,8311680
1201,2018-07-02,103.72000,105.09000,103.38000,105.08000,11130044
1202,2018-06-29,106.68000,106.90000,104.15000,104.20000,18972392
1203,2018-06-28,103.68000,105.46000,103.51000,104.93000,14491252
1204,2018-06-27,104.68000,105.92000,103.23000,103.24000,16276833
1205,2018-06-26,104.71000,105.21000,103.11000,104.86000,17086772
1206,2018-06-25,105.66000,105.70000,103.96000,104.79000,16907608
1207,2018-06-22,108.16000,108.37000,105.51000,105.75000,19938788
1208,2018-06-21,107.10000,108.21000,106.53000,107.51000,11048735
1209,2018-06-20,108.18000,108.64000,107.44000,107.54000,8876903
1210,2018-06-19,106.90000,107.88000,106.60000,107.55000,12707154
1211,2018-06-18,107.26000,108.40000,106.69000,108.18000,9786825
1212,2018-06-15,107.80000,108.38000,106.27000,107.90000,26028572
1213,2018-06-14,110.28000,110.36000,107.78000,108.03000,20487344
1214,2018-06-13,110.46000,111.44000,109.58000,109.97000,14979749
1215,2018-06-12,111.14000,111.53000,109.52000,110.19000,15294082
1216,2018-06-11,111.12000,111.91000,110.77000,110.83000,12642897
1217,2018-06-08,110.62000,111.14000,110.06000,111.11000,10383168
1218,2018-06-07,111.18000,111.50000,110.03000,110.80000,13444427
1219,2018-06-06,108.66000,110.74000,108.48000,110.36000,15453563
1220,2018-06-05,108.24000,108.31000,107.07000,107.84000,10415231
1221,2018-06-04,108.99000,109.25000,108.27000,108.45000,9415437
1222,2018-06-01,108.34000,108.94000,107.80000,108.40000,13594185
1223,2018-05-31,107.95000,108.19000,106.42000,107.01000,19808204
1224,2018-05-30,107.64000,108.60000,106.65000,108.35000,17490844
1225,2018-05-29,109.18000,109.20000,104.95000,105.93000,30643840
1226,2018-05-25,110.46000,111.08000,110.19000,110.66000,8283548
1227,2018-05-24,112.14000,112.15000,110.11000,111.23000,14084769
1228,2018-05-23,112.51000,112.77000,111.12000,112.49000,11453916
1229,2018-05-22,112.35000,114.29000,112.29000,113.01000,11507550
1230,2018-05-21,112.05000,112.54000,111.92000,112.15000,9441931
1231,2018-05-18,112.75000,112.80000,110.84000,111.13000,11806349
1232,2018-05-17,113.20000,113.41000,112.20000,112.96000,8617204
1233,2018-05-16,112.89000,113.69000,112.63000,113.34000,7571089
1234,2018-05-15,113.91000,113.91000,112.57000,113.03000,11536212
1235,2018-05-14,114.11000,114.70000,113.74000,113.90000,8710654
1236,2018-05-11,114.49000,114.73000,113.67000,113.86000,10253045
1237,2018-05-10,113.19000,114.44000,112.75000,114.29000,9159709
1238,2018-05-09,111.44000,113.64000,111.03000,113.41000,11368094
1239,2018-05-08,109.53000,111.34000,109.28000,110.99000,12543228
1240,2018-05-07,108.76000,109.68000,108.36000,109.37000,9356721
1241,2018-05-04,106.43000,108.74000,105.98000,108.43000,11967906
1242,2018-05-03,107.59000,107.77000,105.18000,107.24000,15379091
1243,2018-05-02,108.11000,109.49000,107.73000,107.92000,12162086
1244,2018-05-01,108.45000,108.97000,107.54000,108.78000,10503353
1245,2018-04-30,109.75000,110.30000,108.75000,108.78000,13744860
1246,2018-04-27,109.55000,110.16000,109.13000,109.40000,9383967
1247,2018-04-26,109.97000,110.82000,109.34000,110.10000,10299488
1248,2018-04-25,110.27000,110.53000,108.60000,109.99000,13548246
1249,2018-04-24,111.75000,112.90000,109.59000,110.41000,16453112
1250,2018-04-23,111.57000,111.95000,110.63000,110.93000,11285831
1251,2018-04-20,112.30000,112.74000,110.88000,111.47000,15584384
1252,2018-04-19,109.53000,111.87000,109.50000,111.72000,17910956
1253,2018-04-18,110.53000,111.07000,108.89000,109.32000,16081436
1254,2018-04-17,111.37000,111.92000,109.99000,110.21000,15501350
1255,2018-04-16,110.94000,111.47000,109.79000,110.21000,16580538
1256,2018-04-13,115.02000,115.15000,109.05000,110.30000,39152760
1257,2018-04-12,111.56000,114.39000,111.50000,113.37000,16435523
1258,2018-04-11,111.66000,111.81000,110.52000,110.62000,14503294
1259,2018-04-10,112.13000,112.87000,111.42000,112.51000,14003640
1260,2018-04-09,110.01000,112.98000,109.89000,110.40000,15974349
1261,2018-04-06,110.55000,111.55000,107.82000,109.09000,18906018
1262,2018-04-05,111.63000,112.83000,111.39000,111.88000,16627035
1263,2018-04-04,107.10000,111.21000,107.02000,110.99000,15302608
1264,2018-04-03,108.36000,109.50000,107.26000,109.33000,14050737
1265,2018-04-02,109.96000,110.73000,106.08000,107.85000,18822524
1266,2018-03-29,108.50000,110.78000,107.78000,109.97000,13274639
1267,2018-03-28,108.28000,109.17000,106.65000,108.00000,19189268
1268,2018-03-27,111.07000,111.69000,107.30000,108.17000,18039920
1269,2018-03-26,109.19000,111.16000,108.64000,110.31000,20217468
1270,2018-03-23,110.27000,110.92000,106.76000,107.01000,23081508
1271,2018-03-22,113.20000,113.60000,109.54000,109.95000,22550426
1272,2018-03-21,114.81000,116.63000,114.21000,114.74000,13632983
1273,2018-03-20,114.87000,115.44000,114.44000,114.64000,9921175
1274,2018-03-19,115.10000,115.45000,113.30000,114.53000,13214919
1275,2018-03-16,115.34000,116.60000,115.34000,115.44000,19888948
1276,2018-03-15,115.87000,116.00000,114.83000,115.24000,8747977
1277,2018-03-14,116.56000,116.59000,114.60000,114.95000,12905124
1278,2018-03-13,118.20000,118.47000,115.83000,116.25000,13312340
1279,2018-03-12,118.00000,118.75000,117.25000,117.66000,12339295
1280,2018-03-09,116.55000,118.08000,115.67000,118.04000,15366583
1281,2018-03-08,115.11000,115.23000,113.21000,114.74000,11173721
1282,2018-03-07,113.75000,115.10000,113.11000,114.73000,13006514
1283,2018-03-06,115.64000,115.82000,114.32000,115.16000,10674360
1284,2018-03-05,112.05000,115.92000,111.89000,115.06000,13933039
1285,2018-03-02,112.39000,113.56000,111.12000,113.32000,18353696
1286,2018-03-01,115.48000,116.64000,112.65000,113.43000,18690016
1287,2018-02-28,117.82000,118.49000,115.34000,115.50000,17735636
1288,2018-02-27,118.91000,119.33000,117.35000,117.36000,17563344
1289,2018-02-26,118.14000,118.90000,117.32000,118.77000,16511229
1290,2018-02-23,115.31000,117.39000,115.31000,117.31000,12162523
1291,2018-02-22,115.50000,116.42000,114.76000,114.98000,17070356
1292,2018-02-21,115.00000,117.45000,114.67000,115.19000,14212461
1293,2018-02-20,114.65000,115.39000,113.97000,114.71000,13461495
1294,2018-02-16,114.55000,116.07000,114.50000,114.68000,13214253
1295,2018-02-15,115.74000,115.98000,114.22000,115.51000,12130197
1296,2018-02-14,112.63000,115.27000,112.53000,115.03000,15186858
1297,2018-02-13,111.32000,113.05000,110.80000,112.43000,16358181
1298,2018-02-12,111.17000,112.72000,110.07000,111.74000,18043324
1299,2018-02-09,109.10000,111.05000,106.23000,110.04000,28188028
1300,2018-02-08,113.11000,113.11000,107.84000,107.88000,27425836
1301,2018-02-07,111.55000,114.45000,111.15000,112.87000,21878324
1302,2018-02-06,106.85000,112.48000,106.61000,112.11000,33114832
1303,2018-02-05,113.00000,114.59000,103.98000,108.80000,30097592
1304,2018-02-02,116.49000,116.92000,114.09000,114.28000,16477307
1305,2018-02-01,115.77000,116.98000,115.48000,116.87000,13800613
1306,2018-01-31,115.65000,116.66000,115.16000,115.67000,13141423
1307,2018-01-30,115.53000,116.60000,114.98000,115.11000,14279124
1308,2018-01-29,116.02000,117.35000,116.02000,116.20000,11679919
1309,2018-01-26,115.70000,116.32000,114.96000,116.32000,13883875
1310,2018-01-25,116.04000,116.17000,115.08000,115.70000,13509957
1311,2018-01-24,114.86000,116.00000,114.66000,115.67000,15904504
1312,2018-01-23,113.67000,114.64000,113.35000,114.21000,12320751
1313,2018-01-22,112.66000,114.39000,112.50000,114.33000,12475654
1314,2018-01-19,113.94000,114.34000,112.80000,113.01000,18785468
1315,2018-01-18,112.76000,113.72000,112.27000,113.26000,14572911
1316,2018-01-17,111.89000,113.30000,111.31000,112.99000,14940266
1317,2018-01-16,111.51000,113.43000,111.07000,112.27000,22703336
1318,2018-01-12,111.65000,112.85000,110.84000,112.67000,18884228
1319,2018-01-11,110.67000,110.93000,110.05000,110.84000,13676788
1320,2018-01-10,109.47000,110.70000,109.39000,110.25000,15834468
1321,2018-01-09,108.72000,109.63000,108.49000,109.05000,13292310
1322,2018-01-08,108.15000,108.68000,107.70000,108.50000,12466512
1323,2018-01-05,109.26000,109.55000,107.78000,108.34000,14154974
1324,2018-01-04,108.36000,110.03000,108.20000,109.04000,12953656
1325,2018-01-03,107.86000,108.49000,107.48000,108.06000,11901037
1326,2018-01-02,107.63000,108.02000,106.81000,107.95000,13578835
1327,2017-12-29,108.09000,108.28000,106.94000,106.94000,8925701
1328,2017-12-28,107.40000,107.84000,107.16000,107.79000,7440555
1329,2017-12-27,106.67000,107.29000,106.67000,107.22000,9496548
1330,2017-12-26,107.20000,107.99000,106.40000,107.02000,7403739
1331,2017-12-22,108.20000,108.46000,106.81000,107.45000,14573385
1332,2017-12-21,106.59000,108.07000,106.56000,107.83000,12323670
1333,2017-12-20,107.60000,107.73000,106.09000,106.14000,13091473
1334,2017-12-19,107.35000,107.49000,106.44000,106.51000,12149937
1335,2017-12-18,107.19000,107.63000,106.48000,106.96000,12713148
1336,2017-12-15,105.79000,106.52000,105.20000,106.14000,29350598
1337,2017-12-14,106.12000,106.45000,104.64000,104.66000,13034232
1338,2017-12-13,106.70000,107.11000,105.48000,105.51000,15020293
1339,2017-12-12,105.92000,107.37000,105.54000,106.85000,15508840
1340,2017-12-11,105.72000,106.06000,105.31000,105.62000,10591228
1341,2017-12-08,105.08000,105.94000,104.34000,105.93000,13506869
1342,2017-12-07,103.95000,105.19000,103.73000,104.62000,13371781
1343,2017-12-06,105.41000,105.76000,104.53000,104.93000,15476226
1344,2017-12-05,107.17000,107.41000,104.12000,105.72000,17193948
1345,2017-12-04,107.73000,108.40000,106.77000,106.95000,23576608
1346,2017-12-01,104.90000,105.32000,102.20000,104.79000,19683510
1347,2017-11-30,104.74000,106.66000,104.04000,104.52000,23945890
1348,2017-11-29,102.41000,104.22000,101.96000,103.73000,21105546
1349,2017-11-28,98.21000,101.70000,97.97000,101.36000,16772956
1350,2017-11-27,98.31000,99.13000,97.93000,97.93000,13076207
1351,2017-11-24,98.83000,98.90000,98.26000,98.32000,3680043
1352,2017-11-22,99.03000,99.52000,98.59000,98.64000,7342248
1353,2017-11-21,99.50000,99.55000,98.91000,98.93000,13389407
1354,2017-11-20,98.45000,99.14000,97.76000,99.01000,9483200
1355,2017-11-17,97.82000,98.41000,97.57000,98.14000,9017866
1356,2017-11-16,98.53000,99.06000,98.31000,98.47000,9808033
1357,2017-11-15,96.39000,98.74000,95.95000,98.19000,15384080
1358,2017-11-14,97.34000,97.78000,96.85000,97.27000,11043772
1359,2017-11-13,96.69000,98.05000,96.62000,97.86000,9303072
1360,2017-11-10,97.81000,98.34000,97.50000,97.51000,9314009
1361,2017-11-09,97.12000,98.22000,96.81000,97.63000,13697785
1362,2017-11-08,98.27000,98.37000,97.15000,97.64000,18524672
1363,2017-11-07,100.56000,100.75000,98.25000,98.75000,18822584
1364,2017-11-06,101.34000,101.69000,100.66000,100.78000,8121544
1365,2017-11-03,101.10000,101.53000,100.73000,101.41000,7103513
1366,2017-11-02,100.87000,101.77000,100.16000,101.59000,8731788
1367,2017-11-01,101.10000,101.70000,100.73000,100.92000,8418239
1368,2017-10-31,101.37000,101.70000,100.57000,100.61000,8690197
1369,2017-10-30,101.13000,101.93000,100.87000,101.41000,8839456
1370,2017-10-27,101.43000,102.23000,101.05000,101.77000,10400446
1371,2017-10-26,101.35000,102.42000,101.32000,101.74000,13054361
1372,2017-10-25,101.25000,101.45000,100.19000,101.02000,14632741
1373,2017-10-24,99.88000,101.19000,99.76000,100.92000,13000801
1374,2017-10-23,99.51000,99.99000,99.24000,99.34000,9238624
1375,2017-10-20,99.28000,99.89000,98.73000,99.51000,15326608
1376,2017-10-19,97.19000,98.20000,97.09000,98.11000,9133863
1377,2017-10-18,98.15000,98.55000,97.63000,97.99000,10158626
1378,2017-10-17,98.07000,98.18000,97.32000,97.62000,10335687
1379,2017-10-16,96.34000,97.95000,96.34000,97.84000,12434009
1380,2017-10-13,95.48000,96.71000,94.96000,95.86000,13190576
1381,2017-10-12,97.30000,97.50000,95.62000,95.99000,18251616
1382,2017-10-11,96.83000,97.01000,96.14000,96.84000,14283617
1383,2017-10-10,96.45000,97.18000,96.24000,97.13000,10631527
1384,2017-10-09,96.96000,97.07000,96.14000,96.41000,7765100
1385,2017-10-06,97.55000,97.64000,96.47000,96.92000,10231853
1386,2017-10-05,96.00000,97.40000,95.55000,97.09000,14236219
1387,2017-10-04,97.30000,97.44000,96.28000,96.36000,12166633
1388,2017-10-03,96.83000,97.43000,96.77000,97.35000,9633452
1389,2017-10-02,95.77000,96.88000,95.46000,96.84000,13797213
1390,2017-09-29,95.30000,95.52000,95.02000,95.51000,11438412
1391,2017-09-28,95.59000,95.88000,94.91000,95.38000,10270398
1392,2017-09-27,94.97000,95.72000,94.58000,95.18000,15090226
1393,2017-09-26,93.78000,94.03000,93.34000,93.70000,9358111
1394,2017-09-25,94.51000,94.88000,93.45000,94.12000,10463432
1395,2017-09-22,94.70000,94.98000,94.43000,94.83000,8358310
1396,2017-09-21,94.46000,95.37000,94.19000,95.03000,10851489
1397,2017-09-20,94.10000,95.29000,93.71000,94.60000,15311581
1398,2017-09-19,92.71000,94.36000,92.52000,93.94000,12626131
1399,2017-09-18,91.93000,93.14000,91.85000,92.92000,11318699
1400,2017-09-15,91.08000,91.71000,90.76000,91.62000,18171794
1401,2017-09-14,91.20000,91.53000,90.74000,90.97000,10562826
1402,2017-09-13,90.61000,91.50000,90.32000,91.15000,12485428
1403,2017-09-12,90.17000,91.25000,90.10000,90.89000,14003776
1404,2017-09-11,89.39000,90.25000,88.95000,89.79000,13219047
1405,2017-09-08,88.31000,89.42000,88.24000,88.42000,14242198
1406,2017-09-07,90.11000,90.13000,88.08000,88.53000,14592255
1407,2017-09-06,90.00000,90.52000,89.64000,90.11000,11845663
1408,2017-09-05,91.02000,91.11000,89.02000,89.51000,17031548
1409,2017-09-01,91.25000,92.36000,90.95000,91.70000,9815834
1410,2017-08-31,91.81000,91.85000,90.80000,90.89000,13217404
1411,2017-08-30,91.25000,91.88000,91.19000,91.31000,9165342
1412,2017-08-29,90.45000,91.31000,90.31000,91.10000,10886082
1413,2017-08-28,92.16000,92.19000,91.13000,91.60000,7292915
1414,2017-08-25,91.88000,92.48000,91.80000,91.89000,11794644
1415,2017-08-24,91.93000,92.12000,91.41000,91.52000,8623165
1416,2017-08-23,90.87000,92.34000,90.84000,91.67000,8811292
1417,2017-08-22,91.07000,91.71000,91.00000,91.56000,9211781
1418,2017-08-21,90.85000,90.94000,90.16000,90.63000,11502065
1419,2017-08-18,90.31000,91.54000,90.19000,90.74000,13040738
1420,2017-08-17,91.76000,91.96000,90.50000,90.65000,13837463
1421,2017-08-16,93.04000,93.23000,91.88000,92.09000,11085401
1422,2017-08-15,93.31000,93.56000,92.65000,92.73000,8812720
1423,2017-08-14,92.37000,92.90000,92.33000,92.49000,10994793
1424,2017-08-11,92.13000,92.67000,91.24000,91.42000,10679534
1425,2017-08-10,92.90000,93.07000,92.07000,92.19000,13252269
1426,2017-08-09,92.98000,93.68000,92.83000,93.53000,11214440
1427,2017-08-08,93.95000,95.22000,93.60000,93.68000,13745401
1428,2017-08-07,93.89000,94.19000,93.71000,94.02000,7978339
1429,2017-08-04,93.50000,94.40000,93.47000,93.66000,14323999
1430,2017-08-03,92.70000,93.13000,92.23000,92.50000,11078804
1431,2017-08-02,92.86000,93.21000,92.50000,93.11000,10165604
1432,2017-08-01,92.49000,93.14000,92.28000,93.03000,12523725
1433,2017-07-31,91.51000,92.36000,91.50000,91.80000,11520329
1434,2017-07-28,91.45000,91.75000,90.91000,91.28000,9351915
1435,2017-07-27,91.83000,92.06000,91.16000,91.55000,12332375
1436,2017-07-26,93.10000,93.19000,91.68000,91.93000,11815499
1437,2017-07-25,92.37000,93.52000,92.27000,92.80000,16447678
1438,2017-07-24,90.96000,91.54000,90.91000,91.28000,10725116
1439,2017-07-21,91.06000,91.36000,90.52000,90.89000,10971292
1440,2017-07-20,91.15000,91.72000,90.90000,91.20000,11561740
1441,2017-07-19,91.34000,91.62000,91.00000,91.20000,11651245
1442,2017-07-18,90.45000,91.58000,90.32000,91.07000,14719404
1443,2017-07-17,91.82000,91.99000,91.25000,91.39000,14374219
1444,2017-07-14,90.81000,92.61000,90.58000,92.25000,22235168
1445,2017-07-13,92.69000,93.38000,92.34000,93.10000,12820084
1446,2017-07-12,92.61000,92.83000,92.07000,92.51000,13540107
1447,2017-07-11,93.33000,93.33000,92.28000,92.83000,13262282
1448,2017-07-10,93.50000,93.68000,93.09000,93.19000,13987191
1449,2017-07-07,93.96000,94.17000,93.23000,93.85000,12817808
1450,2017-07-06,93.54000,94.51000,92.88000,93.38000,16596123
1451,2017-07-05,93.12000,93.79000,92.61000,93.68000,17535404
1452,2017-07-03,91.56000,93.48000,91.41000,92.75000,13208087
1453,2017-06-30,91.96000,92.00000,91.16000,91.40000,16892700
1454,2017-06-29,92.34000,92.65000,90.31000,91.15000,27697818
1455,2017-06-28,88.60000,90.07000,88.60000,89.82000,17466176
1456,2017-06-27,87.71000,88.94000,87.50000,88.05000,15415152
1457,2017-06-26,87.01000,87.67000,86.61000,87.24000,10082422
1458,2017-06-23,87.66000,88.00000,86.61000,86.86000,18812028
1459,2017-06-22,86.93000,87.36000,86.65000,87.02000,12180579
1460,2017-06-21,87.48000,87.55000,86.76000,87.12000,10005941
1461,2017-06-20,87.75000,87.92000,87.37000,87.52000,11197809
1462,2017-06-19,86.97000,88.23000,86.85000,88.07000,15972336
1463,2017-06-16,86.85000,86.96000,86.02000,86.18000,16936572
1464,2017-06-15,86.25000,87.08000,86.24000,86.57000,12509682
1465,2017-06-14,86.77000,87.31000,85.82000,87.09000,16175654
1466,2017-06-13,87.55000,87.85000,86.98000,87.27000,12557225
1467,2017-06-12,87.32000,87.74000,86.29000,86.98000,16053405
1468,2017-06-09,85.51000,87.05000,85.39000,86.96000,19120172
1469,2017-06-08,83.91000,85.73000,83.89000,84.95000,17950964
1470,2017-06-07,83.31000,84.11000,83.10000,83.91000,13711071
1471,2017-06-06,82.29000,83.22000,82.13000,82.96000,12196816
1472,2017-06-05,82.64000,83.51000,82.58000,82.79000,9080165
1473,2017-06-02,82.29000,82.99000,81.98000,82.64000,14998489
1474,2017-06-01,82.46000,83.08000,81.65000,83.06000,17123490
1475,2017-05-31,83.73000,83.82000,81.64000,82.15000,28327924
1476,2017-05-30,85.13000,85.15000,83.78000,83.90000,12603176
1477,2017-05-26,85.11000,85.56000,85.02000,85.36000,8113464
1478,2017-05-25,85.99000,86.08000,85.08000,85.35000,12238543
1479,2017-05-24,85.88000,85.97000,85.24000,85.71000,9923251
1480,2017-05-23,84.75000,86.07000,84.51000,85.76000,11753016
1481,2017-05-22,85.18000,85.29000,84.21000,84.70000,11635998
1482,2017-05-19,84.21000,85.34000,84.15000,84.78000,13412878
1483,2017-05-18,84.07000,84.80000,83.36000,83.96000,23350068
1484,2017-05-17,86.11000,86.39000,83.97000,84.27000,24679728
1485,2017-05-16,87.36000,88.09000,87.34000,87.61000,9794968
1486,2017-05-15,87.10000,87.49000,86.86000,87.34000,8835631
1487,2017-05-12,86.68000,87.05000,86.34000,86.92000,8738802
1488,2017-05-11,87.09000,87.48000,86.35000,87.16000,10907382
1489,2017-05-10,86.53000,87.48000,86.47000,87.43000,8334867
1490,2017-05-09,87.26000,87.84000,86.50000,86.75000,10273937
1491,2017-05-08,87.04000,87.32000,86.65000,87.10000,8162209
1492,2017-05-05,87.25000,87.34000,86.42000,87.00000,9436036
1493,2017-05-04,87.69000,87.73000,86.57000,87.10000,11540103
1494,2017-05-03,86.06000,87.10000,86.02000,87.00000,11540536
1495,2017-05-02,86.71000,86.88000,86.02000,86.50000,14414164
1496,2017-05-01,87.36000,87.74000,86.56000,87.06000,15712266
1497,2017-04-28,87.60000,87.85000,86.95000,87.00000,10755629
1498,2017-04-27,88.37000,88.37000,87.01000,87.61000,13329025
1499,2017-04-26,88.35000,89.05000,88.14000,88.43000,12832154
1500,2017-04-25,88.55000,89.13000,88.26000,88.26000,18253752
1501,2017-04-24,86.55000,88.05000,86.42000,87.50000,25468284
1502,2017-04-21,85.50000,85.68000,84.51000,84.52000,19820592
1503,2017-04-20,84.98000,85.78000,84.55000,85.55000,15635808
1504,2017-04-19,85.50000,85.92000,84.36000,84.46000,17588506
1505,2017-04-18,85.36000,85.63000,84.74000,85.16000,14127049
1506,2017-04-17,84.44000,86.08000,84.37000,85.86000,19071650
1507,2017-04-13,85.50000,86.99000,84.40000,84.40000,30529764
1508,2017-04-12,85.93000,85.95000,85.03000,85.40000,14730636
1509,2017-04-11,85.54000,85.79000,84.80000,85.73000,14690492
1510,2017-04-10,86.08000,86.69000,85.40000,85.88000,15081616
1511,2017-04-07,85.93000,86.81000,85.71000,86.18000,13097108
1512,2017-04-06,85.98000,86.91000,85.25000,86.48000,14379588
1513,2017-04-05,88.42000,88.54000,86.13000,86.19000,17635486
1514,2017-04-04,86.89000,87.67000,86.72000,87.31000,14280832
1515,2017-04-03,87.99000,88.17000,86.60000,87.52000,19831778
1516,2017-03-31,88.71000,88.74000,87.75000,87.84000,16987604
1517,2017-03-30,88.20000,89.46000,88.12000,89.03000,11630996
1518,2017-03-29,88.60000,88.82000,88.08000,88.27000,10207578
1519,2017-03-28,87.02000,89.02000,86.98000,88.60000,16264403
1520,2017-03-27,85.53000,87.40000,85.23000,87.24000,16689294
1521,2017-03-24,87.79000,88.09000,86.77000,87.29000,16093237
1522,2017-03-23,87.21000,88.50000,87.09000,87.39000,16090092
1523,2017-03-22,86.89000,88.07000,86.01000,87.53000,21741024
1524,2017-03-21,90.36000,90.64000,87.06000,87.39000,33089240
1525,2017-03-20,90.27000,91.17000,89.79000,90.03000,14623597
1526,2017-03-17,91.83000,92.04000,90.65000,90.68000,21734744
1527,2017-03-16,92.03000,92.81000,91.57000,91.64000,14492039
1528,2017-03-15,91.80000,92.55000,91.13000,91.73000,16601394
1529,2017-03-14,91.02000,91.65000,90.77000,91.51000,10237702
1530,2017-03-13,91.31000,91.78000,90.93000,91.36000,10004297
1531,2017-03-10,91.95000,92.00000,90.53000,91.28000,13729948
1532,2017-03-09,91.60000,92.14000,91.15000,91.57000,13726237
1533,2017-03-08,92.68000,92.85000,91.10000,91.21000,17378400
1534,2017-03-07,91.64000,92.09000,91.21000,91.41000,11156845
1535,2017-03-06,92.25000,92.32000,91.10000,91.92000,15059178
1536,2017-03-03,92.23000,93.11000,92.19000,92.80000,12861607
1537,2017-03-02,93.87000,93.92000,92.03000,92.14000,16862488
1538,2017-03-01,92.79000,93.98000,92.61000,93.60000,24451380
1539,2017-02-28,89.84000,90.82000,89.58000,90.62000,15183542
1540,2017-02-27,90.32000,90.72000,90.02000,90.43000,12360988
1541,2017-02-24,90.18000,90.54000,89.73000,90.33000,15062298
1542,2017-02-23,91.18000,91.34000,90.52000,91.13000,11066952
1543,2017-02-22,90.52000,91.30000,90.42000,91.06000,11838980
1544,2017-02-21,90.51000,91.15000,90.46000,91.01000,14068315
1545,2017-02-17,89.82000,90.47000,89.69000,90.23000,15776589
1546,2017-02-16,90.40000,91.04000,89.77000,90.53000,17672724
1547,2017-02-15,90.08000,90.87000,89.35000,90.59000,17381808
1548,2017-02-14,88.30000,89.70000,88.11000,89.56000,17932086
1549,2017-02-13,87.44000,88.74000,87.43000,88.15000,18739104
1550,2017-02-10,87.48000,87.48000,86.89000,87.00000,10992466
1551,2017-02-09,86.42000,87.33000,86.13000,87.20000,13749123
1552,2017-02-08,86.18000,86.31000,85.37000,85.96000,13970870
1553,2017-02-07,87.14000,87.40000,86.48000,86.72000,9392832
1554,2017-02-06,86.79000,87.45000,86.61000,86.77000,11828416
1555,2017-02-03,86.19000,87.31000,85.86000,87.18000,17885244
1556,2017-02-02,84.34000,84.91000,84.16000,84.59000,11081359
1557,2017-02-01,85.54000,86.10000,84.68000,84.95000,15430940
1558,2017-01-31,85.60000,86.15000,84.09000,84.63000,15655126
1559,2017-01-30,86.19000,86.50000,85.32000,86.03000,13661859
1560,2017-01-27,86.66000,86.98000,86.27000,86.93000,12535420
1561,2017-01-26,85.95000,86.95000,85.95000,86.75000,15962835
1562,2017-01-25,85.84000,86.17000,85.17000,86.03000,17550952
1563,2017-01-24,83.92000,85.00000,83.56000,84.72000,15175319
1564,2017-01-23,83.30000,84.00000,83.20000,83.71000,12179161
1565,2017-01-20,83.43000,83.83000,83.28000,83.67000,18436790
1566,2017-01-19,84.06000,84.67000,83.12000,83.30000,16555554
1567,2017-01-18,83.63000,84.23000,83.03000,83.94000,21270134
1568,2017-01-17,84.93000,85.22000,83.28000,83.55000,30024624
1569,2017-01-13,87.11000,88.17000,86.10000,86.70000,28295984
1570,2017-01-12,86.76000,87.27000,86.02000,86.24000,21337436
1571,2017-01-11,86.43000,87.08000,85.91000,87.08000,14713067
1572,2017-01-10,86.07000,86.90000,85.72000,86.43000,13989033
1573,2017-01-09,85.73000,86.77000,85.52000,86.18000,12806609
1574,2017-01-06,86.39000,86.62000,85.94000,86.12000,12893298
1575,2017-01-05,86.81000,87.11000,85.26000,86.11000,14300816
1576,2017-01-04,86.96000,87.18000,86.40000,86.91000,15266596
1577,2017-01-03,87.34000,87.76000,85.98000,87.23000,20550714
1578,2016-12-30,86.10000,86.42000,85.66000,86.29000,13617776
1579,2016-12-29,86.58000,86.67000,85.04000,85.89000,14689042
1580,2016-12-28,87.16000,87.39000,86.35000,86.50000,9455586
1581,2016-12-27,87.05000,87.16000,86.75000,87.13000,6946360
1582,2016-12-23,87.00000,87.15000,86.40000,87.05000,10759433
1583,2016-12-22,86.44000,87.17000,86.21000,86.89000,13924219
1584,2016-12-21,86.43000,86.81000,86.03000,86.75000,11400484
1585,2016-12-20,85.79000,86.54000,85.55000,86.53000,14587310
1586,2016-12-19,84.80000,85.44000,84.19000,85.43000,21685098
1587,2016-12-16,86.29000,86.29000,84.89000,84.94000,23008520
1588,2016-12-15,85.40000,86.49000,84.90000,86.00000,19438924
1589,2016-12-14,83.88000,86.12000,83.76000,84.73000,22622632
1590,2016-12-13,84.98000,85.67000,83.82000,84.76000,16669046
1591,2016-12-12,85.36000,85.79000,84.29000,84.73000,14511332
1592,2016-12-09,85.02000,85.50000,84.14000,85.49000,14567202
1593,2016-12-08,84.23000,85.50000,83.94000,85.12000,20844852
1594,2016-12-07,83.55000,84.09000,82.85000,84.07000,18996904
1595,2016-12-06,83.60000,83.81000,82.43000,83.69000,16130043
1596,2016-12-05,82.30000,83.29000,82.29000,83.26000,18529840
1597,2016-12-02,81.80000,81.83000,80.90000,81.60000,16931504
1598,2016-12-01,80.65000,82.28000,80.65000,81.79000,23823632
1599,2016-11-30,79.92000,80.53000,79.70000,80.17000,25351900
1600,2016-11-29,78.39000,79.16000,78.39000,78.92000,14144062
1601,2016-11-28,78.18000,78.87000,78.02000,78.32000,13007242
1602,2016-11-25,79.10000,79.45000,78.47000,78.83000,6185719
1603,2016-11-23,78.87000,79.24000,77.89000,78.86000,13401387
1604,2016-11-22,78.34000,78.56000,77.76000,78.53000,14410100
1605,2016-11-21,78.00000,78.17000,77.29000,78.05000,11983529
1606,2016-11-18,77.96000,78.42000,77.55000,77.71000,19769964
1607,2016-11-17,77.93000,78.45000,77.60000,78.02000,19306720
1608,2016-11-16,78.22000,78.35000,76.88000,77.40000,26054926
1609,2016-11-15,78.37000,79.41000,77.78000,79.36000,28126308
1610,2016-11-14,77.25000,80.44000,77.25000,79.51000,46130652
1611,2016-11-11,76.30000,76.72000,75.77000,76.69000,27574324
1612,2016-11-10,74.22000,77.25000,74.22000,76.65000,56192320
1613,2016-11-09,71.46000,74.15000,71.32000,73.25000,50948376
1614,2016-11-08,69.70000,70.55000,69.24000,70.03000,17531748
1615,2016-11-07,69.08000,69.97000,69.00000,69.88000,16515137
1616,2016-11-04,68.49000,68.56000,67.64000,67.76000,13571306
1617,2016-11-03,68.86000,69.19000,68.22000,68.38000,10369670
1618,2016-11-02,68.65000,68.85000,68.01000,68.68000,12449788
1619,2016-11-01,69.48000,69.78000,68.33000,68.97000,15564491
1620,2016-10-31,69.43000,69.58000,69.23000,69.26000,14336299
1621,2016-10-28,69.53000,69.55000,68.47000,69.11000,12766498
1622,2016-10-27,69.49000,69.77000,69.10000,69.23000,14210699
1623,2016-10-26,68.37000,69.25000,68.37000,69.13000,9801266
1624,2016-10-25,68.88000,68.93000,68.38000,68.80000,9945050
1625,2016-10-24,68.97000,69.05000,68.50000,68.87000,10197123
1626,2016-10-21,67.81000,68.53000,67.70000,68.49000,12175674
1627,2016-10-20,68.08000,68.68000,67.94000,68.26000,14122005
1628,2016-10-19,67.81000,68.50000,67.81000,68.35000,12705774
1629,2016-10-18,67.85000,68.21000,67.54000,67.70000,11870286
1630,2016-10-17,67.42000,67.79000,66.73000,67.17000,14963411
1631,2016-10-14,68.80000,69.03000,67.30000,67.52000,24163776
1632,2016-10-13,67.46000,67.87000,66.82000,67.74000,17890046
1633,2016-10-12,68.26000,68.59000,68.05000,68.13000,11899831
1634,2016-10-11,68.50000,68.82000,67.93000,68.31000,15657104
1635,2016-10-10,68.34000,69.06000,68.23000,68.64000,13027466
1636,2016-10-07,67.79000,68.18000,67.40000,68.11000,18497020
1637,2016-10-06,67.73000,67.97000,67.05000,67.87000,17484978
1638,2016-10-05,66.89000,68.07000,66.80000,67.69000,16279971
1639,2016-10-04,66.21000,67.18000,66.10000,66.60000,17226890
1640,2016-10-03,66.35000,66.92000,66.26000,66.51000,14901651
1641,2016-09-30,66.08000,67.06000,66.08000,66.59000,21680092
1642,2016-09-29,66.70000,67.21000,65.35000,65.65000,18727192
1643,2016-09-28,66.58000,66.77000,65.99000,66.71000,11278036
1644,2016-09-27,65.41000,66.41000,65.11000,66.36000,13711386
1645,2016-09-26,66.60000,66.80000,65.54000,65.78000,16408130
1646,2016-09-23,67.39000,67.90000,67.18000,67.25000,13967357
1647,2016-09-22,66.99000,67.42000,66.84000,67.39000,12781744
1648,2016-09-21,66.84000,67.13000,66.31000,66.84000,14116774
1649,2016-09-20,66.75000,66.85000,66.24000,66.46000,10092157
1650,2016-09-19,66.15000,66.64000,65.85000,66.19000,13466874
1651,2016-09-16,66.09000,66.26000,65.44000,65.82000,25161488
1652,2016-09-15,66.29000,66.93000,66.09000,66.64000,12639749
1653,2016-09-14,66.27000,67.25000,66.21000,66.40000,12648595
1654,2016-09-13,66.11000,66.86000,65.82000,66.53000,18876068
1655,2016-09-12,66.14000,67.30000,65.76000,67.06000,16452983
1656,2016-09-09,67.03000,67.43000,66.64000,66.65000,19686876
1657,2016-09-08,67.22000,67.68000,67.00000,67.25000,12252961
1658,2016-09-07,67.16000,67.59000,66.96000,67.16000,10070407
1659,2016-09-06,67.50000,67.55000,66.71000,67.44000,16649371
1660,2016-09-02,67.40000,67.58000,66.98000,67.49000,13720662
1661,2016-09-01,67.64000,67.72000,66.65000,67.21000,12226517
1662,2016-08-31,67.46000,67.77000,66.86000,67.50000,14952329
1663,2016-08-30,66.96000,67.59000,66.95000,67.50000,13791151
1664,2016-08-29,66.49000,67.10000,66.46000,66.95000,14583145
1665,2016-08-26,66.33000,66.88000,65.84000,66.22000,14038597
1666,2016-08-25,65.91000,66.14000,65.79000,66.07000,9978651
1667,2016-08-24,65.99000,66.23000,65.77000,65.95000,10167204
1668,2016-08-23,66.07000,66.34000,65.76000,65.77000,8949607
1669,2016-08-22,65.75000,65.88000,65.41000,65.80000,9055631
1670,2016-08-19,65.72000,65.91000,65.22000,65.86000,9084877
1671,2016-08-18,65.62000,65.99000,65.53000,65.95000,9313621
1672,2016-08-17,65.80000,65.98000,65.54000,65.89000,11868065
1673,2016-08-16,65.36000,65.96000,65.24000,65.71000,10128856
1674,2016-08-15,65.56000,65.83000,65.46000,65.72000,8371557
1675,2016-08-12,64.97000,65.35000,64.86000,65.32000,7685383
1676,2016-08-11,65.27000,65.69000,65.02000,65.46000,9604549
1677,2016-08-10,65.92000,66.07000,65.16000,65.28000,11556086
1678,2016-08-09,66.18000,66.28000,65.69000,65.87000,10096971
1679,2016-08-08,66.07000,66.48000,65.84000,66.10000,11359174
1680,2016-08-05,65.14000,66.37000,65.07000,66.30000,20752730
1681,2016-08-04,64.49000,64.81000,64.27000,64.56000,9873007
1682,2016-08-03,63.69000,64.67000,63.65000,64.66000,13122345
1683,2016-08-02,63.59000,64.01000,63.38000,63.65000,13550022
1684,2016-08-01,64.15000,64.31000,63.61000,63.80000,11422601
1685,2016-07-29,63.80000,64.29000,63.75000,63.97000,13210412
1686,2016-07-28,64.00000,64.19000,63.72000,64.10000,10013424
1687,2016-07-27,64.08000,64.69000,64.06000,64.33000,11806756
1688,2016-07-26,63.98000,64.26000,63.71000,64.13000,8067766
1689,2016-07-25,63.98000,64.17000,63.67000,63.87000,8168252
1690,2016-07-22,63.90000,64.09000,63.60000,64.04000,8195688
1691,2016-07-21,64.00000,64.18000,63.63000,63.69000,9952750
1692,2016-07-20,64.11000,64.23000,63.71000,63.93000,10411068
1693,2016-07-19,63.61000,64.10000,63.46000,63.86000,9737390
1694,2016-07-18,64.13000,64.40000,63.90000,63.96000,10824364
1695,2016-07-15,64.75000,64.80000,63.61000,64.18000,17607090
1696,2016-07-14,64.74000,64.98000,64.05000,64.12000,28985936
1697,2016-07-13,63.08000,63.43000,62.64000,63.16000,18526932
1698,2016-07-12,63.03000,63.56000,62.89000,63.20000,16588124
1699,2016-07-11,62.42000,62.95000,62.14000,62.27000,13151438
1700,2016-07-08,61.33000,62.17000,61.33000,61.83000,16998814
1701,2016-07-07,60.52000,61.14000,60.16000,60.58000,13771417
1702,2016-07-06,59.01000,60.29000,58.76000,60.19000,20429800
1703,2016-07-05,60.45000,60.60000,59.10000,59.55000,23357694
1704,2016-07-01,61.52000,62.01000,61.16000,61.26000,14217796
1705,2016-06-30,61.63000,62.19000,61.02000,62.14000,21343616
1706,2016-06-29,60.36000,61.21000,60.00000,61.20000,21483012
1707,2016-06-28,59.19000,59.55000,58.26000,59.52000,29088740
1708,2016-06-27,58.71000,58.75000,57.05000,57.61000,37925292
1709,2016-06-24,60.48000,61.70000,59.34000,59.60000,44108712
1710,2016-06-23,63.70000,64.15000,63.53000,64.05000,16583609
1711,2016-06-22,62.95000,63.71000,62.68000,62.71000,12643492
1712,2016-06-21,62.73000,63.00000,62.14000,62.95000,11611632
1713,2016-06-20,63.45000,63.85000,62.34000,62.37000,12213239
1714,2016-06-17,62.30000,62.71000,61.93000,62.28000,15751497
1715,2016-06-16,61.45000,62.30000,60.90000,62.22000,16791228
1716,2016-06-15,62.41000,62.98000,61.91000,61.97000,16982140
1717,2016-06-14,62.68000,63.47000,61.68000,62.08000,19509322
1718,2016-06-13,63.48000,64.34000,63.26000,63.27000,14382759
1719,2016-06-10,63.93000,64.07000,63.58000,63.84000,16678358
1720,2016-06-09,64.79000,64.90000,64.27000,64.75000,10817761
1721,2016-06-08,64.93000,65.48000,64.92000,65.25000,9428013
1722,2016-06-07,65.45000,65.74000,65.04000,65.06000,9924106
1723,2016-06-06,64.64000,65.76000,64.60000,65.28000,13193497
1724,2016-06-03,64.25000,64.86000,63.55000,64.64000,20261680
1725,2016-06-02,65.52000,65.81000,65.16000,65.81000,10637550
1726,2016-06-01,64.76000,65.92000,64.26000,65.69000,14031018
1727,2016-05-31,65.73000,65.82000,64.96000,65.27000,15139407
1728,2016-05-27,65.21000,65.46000,65.05000,65.43000,10116014
1729,2016-05-26,65.57000,65.58000,64.91000,65.03000,9428352
1730,2016-05-25,64.94000,66.20000,64.92000,65.52000,18936696
1731,2016-05-24,63.94000,64.77000,63.81000,64.54000,13839390
1732,2016-05-23,63.45000,63.87000,63.16000,63.46000,9347540
1733,2016-05-20,63.86000,64.19000,63.37000,63.51000,11862030
1734,2016-05-19,63.53000,64.22000,62.90000,63.39000,16076159
1735,2016-05-18,61.70000,64.17000,61.69000,64.04000,24052314
1736,2016-05-17,61.43000,62.16000,61.15000,61.66000,12180930
1737,2016-05-16,61.21000,61.98000,61.00000,61.66000,10951344
1738,2016-05-13,61.70000,62.40000,61.02000,61.20000,15122325
1739,2016-05-12,62.27000,62.56000,61.37000,61.77000,11071679
1740,2016-05-11,61.97000,62.60000,61.81000,61.81000,11254047
1741,2016-05-10,61.55000,62.26000,61.35000,62.04000,11897151
1742,2016-05-09,61.37000,61.89000,61.05000,61.21000,11197141
1743,2016-05-06,60.70000,61.68000,60.59000,61.60000,11057877
1744,2016-05-05,61.60000,61.99000,61.06000,61.24000,14033862
1745,2016-05-04,61.75000,62.26000,61.27000,61.57000,17030240
1746,2016-05-03,62.90000,62.91000,61.80000,62.56000,19120338
1747,2016-05-02,63.69000,64.00000,63.14000,63.79000,10247330
1748,2016-04-29,63.09000,63.61000,62.70000,63.20000,16376353
1749,2016-04-28,63.64000,64.42000,63.35000,63.60000,12852527
1750,2016-04-27,63.86000,64.64000,63.60000,64.11000,15284125
1751,2016-04-26,63.81000,64.07000,63.33000,63.93000,12048042
1752,2016-04-25,63.60000,63.95000,63.15000,63.60000,10687190
1753,2016-04-22,63.64000,64.38000,63.64000,63.97000,12444665
1754,2016-04-21,64.26000,64.66000,63.34000,63.60000,15395776
1755,2016-04-20,63.48000,64.31000,63.15000,64.24000,14594439
1756,2016-04-19,62.55000,63.48000,62.55000,63.32000,19255616
1757,2016-04-18,61.64000,62.58000,61.53000,62.27000,13813072
1758,2016-04-15,62.88000,62.90000,61.45000,61.87000,19290708
1759,2016-04-14,61.69000,62.91000,61.60000,62.59000,24249920
1760,2016-04-13,60.48000,62.16000,60.38000,61.79000,37516776
1761,2016-04-12,58.34000,59.39000,58.20000,59.28000,17779234
1762,2016-04-11,57.91000,58.88000,57.91000,58.20000,17627802
1763,2016-04-08,57.71000,58.58000,57.69000,57.74000,13547667
1764,2016-04-07,58.26000,58.43000,57.06000,57.32000,19226796
1765,2016-04-06,58.18000,58.88000,57.95000,58.81000,12167852
1766,2016-04-05,58.59000,58.83000,58.21000,58.36000,12886615
1767,2016-04-04,59.44000,59.56000,58.96000,59.20000,12305028
1768,2016-04-01,59.02000,60.06000,58.56000,59.87000,15417527
1769,2016-03-31,59.45000,59.93000,59.11000,59.22000,14904715
1770,2016-03-30,59.46000,60.23000,59.38000,59.71000,13307142
1771,2016-03-29,59.33000,59.33000,58.53000,59.03000,15933428
1772,2016-03-28,59.53000,59.75000,59.18000,59.40000,11159717
1773,2016-03-24,59.30000,59.51000,58.87000,59.48000,12921194
1774,2016-03-23,60.34000,60.51000,59.86000,59.94000,11658691
1775,2016-03-22,59.99000,60.58000,59.62000,60.24000,12042664
1776,2016-03-21,60.22000,60.82000,59.96000,60.46000,12684403
1777,2016-03-18,60.05000,60.97000,59.66000,60.48000,29570210
1778,2016-03-17,58.77000,59.13000,57.99000,58.75000,19405736
1779,2016-03-16,58.98000,59.75000,58.47000,58.92000,17423930
1780,2016-03-15,58.54000,59.21000,58.43000,59.20000,10910468
1781,2016-03-14,59.15000,59.31000,58.60000,59.12000,13436139
1782,2016-03-11,59.39000,59.51000,58.65000,59.34000,21054992
1783,2016-03-10,59.59000,59.67000,57.81000,58.61000,21139208
1784,2016-03-09,59.15000,59.54000,58.68000,59.12000,13238828
1785,2016-03-08,59.21000,59.50000,58.68000,58.78000,14132879
1786,2016-03-07,59.54000,60.05000,59.32000,59.94000,12832395
1787,2016-03-04,60.10000,60.55000,59.53000,60.05000,18459014
1788,2016-03-03,59.58000,59.96000,59.10000,59.96000,15790644
1789,2016-03-02,59.20000,59.90000,58.96000,59.76000,20943122
1790,2016-03-01,56.76000,59.20000,56.67000,59.20000,23958080
1791,2016-02-29,57.41000,57.60000,56.29000,56.30000,19554052
1792,2016-02-26,57.64000,58.11000,57.14000,57.54000,20947508
1793,2016-02-25,56.13000,57.03000,56.04000,57.01000,14473275
1794,2016-02-24,55.20000,56.21000,54.33000,56.14000,25560096
1795,2016-02-23,57.90000,58.09000,55.96000,56.12000,31772544
1796,2016-02-22,58.51000,58.88000,58.42000,58.57000,14882763
1797,2016-02-19,57.50000,58.17000,57.08000,57.82000,15658190
1798,2016-02-18,58.84000,58.86000,57.25000,57.81000,17037776
1799,2016-02-17,58.85000,59.25000,58.39000,58.77000,21580108
1800,2016-02-16,58.23000,58.60000,57.64000,58.35000,23730688
1801,2016-02-12,55.65000,57.57000,55.17000,57.49000,37011352
1802,2016-02-11,53.90000,53.91000,52.50000,53.07000,44334660
1803,2016-02-10,56.57000,57.41000,55.47000,55.52000,22389590
1804,2016-02-09,55.29000,56.69000,55.13000,56.20000,26300048
1805,2016-02-08,56.69000,56.92000,55.53000,56.54000,28267600
1806,2016-02-05,58.58000,59.14000,57.42000,57.75000,22001260
1807,2016-02-04,57.06000,58.52000,57.06000,58.40000,21651256
1808,2016-02-03,57.37000,57.80000,55.02000,57.41000,31543220
1809,2016-02-02,57.88000,57.98000,56.75000,57.03000,22448152
1810,2016-02-01,59.16000,59.65000,58.44000,58.86000,16807936
1811,2016-01-29,57.83000,59.54000,57.51000,59.50000,26992200
1812,2016-01-28,57.52000,57.97000,56.63000,57.28000,15497866
1813,2016-01-27,57.08000,58.27000,56.56000,57.04000,20559960
1814,2016-01-26,55.85000,57.15000,55.81000,57.08000,17535732
1815,2016-01-25,56.48000,56.85000,55.60000,55.66000,21114360
1816,2016-01-22,56.44000,57.16000,56.30000,56.95000,22732188
1817,2016-01-21,55.74000,56.52000,55.06000,55.25000,31301088
1818,2016-01-20,55.63000,56.18000,54.66000,55.51000,34646084
1819,2016-01-19,57.73000,57.97000,56.51000,57.01000,22818920
1820,2016-01-15,56.45000,57.57000,56.22000,57.04000,38131656
1821,2016-01-14,58.16000,59.38000,57.29000,58.20000,31296332
1822,2016-01-13,59.46000,59.67000,56.91000,57.34000,28808128
1823,2016-01-12,59.45000,59.56000,58.10000,58.96000,22971612
1824,2016-01-11,58.83000,59.22000,58.04000,58.83000,20925528
1825,2016-01-08,61.13000,61.27000,58.85000,58.92000,22373288
1826,2016-01-07,61.46000,62.00000,60.08000,60.27000,27630868
1827,2016-01-06,62.72000,63.12000,62.34000,62.81000,22961532
1828,2016-01-05,63.70000,64.13000,63.04000,63.73000,16566703
1829,2016-01-04,63.95000,64.06000,63.01000,63.62000,25393156
1830,2015-12-31,66.19000,66.78000,66.00000,66.03000,14654329
1831,2015-12-30,67.04000,67.05000,66.45000,66.59000,7190650
1832,2015-12-29,66.84000,67.30000,66.74000,67.07000,9820830
1833,2015-12-28,66.29000,66.45000,65.71000,66.38000,6610609
1834,2015-12-24,66.62000,66.89000,66.32000,66.60000,4468242
1835,2015-12-23,66.12000,66.85000,66.05000,66.73000,12524453
1836,2015-12-22,65.92000,66.00000,64.98000,65.68000,12149529
1837,2015-12-21,65.02000,65.56000,64.83000,65.54000,18869296
1838,2015-12-18,65.97000,65.97000,64.40000,64.40000,23819644
1839,2015-12-17,67.90000,68.00000,66.08000,66.28000,18122090
1840,2015-12-16,66.91000,67.74000,65.91000,67.53000,21720024
1841,2015-12-15,65.07000,66.65000,65.07000,66.10000,18126588
1842,2015-12-14,64.23000,64.75000,63.60000,64.27000,17638160
1843,2015-12-11,64.80000,65.16000,63.51000,64.07000,17889292
1844,2015-12-10,65.54000,66.50000,65.08000,65.61000,12838986
1845,2015-12-09,65.61000,66.58000,65.04000,65.46000,16770188
1846,2015-12-08,66.25000,66.96000,65.70000,65.96000,13084484
1847,2015-12-07,67.66000,67.75000,66.40000,67.00000,11686033
1848,2015-12-04,66.10000,68.00000,66.03000,67.89000,17786044
1849,2015-12-03,66.83000,67.03000,65.58000,65.80000,14626881
1850,2015-12-02,67.83000,67.88000,66.48000,66.66000,13440883
1851,2015-12-01,67.34000,67.83000,66.99000,67.61000,12708809
1852,2015-11-30,67.28000,67.52000,66.68000,66.68000,15147536
1853,2015-11-27,67.00000,67.33000,66.64000,67.17000,4052853
1854,2015-11-25,66.93000,67.12000,66.55000,66.86000,7772026
1855,2015-11-24,66.17000,67.14000,66.04000,66.78000,10910042
1856,2015-11-23,67.31000,67.58000,66.78000,66.88000,11338963
1857,2015-11-20,67.99000,68.11000,67.38000,67.54000,11209616
1858,2015-11-19,67.58000,67.82000,67.04000,67.66000,12839462
1859,2015-11-18,66.48000,67.55000,66.37000,67.45000,12911408
1860,2015-11-17,66.67000,66.74000,65.89000,66.13000,12354839
1861,2015-11-16,65.46000,66.58000,65.17000,66.51000,11041106
1862,2015-11-13,65.84000,66.17000,65.23000,65.56000,11836959
1863,2015-11-12,66.86000,66.90000,65.95000,66.00000,13576850
1864,2015-11-11,68.10000,68.17000,67.25000,67.35000,8513925
1865,2015-11-10,67.19000,67.85000,66.93000,67.68000,13239736
1866,2015-11-09,68.70000,68.72000,67.08000,67.39000,17143832
1867,2015-11-06,68.37000,69.03000,68.10000,68.46000,23262748
1868,2015-11-05,65.79000,66.67000,65.75000,66.44000,12715877
1869,2015-11-04,66.01000,66.15000,65.63000,65.85000,11388422
1870,2015-11-03,65.29000,66.10000,65.17000,65.78000,11519476
1871,2015-11-02,64.45000,65.75000,64.39000,65.54000,15253302
1872,2015-10-30,65.30000,65.34000,64.13000,64.25000,15731415
1873,2015-10-29,65.26000,65.83000,64.88000,65.21000,12753676
1874,2015-10-28,63.70000,65.74000,63.69000,65.50000,17962014
1875,2015-10-27,63.53000,63.86000,63.31000,63.64000,8831862
1876,2015-10-26,63.84000,63.99000,63.41000,63.90000,13880244
1877,2015-10-23,63.63000,64.19000,63.50000,63.87000,16985220
1878,2015-10-22,62.42000,63.58000,62.42000,63.19000,15295681
1879,2015-10-21,62.88000,62.96000,62.05000,62.06000,12173278
1880,2015-10-20,62.36000,62.81000,62.08000,62.52000,11545128
1881,2015-10-19,62.00000,62.77000,61.91000,62.22000,14510389
1882,2015-10-16,62.43000,62.65000,62.09000,62.43000,17456576
1883,2015-10-15,60.47000,61.96000,60.10000,61.89000,18147872
1884,2015-10-14,60.76000,60.97000,59.54000,59.99000,28989352
1885,2015-10-13,61.39000,62.16000,61.31000,61.55000,15621860
1886,2015-10-12,61.84000,62.01000,61.40000,61.72000,10857374
1887,2015-10-09,62.39000,62.55000,61.58000,61.93000,12112022
1888,2015-10-08,61.85000,62.25000,61.43000,62.13000,13964567
1889,2015-10-07,62.55000,63.03000,61.76000,62.13000,12818858
1890,2015-10-06,62.11000,62.36000,61.62000,62.05000,12134800
1891,2015-10-05,61.24000,62.24000,61.22000,62.02000,13471119
1892,2015-10-02,59.59000,60.86000,58.53000,60.81000,20435078
1893,2015-10-01,61.12000,61.87000,60.54000,61.42000,16863216
1894,2015-09-30,60.70000,61.00000,60.11000,60.97000,18743808
1895,2015-09-29,59.98000,60.13000,58.73000,59.84000,19334948
1896,2015-09-28,60.92000,61.01000,59.69000,59.98000,17452208
1897,2015-09-25,61.27000,61.86000,60.87000,61.47000,18384296
1898,2015-09-24,60.01000,60.38000,59.46000,60.22000,17293388
1899,2015-09-23,60.80000,61.15000,60.32000,60.64000,11712247
1900,2015-09-22,60.60000,61.09000,60.42000,60.91000,14811862
1901,2015-09-21,61.52000,61.91000,61.08000,61.45000,13136377
1902,2015-09-18,61.83000,61.83000,60.78000,60.94000,31008000
1903,2015-09-17,64.14000,64.64000,62.39000,62.65000,21249200
1904,2015-09-16,63.89000,64.29000,63.21000,64.14000,12235935
1905,2015-09-15,62.76000,63.89000,62.51000,63.58000,14023503
1906,2015-09-14,62.64000,62.69000,62.12000,62.38000,10202787
1907,2015-09-11,62.38000,62.66000,61.99000,62.56000,12766683
1908,2015-09-10,61.86000,62.99000,61.45000,62.66000,15751110
1909,2015-09-09,63.94000,64.34000,62.00000,62.18000,13889457
1910,2015-09-08,62.77000,63.20000,62.33000,63.16000,13385051
1911,2015-09-04,61.80000,61.92000,60.75000,61.50000,20188952
1912,2015-09-03,62.88000,63.66000,62.45000,62.68000,17065376
1913,2015-09-02,62.62000,62.91000,61.54000,62.57000,17757900
1914,2015-09-01,62.85000,62.85000,60.99000,61.45000,23637264
1915,2015-08-31,63.61000,64.35000,63.47000,64.10000,14223416
1916,2015-08-28,64.29000,64.46000,63.60000,64.13000,16687313
1917,2015-08-27,63.98000,64.73000,63.13000,64.48000,29045692
1918,2015-08-26,61.80000,62.98000,60.55000,62.91000,33576824
1919,2015-08-25,63.10000,63.32000,59.73000,59.91000,31772532
1920,2015-08-24,59.29000,62.92000,50.07000,60.25000,36339088
1921,2015-08-21,65.09000,65.44000,63.57000,63.60000,28235460
1922,2015-08-20,66.81000,67.04000,65.94000,65.94000,20972302
1923,2015-08-19,67.93000,68.31000,67.36000,67.60000,15198203
1924,2015-08-18,67.98000,68.36000,67.84000,68.21000,10617481
1925,2015-08-17,67.62000,68.24000,67.40000,68.07000,10326540
1926,2015-08-14,67.42000,67.91000,67.40000,67.89000,11248813
1927,2015-08-13,67.25000,67.80000,66.97000,67.55000,11930623
1928,2015-08-12,67.41000,67.55000,66.07000,67.24000,21150052
1929,2015-08-11,68.23000,68.40000,67.85000,68.23000,14800333
1930,2015-08-10,68.22000,69.00000,68.22000,68.89000,12661440
1931,2015-08-07,68.33000,68.74000,67.55000,68.05000,11453310
1932,2015-08-06,68.75000,68.94000,68.00000,68.25000,10803363
1933,2015-08-05,69.05000,69.42000,68.56000,68.73000,11302860
1934,2015-08-04,68.47000,68.95000,68.31000,68.46000,10963966
1935,2015-08-03,68.59000,68.84000,68.00000,68.53000,9980587
1936,2015-07-31,69.01000,69.04000,68.40000,68.53000,11911818
1937,2015-07-30,68.93000,69.45000,68.54000,69.04000,10197182
1938,2015-07-29,68.32000,69.10000,68.16000,68.94000,13059190
1939,2015-07-28,68.55000,68.60000,67.77000,68.05000,14932360
1940,2015-07-27,68.15000,68.22000,67.57000,68.01000,16801564
1941,2015-07-24,69.44000,69.56000,68.68000,68.91000,12413896
1942,2015-07-23,70.19000,70.61000,69.46000,69.64000,14331837
1943,2015-07-22,69.28000,70.29000,69.20000,70.08000,15493019
1944,2015-07-21,69.16000,69.54000,68.87000,69.10000,11659915
1945,2015-07-20,69.50000,69.77000,69.18000,69.26000,11512894
1946,2015-07-17,69.35000,69.49000,68.92000,69.21000,14040686
1947,2015-07-16,69.63000,69.95000,69.41000,69.56000,18035652
1948,2015-07-15,69.23000,69.43000,68.85000,69.19000,16891606
1949,2015-07-14,67.98000,69.10000,67.76000,69.04000,20185118
1950,2015-07-13,67.89000,68.14000,67.68000,68.09000,16175638
1951,2015-07-10,67.22000,67.40000,66.83000,67.05000,12356059
1952,2015-07-09,66.49000,66.70000,65.99000,66.11000,14984705
1953,2015-07-08,66.00000,66.16000,65.20000,65.43000,17707242
1954,2015-07-07,67.09000,67.22000,65.30000,66.80000,22421484
1955,2015-07-06,66.88000,67.46000,66.54000,67.33000,13527098
1956,2015-07-02,67.95000,68.13000,67.19000,67.52000,12822941
1957,2015-07-01,68.12000,68.39000,67.78000,68.07000,13964423
1958,2015-06-30,67.89000,68.11000,67.16000,67.76000,20677358
1959,2015-06-29,67.68000,68.26000,67.16000,67.20000,19934416
1960,2015-06-26,68.94000,69.29000,68.77000,68.95000,14489159
1961,2015-06-25,69.32000,69.47000,68.64000,68.65000,13314291
1962,2015-06-24,69.51000,69.77000,68.91000,69.02000,16995032
1963,2015-06-23,69.35000,69.82000,69.19000,69.75000,15736884
1964,2015-06-22,68.87000,69.29000,68.75000,68.96000,14306669
1965,2015-06-19,68.46000,68.67000,67.92000,68.08000,21606384
1966,2015-06-18,68.35000,68.82000,67.90000,68.78000,16759603
1967,2015-06-17,68.41000,68.68000,68.03000,68.14000,14521889
1968,2015-06-16,67.77000,68.52000,67.62000,68.37000,11692849
1969,2015-06-15,67.58000,68.21000,67.30000,67.99000,14082323
1970,2015-06-12,68.31000,68.54000,67.87000,68.25000,11804741
1971,2015-06-11,68.36000,68.68000,68.15000,68.52000,13739872
1972,2015-06-10,67.59000,68.50000,67.47000,68.26000,17478898
1973,2015-06-09,66.95000,67.27000,66.47000,67.18000,13263493
1974,2015-06-08,67.46000,67.55000,66.81000,66.89000,14558660
1975,2015-06-05,67.37000,67.84000,67.01000,67.42000,20801140
1976,2015-06-04,66.31000,67.05000,66.01000,66.33000,13863283
1977,2015-06-03,66.43000,67.13000,66.27000,66.70000,12927263
1978,2015-06-02,65.83000,66.39000,65.58000,66.02000,12784152
1979,2015-06-01,65.99000,66.66000,65.97000,66.08000,11899261
1980,2015-05-29,66.18000,66.22000,65.36000,65.78000,14310723
1981,2015-05-28,66.36000,66.40000,65.74000,66.20000,11797444
1982,2015-05-27,65.95000,66.65000,65.82000,66.47000,10963652
1983,2015-05-26,66.20000,66.29000,65.31000,65.73000,15571327
1984,2015-05-22,66.63000,66.83000,66.32000,66.47000,9296939
1985,2015-05-21,66.14000,66.68000,66.01000,66.65000,12934474
1986,2015-05-20,66.95000,67.03000,66.40000,66.48000,12446012
1987,2015-05-19,66.77000,67.19000,66.57000,67.01000,14282994
1988,2015-05-18,65.80000,66.54000,65.80000,66.42000,10510893
1989,2015-05-15,66.13000,66.16000,65.44000,65.88000,11152125
1990,2015-05-14,65.83000,66.18000,65.71000,66.05000,11855518
1991,2015-05-13,65.42000,65.63000,65.06000,65.52000,11874274
1992,2015-05-12,65.31000,65.54000,64.76000,65.36000,12762234
1993,2015-05-11,65.26000,65.64000,65.08000,65.45000,13799675
1994,2015-05-08,64.97000,65.65000,64.60000,65.49000,16802612
1995,2015-05-07,63.67000,64.59000,63.25000,64.50000,15039936
1996,2015-05-06,64.53000,65.07000,63.42000,63.92000,18087852
1997,2015-05-05,64.51000,65.32000,64.29000,64.40000,17692368
1998,2015-05-04,63.68000,64.87000,63.64000,64.72000,14972462
1999,2015-05-01,63.70000,63.87000,63.33000,63.61000,11640805
2000,2015-04-30,63.58000,63.88000,62.92000,63.26000,16840864
2001,2015-04-29,62.56000,63.89000,62.46000,63.60000,17601216
2002,2015-04-28,62.49000,62.78000,61.77000,62.76000,12307828
2003,2015-04-27,62.70000,63.15000,62.31000,62.34000,11146409
2004,2015-04-24,62.63000,62.84000,62.34000,62.60000,9597525
2005,2015-04-23,62.79000,63.21000,62.60000,62.80000,12851257
2006,2015-04-22,62.65000,63.15000,62.03000,62.94000,14484658
2007,2015-04-21,63.33000,63.60000,62.13000,62.31000,14985119
2008,2015-04-20,63.22000,63.52000,63.14000,63.24000,12755309
2009,2015-04-17,63.25000,63.40000,62.49000,62.84000,20221236
2010,2015-04-16,64.08000,64.27000,63.66000,63.81000,16640454
2011,2015-04-15,63.08000,64.48000,63.01000,64.21000,28732224
2012,2015-04-14,62.96000,63.61000,62.74000,63.04000,33775408
2013,2015-04-13,61.64000,62.27000,61.50000,62.07000,15468702
2014,2015-04-10,61.35000,61.78000,61.20000,61.70000,9869670
2015,2015-04-09,61.27000,61.58000,60.83000,61.47000,11728495
2016,2015-04-08,61.06000,61.56000,60.94000,61.05000,11733950
2017,2015-04-07,61.15000,61.50000,60.85000,60.85000,11505503
2018,2015-04-06,59.92000,60.75000,59.65000,60.47000,12025243
2019,2015-04-02,60.07000,60.70000,60.00000,60.52000,12697771
2020,2015-04-01,60.41000,60.57000,59.73000,59.95000,18100588
2021,2015-03-31,60.72000,60.94000,60.42000,60.58000,17346668
2022,2015-03-30,60.88000,61.46000,60.61000,60.96000,20656524
2023,2015-03-27,59.49000,59.78000,59.00000,59.55000,11755819
2024,2015-03-26,59.46000,59.79000,58.87000,59.54000,14039559
2025,2015-03-25,60.53000,60.64000,59.59000,59.61000,14950859
2026,2015-03-24,60.97000,61.24000,60.45000,60.46000,12128693
2027,2015-03-23,61.75000,62.08000,61.12000,61.14000,15112872
2028,2015-03-20,61.32000,62.10000,61.15000,61.75000,18368348
2029,2015-03-19,61.57000,61.65000,60.76000,61.20000,11523785
2030,2015-03-18,61.39000,62.05000,61.09000,61.75000,15697854
2031,2015-03-17,61.34000,61.66000,60.92000,61.61000,11718327
2032,2015-03-16,61.50000,61.92000,61.25000,61.85000,15182859
2033,2015-03-13,61.40000,61.86000,60.43000,61.00000,16506155
2034,2015-03-12,60.65000,61.45000,60.65000,61.37000,18159558
2035,2015-03-11,60.13000,60.65000,59.95000,60.24000,13015567
2036,2015-03-10,60.76000,61.01000,59.96000,59.96000,16357724
2037,2015-03-09,60.84000,61.63000,60.80000,61.50000,13001473
2038,2015-03-06,62.16000,62.87000,60.80000,60.89000,22719176
2039,2015-03-05,62.20000,62.23000,61.60000,62.00000,10931262
2040,2015-03-04,61.64000,62.17000,61.35000,62.13000,16626413
2041,2015-03-03,61.65000,61.99000,61.50000,61.97000,13707655
2042,2015-03-02,61.24000,61.83000,61.03000,61.77000,13047328
2043,2015-02-27,61.13000,61.92000,61.13000,61.28000,15225935
2044,2015-02-26,61.03000,61.70000,60.91000,61.58000,15444802
2045,2015-02-25,60.76000,61.27000,60.75000,61.14000,18307912
2046,2015-02-24,60.25000,61.25000,60.08000,60.82000,22937700
2047,2015-02-23,59.50000,59.53000,58.80000,59.35000,16814000
2048,2015-02-20,58.96000,59.89000,58.35000,59.80000,15379042
2049,2015-02-19,59.15000,59.48000,58.80000,59.23000,11256543
2050,2015-02-18,59.79000,59.83000,59.12000,59.37000,14278117
2051,2015-02-17,59.36000,60.14000,59.31000,60.10000,15308763
2052,2015-02-13,59.46000,60.22000,59.34000,59.67000,16479114
2053,2015-02-12,58.93000,59.71000,58.55000,59.57000,23211328
2054,2015-02-11,58.06000,58.66000,57.84000,58.37000,13061925
2055,2015-02-10,58.42000,58.71000,58.05000,58.46000,16367266
2056,2015-02-09,57.42000,58.09000,57.23000,57.82000,14372365
2057,2015-02-06,57.75000,58.73000,57.54000,57.89000,25214000
2058,2015-02-05,56.86000,57.04000,56.46000,56.77000,11293901
2059,2015-02-04,56.32000,57.07000,56.28000,56.38000,14934076
2060,2015-02-03,55.91000,56.78000,55.87000,56.72000,18812500
2061,2015-02-02,54.53000,55.65000,54.27000,55.47000,20308884
2062,2015-01-30,54.99000,55.49000,54.37000,54.38000,26943712
2063,2015-01-29,55.27000,55.89000,54.68000,55.67000,20393264
2064,2015-01-28,56.62000,56.68000,54.75000,54.75000,24354354
2065,2015-01-27,56.05000,56.61000,55.76000,56.20000,15220526
2066,2015-01-26,56.41000,56.99000,56.20000,56.77000,12577658
2067,2015-01-23,57.72000,57.87000,56.66000,56.68000,15458254
2068,2015-01-22,56.38000,57.73000,55.95000,57.59000,31423538
2069,2015-01-21,55.45000,56.42000,55.19000,55.89000,21842362
2070,2015-01-20,56.04000,56.39000,55.42000,55.71000,23477688
2071,2015-01-16,54.66000,56.00000,54.64000,55.93000,29368910
2072,2015-01-15,55.73000,56.61000,54.50000,54.99000,42458144
2073,2015-01-14,56.91000,57.00000,55.27000,56.81000,49602312
2074,2015-01-13,59.26000,59.70000,58.37000,58.84000,21644740
2075,2015-01-12,59.28000,59.40000,58.27000,58.83000,15455234
2076,2015-01-09,60.72000,60.79000,59.29000,59.34000,15396195
2077,2015-01-08,59.97000,60.90000,59.97000,60.39000,16971056
2078,2015-01-07,59.89000,59.89000,58.66000,59.07000,23843244
2079,2015-01-06,60.64000,60.75000,58.35000,58.98000,29074112
2080,2015-01-05,62.06000,62.28000,60.23000,60.55000,20100576
2081,2015-01-02,62.62000,62.96000,62.07000,62.49000,12599991
2082,2014-12-31,63.30000,63.49000,62.58000,62.58000,18529420
2083,2014-12-30,62.72000,63.28000,62.57000,63.15000,7518059
2084,2014-12-29,62.42000,63.34000,62.25000,62.96000,10601197
2085,2014-12-26,62.67000,62.89000,62.41000,62.55000,6086519
2086,2014-12-24,62.74000,62.87000,62.27000,62.48000,7419342
2087,2014-12-23,62.05000,62.97000,61.93000,62.48000,13552615
2088,2014-12-22,62.16000,62.33000,61.61000,61.94000,17073372
2089,2014-12-19,61.40000,62.35000,61.37000,61.93000,22756410
2090,2014-12-18,60.64000,61.48000,60.44000,61.48000,18173356
2091,2014-12-17,58.57000,59.83000,58.34000,59.77000,17856440
2092,2014-12-16,58.42000,59.86000,58.11000,58.43000,20709744
2093,2014-12-15,60.74000,60.81000,58.79000,59.16000,19209928
2094,2014-12-12,60.53000,61.22000,59.96000,60.04000,17405430
2095,2014-12-11,61.17000,62.06000,61.11000,61.14000,16886248
2096,2014-12-10,62.16000,62.24000,60.37000,60.68000,29620580
2097,2014-12-09,61.85000,62.85000,61.56000,62.45000,19676436
2098,2014-12-08,62.60000,63.16000,62.26000,62.67000,15535482
2099,2014-12-05,62.01000,63.06000,61.88000,62.70000,20071134
2100,2014-12-04,61.10000,61.57000,60.84000,61.38000,11542085
2101,2014-12-03,60.96000,61.62000,60.81000,61.54000,12115506
2102,2014-12-02,60.01000,61.19000,60.00000,61.08000,12546594
2103,2014-12-01,59.98000,60.21000,59.55000,60.00000,12771602
2104,2014-11-28,60.40000,60.56000,60.03000,60.16000,6759646
2105,2014-11-26,60.57000,60.57000,60.20000,60.34000,7628731
2106,2014-11-25,61.16000,61.16000,59.95000,60.30000,14802617
2107,2014-11-24,60.70000,61.30000,60.70000,60.96000,8335037
2108,2014-11-21,61.07000,61.07000,60.30000,60.45000,12340450
2109,2014-11-20,60.20000,60.25000,59.75000,60.12000,10917299
2110,2014-11-19,60.45000,60.79000,60.15000,60.60000,9210079
2111,2014-11-18,60.35000,60.82000,60.20000,60.53000,8899839
2112,2014-11-17,60.00000,60.53000,59.89000,60.38000,9017649
2113,2014-11-14,60.25000,60.62000,60.18000,60.28000,6803396
2114,2014-11-13,60.50000,60.63000,59.99000,60.23000,12240366
2115,2014-11-12,60.42000,60.84000,60.23000,60.56000,17219648
2116,2014-11-11,61.71000,61.89000,61.29000,61.37000,12539830
2117,2014-11-10,61.25000,61.93000,61.20000,61.93000,10800981
2118,2014-11-07,61.07000,61.55000,60.86000,61.47000,12384620
2119,2014-11-06,61.08000,61.31000,60.63000,61.23000,10421612
2120,2014-11-05,60.80000,61.23000,60.39000,61.15000,14063812
2121,2014-11-04,60.24000,60.37000,59.42000,60.25000,15295771
2122,2014-11-03,60.79000,61.15000,60.36000,60.88000,11854189
2123,2014-10-31,60.12000,60.54000,59.87000,60.48000,18351060
2124,2014-10-30,58.94000,59.68000,58.92000,59.39000,14709756
2125,2014-10-29,59.62000,59.78000,58.76000,59.29000,16715852
2126,2014-10-28,58.87000,59.69000,58.81000,59.63000,13625017
2127,2014-10-27,58.45000,58.79000,58.25000,58.64000,11087209
2128,2014-10-24,58.00000,58.77000,58.00000,58.74000,13757981
2129,2014-10-23,58.12000,58.60000,57.94000,58.06000,12641874
2130,2014-10-22,58.04000,58.26000,57.44000,57.45000,13750741
2131,2014-10-21,57.23000,58.01000,57.08000,57.93000,14020373
2132,2014-10-20,56.10000,56.75000,56.07000,56.63000,10808475
2133,2014-10-17,55.73000,56.78000,55.57000,56.20000,20183544
2134,2014-10-16,54.75000,55.98000,54.28000,55.08000,31970014
2135,2014-10-15,57.02000,57.38000,54.26000,55.53000,37866912
2136,2014-10-14,56.69000,58.52000,56.06000,57.99000,29096840
2137,2014-10-13,58.50000,59.15000,58.11000,58.16000,17169312
2138,2014-10-10,59.03000,59.82000,58.51000,58.52000,16690858
2139,2014-10-09,60.33000,60.33000,58.89000,59.08000,19191404
2140,2014-10-08,59.36000,60.43000,59.18000,60.40000,15834553
2141,2014-10-07,59.92000,59.92000,59.19000,59.27000,14542010
2142,2014-10-06,60.78000,60.80000,60.00000,60.18000,11578147
2143,2014-10-03,59.25000,60.38000,59.05000,60.30000,18321078
2144,2014-10-02,59.15000,59.49000,58.61000,58.84000,24561606
2145,2014-10-01,60.24000,60.40000,59.73000,59.77000,18995988
2146,2014-09-30,60.40000,60.74000,60.13000,60.24000,14384783
2147,2014-09-29,60.03000,60.50000,59.73000,60.33000,10694938
2148,2014-09-26,60.33000,60.88000,60.32000,60.56000,11948887
2149,2014-09-25,61.49000,61.50000,60.15000,60.15000,16346724
2150,2014-09-24,61.18000,61.64000,61.02000,61.63000,13728243
2151,2014-09-23,60.82000,61.40000,60.77000,60.94000,14335620
2152,2014-09-22,60.94000,61.45000,60.80000,60.91000,13225164
2153,2014-09-19,61.74000,61.85000,60.98000,61.11000,18740480
2154,2014-09-18,60.54000,61.40000,60.54000,61.32000,16973696
2155,2014-09-17,59.95000,60.59000,59.82000,60.31000,15092042
2156,2014-09-16,59.71000,60.20000,59.62000,59.99000,10950516
2157,2014-09-15,59.78000,59.99000,59.45000,59.94000,10685630
2158,2014-09-12,59.80000,60.41000,59.75000,60.03000,14373722
2159,2014-09-11,59.18000,59.84000,58.97000,59.76000,11468573
2160,2014-09-10,59.15000,59.56000,58.92000,59.22000,9157691
2161,2014-09-09,59.63000,59.68000,58.78000,59.06000,14868683
2162,2014-09-08,59.84000,60.22000,59.74000,59.89000,8090047
2163,2014-09-05,59.62000,59.91000,59.22000,59.91000,9600894
2164,2014-09-04,59.63000,60.14000,59.43000,59.71000,9811903
2165,2014-09-03,60.02000,60.37000,59.46000,59.70000,11792109
2166,2014-09-02,59.46000,59.71000,59.15000,59.67000,8678222
2167,2014-08-29,59.34000,59.65000,59.23000,59.45000,8903530
2168,2014-08-28,59.25000,59.37000,58.81000,59.16000,9096101
2169,2014-08-27,59.85000,59.95000,59.53000,59.59000,11410860
2170,2014-08-26,59.57000,59.95000,59.38000,59.74000,10281087
2171,2014-08-25,58.98000,59.83000,58.86000,59.34000,13996764
2172,2014-08-22,58.44000,59.08000,58.33000,58.49000,10228569
2173,2014-08-21,57.66000,58.77000,57.60000,58.50000,12745499
2174,2014-08-20,57.42000,57.85000,57.39000,57.64000,8121363
2175,2014-08-19,57.60000,57.72000,57.34000,57.56000,9040484
2176,2014-08-18,56.86000,57.43000,56.76000,57.23000,8881423
2177,2014-08-15,57.24000,57.50000,56.39000,56.75000,12727664
2178,2014-08-14,56.77000,57.00000,56.70000,56.98000,8275920
2179,2014-08-13,56.69000,56.84000,56.51000,56.72000,7019479
2180,2014-08-12,56.23000,56.55000,56.13000,56.35000,11290657
2181,2014-08-11,56.54000,56.58000,56.17000,56.32000,9066796
2182,2014-08-08,55.89000,56.36000,55.64000,56.34000,12213225
2183,2014-08-07,56.63000,56.69000,55.68000,55.91000,11743838
2184,2014-08-06,55.89000,56.69000,55.83000,56.23000,12192567
2185,2014-08-05,56.43000,56.60000,55.60000,56.06000,16863698
2186,2014-08-04,56.91000,56.98000,56.34000,56.65000,13547228
2187,2014-08-01,57.39000,57.49000,55.97000,56.48000,23916664
2188,2014-07-31,58.65000,58.68000,57.66000,57.67000,15958788
2189,2014-07-30,59.02000,59.28000,58.61000,58.91000,11821992
2190,2014-07-29,59.13000,59.13000,58.44000,58.64000,13498827
2191,2014-07-28,58.94000,59.26000,58.67000,59.19000,12383894
2192,2014-07-25,58.92000,59.27000,58.84000,59.01000,10500572
2193,2014-07-24,59.07000,59.35000,58.99000,59.17000,9844323
2194,2014-07-23,58.76000,59.19000,58.52000,59.00000,11122085
2195,2014-07-22,58.42000,58.80000,58.37000,58.67000,10376795
2196,2014-07-21,58.12000,58.41000,57.90000,58.24000,9148506
2197,2014-07-18,58.33000,58.48000,57.90000,58.23000,12803917
2198,2014-07-17,58.56000,58.86000,57.76000,57.86000,17015956
2199,2014-07-16,58.51000,58.98000,58.31000,58.71000,20515604
2200,2014-07-15,57.95000,58.69000,57.76000,58.27000,36219128
2201,2014-07-14,56.53000,56.84000,56.20000,56.29000,14011991
2202,2014-07-11,55.29000,55.91000,55.19000,55.80000,10236860
2203,2014-07-10,55.06000,55.81000,54.96000,55.56000,12436589
2204,2014-07-09,55.88000,56.12000,55.61000,56.02000,10914251
2205,2014-07-08,56.35000,56.47000,55.63000,55.76000,18345728
2206,2014-07-07,56.89000,56.99000,56.40000,56.67000,13918743
2207,2014-07-03,57.23000,57.65000,57.00000,57.05000,12599842
2208,2014-07-02,57.27000,57.48000,56.82000,56.97000,19199260
2209,2014-07-01,57.15000,57.99000,57.08000,57.57000,14472160
2210,2014-06-30,57.44000,57.78000,57.38000,57.62000,11549859
2211,2014-06-27,57.33000,57.70000,57.24000,57.53000,10178566
2212,2014-06-26,57.34000,57.49000,56.60000,57.39000,11854621
2213,2014-06-25,57.22000,57.74000,56.87000,57.53000,14843900
2214,2014-06-24,57.88000,58.12000,57.30000,57.42000,12323320
2215,2014-06-23,57.54000,58.22000,57.24000,58.19000,16009479
2216,2014-06-20,57.69000,57.77000,57.35000,57.55000,17126424
2217,2014-06-19,57.69000,57.69000,57.21000,57.30000,11624383
2218,2014-06-18,57.29000,57.81000,56.95000,57.78000,13737143
2219,2014-06-17,56.79000,57.59000,56.68000,57.42000,11200522
2220,2014-06-16,56.85000,56.95000,56.33000,56.87000,11199075
2221,2014-06-13,57.03000,57.67000,56.88000,57.04000,12044435
2222,2014-06-12,57.07000,57.42000,56.87000,57.04000,11677911
2223,2014-06-11,57.48000,57.79000,56.98000,57.27000,14232171
2224,2014-06-10,57.47000,57.94000,57.39000,57.90000,11609169
2225,2014-06-09,56.91000,57.66000,56.90000,57.42000,12000038
2226,2014-06-06,56.76000,57.13000,56.65000,56.97000,15399844
2227,2014-06-05,55.91000,56.66000,55.49000,56.63000,16804644
2228,2014-06-04,55.52000,55.73000,55.25000,55.68000,9728053
2229,2014-06-03,55.09000,55.66000,55.09000,55.60000,9132297
2230,2014-06-02,55.65000,55.65000,55.02000,55.35000,9440042
2231,2014-05-30,55.58000,55.88000,55.31000,55.57000,11991312
2232,2014-05-29,55.75000,55.92000,55.39000,55.72000,11741707
2233,2014-05-28,55.09000,55.60000,55.00000,55.45000,11374958
2234,2014-05-27,54.75000,55.43000,54.69000,55.14000,14503732
2235,2014-05-23,54.55000,54.59000,54.16000,54.53000,10878697
2236,2014-05-22,54.17000,54.60000,54.02000,54.55000,11801568
2237,2014-05-21,54.05000,54.60000,53.98000,54.12000,13210922
2238,2014-05-20,53.72000,54.04000,53.41000,53.72000,16888228
2239,2014-05-19,53.08000,53.91000,53.06000,53.83000,12068854
2240,2014-05-16,53.42000,53.51000,52.97000,53.31000,19993160
2241,2014-05-15,54.20000,54.20000,53.35000,53.51000,19763012
2242,2014-05-14,54.64000,54.70000,54.30000,54.36000,10334933
2243,2014-05-13,54.74000,54.83000,54.50000,54.62000,12310881
2244,2014-05-12,54.27000,54.70000,54.03000,54.65000,12825906
2245,2014-05-09,54.22000,54.31000,53.67000,54.01000,12366481
2246,2014-05-08,54.20000,54.53000,54.05000,54.36000,16091486
2247,2014-05-07,53.55000,54.12000,53.24000,54.05000,18503048
2248,2014-05-06,54.04000,54.06000,53.32000,53.34000,25327416
2249,2014-05-05,53.88000,54.74000,53.70000,54.22000,25237392
2250,2014-05-02,55.83000,56.37000,55.44000,55.58000,15153795
2251,2014-05-01,55.92000,56.19000,55.50000,55.72000,12744643
2252,2014-04-30,56.24000,56.35000,55.72000,55.98000,14388102
2253,2014-04-29,55.73000,56.30000,55.57000,56.10000,13453407
2254,2014-04-28,55.63000,55.70000,54.68000,55.49000,21394062
2255,2014-04-25,56.31000,56.35000,55.64000,55.70000,15939621
2256,2014-04-24,56.07000,56.26000,55.61000,56.19000,15368188
2257,2014-04-23,55.80000,56.12000,55.56000,56.05000,11381029
2258,2014-04-22,55.04000,56.08000,54.94000,55.81000,16265271
2259,2014-04-21,55.26000,55.41000,54.99000,55.03000,12384757
2260,2014-04-17,55.34000,55.57000,55.01000,55.22000,17955800
2261,2014-04-16,55.00000,55.35000,54.69000,55.26000,27050796
2262,2014-04-15,55.09000,55.64000,54.35000,54.80000,26693846
2263,2014-04-14,55.85000,55.94000,54.48000,54.96000,31081492
2264,2014-04-11,55.18000,56.05000,54.55000,55.30000,47248388
2265,2014-04-10,59.35000,59.39000,57.38000,57.40000,29977180
2266,2014-04-09,59.10000,59.45000,58.49000,59.27000,15308441
2267,2014-04-08,58.80000,59.02000,58.25000,58.85000,16956476
2268,2014-04-07,59.69000,60.00000,58.84000,59.00000,18685680
2269,2014-04-04,61.02000,61.06000,59.80000,59.81000,16966908
2270,2014-04-03,60.65000,60.80000,60.28000,60.66000,11925208
2271,2014-04-02,60.37000,60.77000,60.20000,60.48000,14012233
2272,2014-04-01,60.95000,61.29000,60.37000,60.67000,14586580
2273,2014-03-31,60.83000,61.02000,60.60000,60.71000,15216691
2274,2014-03-28,60.21000,60.59000,59.68000,60.04000,14708741
2275,2014-03-27,59.94000,60.55000,59.02000,59.92000,24632614
2276,2014-03-26,61.24000,61.40000,59.89000,59.90000,22745202
2277,2014-03-25,61.11000,61.48000,60.56000,60.93000,24053468
2278,2014-03-24,60.37000,61.19000,60.35000,61.07000,25810460
2279,2014-03-21,60.96000,61.20000,60.00000,60.17000,35151968
2280,2014-03-20,58.36000,60.49000,58.13000,60.11000,33736472
2281,2014-03-19,57.99000,58.93000,57.89000,58.30000,21450652
2282,2014-03-18,57.82000,58.16000,57.62000,58.06000,12554754
2283,2014-03-17,57.21000,57.70000,57.05000,57.58000,13589185
2284,2014-03-14,57.11000,57.53000,56.62000,56.80000,18635842
2285,2014-03-13,58.00000,58.34000,57.19000,57.42000,17192490
2286,2014-03-12,57.70000,57.96000,57.42000,57.92000,17937196
2287,2014-03-11,59.42000,59.45000,58.13000,58.19000,19436588
2288,2014-03-10,59.14000,59.48000,58.87000,59.20000,16965386
2289,2014-03-07,59.35000,59.80000,59.07000,59.40000,18615140
2290,2014-03-06,58.51000,59.09000,58.40000,58.90000,19430068
2291,2014-03-05,57.48000,58.29000,57.36000,58.16000,17762232
2292,2014-03-04,56.95000,57.36000,56.64000,57.26000,17174334
2293,2014-03-03,56.30000,56.42000,55.69000,56.21000,19154872
2294,2014-02-28,56.57000,57.45000,56.39000,56.82000,18599828
2295,2014-02-27,56.78000,56.89000,56.14000,56.69000,16285365
2296,2014-02-26,57.37000,57.38000,56.22000,56.75000,23674644
2297,2014-02-25,57.90000,57.98000,56.92000,57.03000,17996128
2298,2014-02-24,57.62000,58.23000,57.58000,58.03000,16211245
2299,2014-02-21,57.59000,57.84000,57.37000,57.61000,16790792
2300,2014-02-20,57.53000,57.97000,57.27000,57.58000,12463670
2301,2014-02-19,58.36000,58.54000,57.22000,57.26000,18687924
2302,2014-02-18,58.02000,58.65000,57.90000,58.49000,14992626
2303,2014-02-14,57.89000,58.23000,57.75000,58.15000,13186804
2304,2014-02-13,57.07000,58.10000,56.96000,58.03000,16607191
2305,2014-02-12,57.34000,57.71000,57.16000,57.52000,13447621
2306,2014-02-11,56.61000,57.57000,56.58000,57.43000,18817088
2307,2014-02-10,56.77000,56.92000,56.39000,56.74000,14727327
2308,2014-02-07,56.65000,56.93000,56.26000,56.62000,25065228
2309,2014-02-06,55.35000,56.55000,55.20000,56.48000,20921200
2310,2014-02-05,55.10000,55.45000,54.58000,55.21000,19499578
2311,2014-02-04,54.72000,55.35000,54.60000,54.95000,20775934
2312,2014-02-03,55.50000,55.92000,54.20000,54.31000,28572188
2313,2014-01-31,55.50000,56.11000,55.18000,55.36000,18201808
2314,2014-01-30,56.07000,56.39000,55.63000,56.00000,17060108
2315,2014-01-29,54.96000,55.87000,54.85000,55.53000,25471398
2316,2014-01-28,55.39000,56.34000,55.24000,55.74000,18061718
2317,2014-01-27,55.08000,55.80000,54.69000,55.09000,23944206
2318,2014-01-24,56.00000,56.36000,55.09000,55.09000,27111280
2319,2014-01-23,57.09000,57.10000,56.21000,56.47000,26243452
2320,2014-01-22,58.33000,58.33000,57.42000,57.59000,15484711
2321,2014-01-21,58.09000,58.44000,57.58000,58.17000,19559288
2322,2014-01-17,59.21000,59.23000,58.03000,58.11000,21064942
2323,2014-01-16,58.79000,59.82000,58.74000,58.99000,21691908
2324,2014-01-15,57.73000,59.65000,57.73000,59.49000,35223536
2325,2014-01-14,58.30000,58.58000,57.56000,57.74000,30318950
2326,2014-01-13,58.51000,58.67000,57.53000,57.70000,20773436
2327,2014-01-10,58.67000,58.76000,58.17000,58.49000,12704391
2328,2014-01-09,58.98000,59.00000,58.33000,58.76000,13248583
2329,2014-01-08,58.54000,58.91000,58.30000,58.87000,14694818
2330,2014-01-07,59.29000,59.43000,58.11000,58.32000,17869722
2331,2014-01-06,59.16000,59.47000,58.83000,59.00000,17562448
2332,2014-01-03,58.29000,58.95000,58.21000,58.66000,14220320
2333,2014-01-02,58.31000,58.50000,57.97000,58.21000,15637267
2334,2013-12-31,58.20000,58.55000,58.05000,58.48000,11021128
2335,2013-12-30,58.14000,58.27000,57.71000,57.95000,8815823
2336,2013-12-27,58.17000,58.35000,58.06000,58.14000,8944562
2337,2013-12-26,58.35000,58.46000,57.92000,58.20000,6677090
2338,2013-12-24,58.07000,58.29000,58.04000,58.25000,4532643
2339,2013-12-23,57.97000,58.39000,57.80000,58.24000,13990627
2340,2013-12-20,57.21000,58.00000,57.20000,57.70000,22001672
2341,2013-12-19,57.10000,57.54000,56.82000,57.23000,16764459
2342,2013-12-18,55.84000,57.27000,55.40000,57.24000,27691408
2343,2013-12-17,56.66000,56.66000,55.66000,55.72000,18338500
2344,2013-12-16,56.34000,56.94000,56.33000,56.42000,26379184
2345,2013-12-13,56.37000,56.56000,56.03000,56.17000,11465731
2346,2013-12-12,56.05000,56.60000,55.91000,56.31000,15325286
2347,2013-12-11,56.54000,56.77000,55.96000,56.07000,17836096
2348,2013-12-10,56.49000,57.07000,56.35000,56.70000,14543743
2349,2013-12-09,56.28000,56.53000,56.09000,56.51000,12713970
2350,2013-12-06,56.57000,56.76000,55.62000,56.06000,18661168
2351,2013-12-05,56.71000,56.74000,55.75000,55.82000,21329688
2352,2013-12-04,56.44000,57.47000,56.21000,57.19000,20287248
2353,2013-12-03,56.89000,57.22000,56.14000,56.86000,20435784
2354,2013-12-02,57.10000,57.75000,56.90000,56.98000,12465770
2355,2013-11-29,57.58000,57.85000,57.20000,57.22000,7128768
2356,2013-11-27,57.58000,57.83000,57.33000,57.48000,11238931
2357,2013-11-26,57.63000,57.96000,57.17000,57.17000,16267215
2358,2013-11-25,57.50000,58.14000,57.41000,57.65000,18649810
2359,2013-11-22,57.25000,57.52000,57.06000,57.46000,16734060
2360,2013-11-21,56.28000,57.40000,56.28000,57.22000,22843588
2361,2013-11-20,56.43000,56.44000,55.77000,56.10000,17688310
2362,2013-11-19,55.97000,56.64000,55.78000,56.15000,22979874
2363,2013-11-18,55.49000,56.00000,55.30000,55.74000,22318780
2364,2013-11-15,54.27000,54.96000,54.19000,54.87000,20530108
2365,2013-11-14,54.26000,54.50000,53.70000,54.40000,17633988
2366,2013-11-13,53.52000,54.20000,53.15000,54.14000,22121852
2367,2013-11-12,53.93000,54.08000,53.60000,53.97000,15964769
2368,2013-11-11,53.91000,54.15000,53.70000,54.10000,12066340
2369,2013-11-08,51.83000,53.97000,51.80000,53.96000,31186944
2370,2013-11-07,52.13000,52.34000,51.58000,51.65000,17348896
2371,2013-11-06,52.26000,52.34000,51.83000,52.10000,14013047
2372,2013-11-05,51.85000,52.13000,51.66000,51.95000,14532200
2373,2013-11-04,52.74000,52.76000,52.00000,52.04000,18895794
2374,2013-11-01,51.45000,52.70000,51.30000,52.51000,25796824
2375,2013-10-31,52.65000,52.71000,51.54000,51.54000,23737966
2376,2013-10-30,53.00000,53.24000,52.50000,52.60000,16157237
2377,2013-10-29,52.83000,52.99000,52.25000,52.73000,23363056
2378,2013-10-28,52.89000,53.09000,52.50000,52.68000,14836830
2379,2013-10-25,52.16000,52.91000,52.07000,52.77000,20889568
2380,2013-10-24,52.84000,52.89000,52.11000,52.48000,17759032
2381,2013-10-23,53.31000,53.36000,52.72000,52.75000,21034428
2382,2013-10-22,54.65000,54.68000,53.62000,53.62000,24820908
2383,2013-10-21,54.27000,54.85000,53.89000,54.27000,19471674
2384,2013-10-18,54.26000,54.58000,53.80000,54.30000,24805952
2385,2013-10-17,53.79000,54.29000,53.61000,54.21000,17790972
2386,2013-10-16,52.61000,54.05000,52.58000,54.00000,24864020
2387,2013-10-15,52.91000,53.04000,52.18000,52.31000,17566460
2388,2013-10-14,51.94000,52.84000,51.76000,52.71000,18881586
2389,2013-10-11,52.96000,53.35000,52.16000,52.51000,32498774
2390,2013-10-10,51.84000,52.56000,51.38000,52.52000,24328712
2391,2013-10-09,51.17000,51.34000,50.25000,50.75000,24721192
2392,2013-10-08,51.83000,51.96000,50.84000,50.87000,19536036
2393,2013-10-07,52.29000,52.36000,51.83000,51.83000,16159259
2394,2013-10-04,52.07000,52.68000,52.01000,52.67000,17407162
2395,2013-10-03,52.00000,52.20000,51.50000,51.94000,18614460
2396,2013-10-02,51.32000,52.45000,51.29000,52.09000,23859228
2397,2013-10-01,51.64000,52.09000,51.45000,51.96000,19187968
2398,2013-09-30,51.73000,52.09000,51.44000,51.69000,21350632
2399,2013-09-27,51.50000,52.40000,51.39000,52.24000,23025958
2400,2013-09-26,51.93000,52.56000,51.54000,51.89000,22307376
2401,2013-09-25,50.22000,51.90000,50.06000,51.70000,39175564
2402,2013-09-24,51.01000,51.27000,50.30000,50.32000,34906864
2403,2013-09-23,52.08000,52.38000,51.39000,51.46000,28189452
2404,2013-09-20,52.95000,53.47000,52.80000,52.80000,30795890
2405,2013-09-19,53.63000,53.75000,52.53000,52.75000,22452272
2406,2013-09-18,52.69000,53.87000,52.56000,53.41000,20876558
2407,2013-09-17,53.19000,53.32000,52.88000,53.09000,13207266
2408,2013-09-16,53.45000,53.49000,52.98000,53.14000,17125652
2409,2013-09-13,52.29000,52.80000,52.23000,52.59000,11945263
2410,2013-09-12,53.43000,53.71000,52.08000,52.24000,21981126
2411,2013-09-11,53.37000,53.76000,53.06000,53.26000,16034668
2412,2013-09-10,53.83000,53.93000,53.30000,53.67000,20234536
2413,2013-09-09,52.78000,53.19000,52.52000,52.86000,19936338
2414,2013-09-06,52.41000,52.71000,51.28000,52.56000,22343320
2415,2013-09-05,52.03000,52.52000,51.91000,52.11000,13916586
2416,2013-09-04,51.16000,52.10000,50.93000,51.87000,19931752
2417,2013-09-03,51.25000,51.72000,50.83000,51.13000,15278128
2418,2013-08-30,50.82000,50.83000,50.29000,50.53000,15871865
2419,2013-08-29,50.59000,51.18000,50.45000,50.70000,13581495
2420,2013-08-28,50.33000,51.05000,50.13000,50.58000,18753074
2421,2013-08-27,51.02000,51.55000,50.55000,50.60000,23606736
2422,2013-08-26,52.16000,52.54000,51.79000,51.80000,16549623
2423,2013-08-23,52.27000,52.42000,51.90000,52.32000,11126713
2424,2013-08-22,52.00000,52.66000,51.93000,52.21000,14660232
2425,2013-08-21,51.92000,52.22000,51.28000,51.63000,17138264
2426,2013-08-20,51.78000,52.36000,50.66000,52.12000,18701424
2427,2013-08-19,52.89000,52.95000,51.80000,51.83000,22793512
2428,2013-08-16,53.07000,53.78000,53.07000,53.29000,17141448
2429,2013-08-15,53.52000,53.68000,52.89000,53.29000,16933184
2430,2013-08-14,54.33000,54.85000,54.00000,54.15000,15792655
2431,2013-08-13,54.22000,54.70000,53.60000,54.29000,15082231
2432,2013-08-12,54.04000,54.32000,53.68000,54.09000,15133367
2433,2013-08-09,54.69000,55.15000,54.33000,54.52000,12657547
2434,2013-08-08,55.42000,55.73000,54.12000,54.83000,18589564
2435,2013-08-07,55.06000,55.47000,54.78000,55.30000,12828764
2436,2013-08-06,55.99000,56.10000,55.31000,55.49000,10589217
2437,2013-08-05,56.33000,56.58000,56.01000,56.10000,9377651
2438,2013-08-02,56.27000,56.52000,56.01000,56.49000,11009689
2439,2013-08-01,56.36000,56.78000,56.20000,56.54000,15979674
2440,2013-07-31,55.58000,56.27000,55.51000,55.73000,19409612
2441,2013-07-30,55.87000,55.99000,55.08000,55.33000,14210071
2442,2013-07-29,55.98000,56.00000,55.38000,55.69000,10057579
2443,2013-07-26,56.06000,56.22000,55.60000,56.05000,16767435
2444,2013-07-25,56.45000,56.50000,55.89000,56.50000,13875417
2445,2013-07-24,56.92000,56.93000,56.38000,56.63000,16666802
2446,2013-07-23,56.72000,56.89000,56.48000,56.67000,10579046
2447,2013-07-22,56.17000,56.67000,55.95000,56.56000,16003738
2448,2013-07-19,56.51000,56.55000,55.91000,56.16000,17764824
2449,2013-07-18,55.51000,56.53000,55.49000,56.37000,24567458
2450,2013-07-17,55.05000,55.58000,54.84000,55.27000,19171392
2451,2013-07-16,54.90000,55.41000,54.78000,55.01000,19224790
2452,2013-07-15,55.49000,55.50000,54.60000,54.89000,28300796
2453,2013-07-12,55.51000,55.85000,54.75000,54.97000,32571800
2454,2013-07-11,55.84000,55.87000,54.55000,55.14000,21322522
2455,2013-07-10,54.77000,55.15000,54.44000,54.83000,16915572
2456,2013-07-09,55.07000,55.17000,54.19000,54.89000,20515316
2457,2013-07-08,54.54000,54.91000,54.05000,54.70000,21789640
2458,2013-07-05,53.36000,54.00000,53.11000,53.99000,17077144
2459,2013-07-03,52.31000,52.81000,52.21000,52.77000,10443381
2460,2013-07-02,52.57000,53.53000,52.12000,52.80000,23945834
2461,2013-07-01,53.22000,53.63000,52.43000,52.49000,23522936
2462,2013-06-28,53.12000,53.13000,52.58000,52.79000,18264400
2463,2013-06-27,53.03000,53.49000,52.88000,53.15000,17094916
2464,2013-06-26,52.65000,52.80000,51.88000,52.50000,19333680
2465,2013-06-25,51.51000,52.56000,51.51000,52.08000,20954482
2466,2013-06-24,50.88000,51.45000,50.11000,50.92000,30736424
2467,2013-06-21,52.96000,52.98000,51.69000,51.96000,44416044
2468,2013-06-20,53.08000,53.18000,52.27000,52.48000,31868372
2469,2013-06-19,53.99000,54.51000,53.52000,53.55000,20848948
2470,2013-06-18,54.03000,54.27000,53.72000,54.11000,13261393
2471,2013-06-17,53.70000,54.26000,53.54000,53.85000,16857604
2472,2013-06-14,54.04000,54.13000,52.91000,53.13000,17189688
2473,2013-06-13,53.00000,54.24000,52.97000,54.17000,17090656
2474,2013-06-12,53.90000,54.10000,52.96000,53.18000,18481270
2475,2013-06-11,53.46000,54.05000,53.11000,53.49000,17603986
2476,2013-06-10,54.64000,54.84000,54.02000,54.36000,16007865
2477,2013-06-07,53.77000,54.48000,53.41000,54.27000,21692592
2478,2013-06-06,52.84000,53.52000,52.27000,53.50000,23946336
2479,2013-06-05,53.78000,54.27000,52.70000,53.03000,24329848
2480,2013-06-04,54.54000,55.39000,53.87000,54.04000,22024368
2481,2013-06-03,54.60000,54.86000,53.03000,54.49000,28284620
2482,2013-05-31,55.71000,55.83000,54.59000,54.59000,24996488
2483,2013-05-30,54.60000,55.90000,54.53000,55.62000,24890794
2484,2013-05-29,54.09000,54.96000,53.91000,54.67000,20484210
2485,2013-05-28,54.56000,54.65000,54.02000,54.60000,27168406
2486,2013-05-24,52.90000,53.66000,52.72000,53.66000,18343220
2487,2013-05-23,52.82000,53.79000,52.66000,53.35000,25299868
2488,2013-05-22,53.43000,54.96000,53.29000,53.63000,46975856
2489,2013-05-21,52.53000,53.67000,52.45000,53.02000,37122040
2490,2013-05-20,52.28000,52.63000,51.91000,52.29000,22020134
2491,2013-05-17,51.26000,52.33000,51.25000,52.30000,26095658
2492,2013-05-16,50.87000,51.66000,50.84000,50.97000,21391584
2493,2013-05-15,50.20000,51.43000,50.15000,51.09000,27470078
2494,2013-05-14,49.77000,50.42000,49.66000,50.23000,24190788
2495,2013-05-13,48.84000,49.70000,48.61000,49.67000,23987718
2496,2013-05-10,49.05000,49.23000,48.64000,48.96000,16200456
2497,2013-05-09,49.70000,49.81000,48.92000,49.04000,18103144
2498,2013-05-08,49.22000,49.99000,49.11000,49.76000,23565162
2499,2013-05-07,48.57000,49.39000,48.26000,49.14000,24291602
2500,2013-05-06,47.71000,48.39000,47.57000,48.18000,20830656
2501,2013-05-03,48.63000,48.70000,46.98000,47.57000,43273932
2502,2013-05-02,48.25000,48.25000,47.71000,48.08000,15529736
2503,2013-05-01,48.76000,48.91000,47.85000,48.01000,17687512
2504,2013-04-30,48.96000,49.25000,48.72000,49.01000,13805540
2505,2013-04-29,49.08000,49.10000,48.65000,48.92000,13498061
2506,2013-04-26,48.86000,49.09000,48.61000,48.88000,13931035
2507,2013-04-25,49.02000,49.63000,48.89000,49.00000,19063808
2508,2013-04-24,48.32000,48.92000,48.16000,48.72000,16462785
2509,2013-04-23,47.68000,48.24000,47.39000,48.17000,20568406
2510,2013-04-22,47.40000,47.49000,46.87000,47.35000,15232043
2511,2013-04-19,47.15000,47.36000,46.70000,47.23000,19753204
2512,2013-04-18,46.80000,47.33000,46.05000,46.64000,26106844
2513,2013-04-17,48.11000,48.18000,46.38000,46.79000,43473272
2514,2013-04-16,48.43000,48.52000,47.59000,48.49000,23866838
2515,2013-04-15,48.39000,49.34000,47.90000,47.93000,31528338
2516,2013-04-12,48.90000,49.58000,48.45000,49.01000,37808388
2517,2013-04-11,49.21000,49.60000,48.83000,49.31000,22584616
2518,2013-04-10,48.94000,49.56000,48.88000,49.25000,20389880
2519,2013-04-09,48.74000,48.96000,48.46000,48.68000,20066632
2520,2013-04-08,47.88000,48.59000,47.59000,48.58000,18675808
2521,2013-04-05,46.79000,48.04000,46.75000,47.91000,22964186
2522,2013-04-04,46.96000,47.54000,46.90000,47.49000,21516666
2523,2013-04-03,48.03000,48.07000,46.53000,46.85000,33475104
2524,2013-04-02,48.01000,48.38000,47.88000,48.28000,17276418
2525,2013-04-01,47.55000,47.99000,47.49000,47.83000,17449300
2526,2013-03-28,47.84000,47.93000,47.28000,47.46000,27519846
2527,2013-03-27,48.20000,48.31000,47.56000,47.77000,26534596
2528,2013-03-26,48.74000,48.97000,48.32000,48.64000,16420085
2529,2013-03-25,49.04000,49.32000,48.16000,48.52000,23582710
2530,2013-03-22,48.63000,49.00000,48.34000,48.78000,22799984
2531,2013-03-21,48.79000,49.23000,48.35000,48.35000,23543288
2532,2013-03-20,49.57000,49.64000,49.04000,49.12000,19388482
2533,2013-03-19,49.65000,49.99000,48.68000,49.20000,24418504
2534,2013-03-18,49.19000,49.66000,48.95000,49.51000,28017768
2535,2013-03-15,49.97000,50.29000,49.15000,50.02000,60908740
2536,2013-03-14,50.25000,51.00000,50.19000,51.00000,26380348
2537,2013-03-13,50.29000,50.43000,50.11000,50.16000,16686257
2538,2013-03-12,50.35000,50.67000,50.05000,50.28000,18006118
2539,2013-03-11,50.23000,50.77000,49.91000,50.48000,19473160
2540,2013-03-08,50.59000,50.85000,49.61000,50.20000,32726854
2541,2013-03-07,50.05000,50.86000,50.01000,50.63000,24252644
2542,2013-03-06,49.88000,50.19000,49.62000,50.03000,19611228
2543,2013-03-05,49.49000,50.11000,49.31000,49.49000,25565032
2544,2013-03-04,48.73000,49.14000,48.33000,49.10000,17698510
2545,2013-03-01,48.60000,49.42000,48.37000,48.91000,25925896
2546,2013-02-28,49.16000,49.55000,48.75000,48.92000,24718064
2547,2013-02-27,47.85000,49.40000,47.76000,49.28000,31932364
2548,2013-02-26,48.22000,48.26000,46.85000,47.60000,39407784
2549,2013-02-25,49.10000,49.20000,47.65000,47.70000,32776344
2550,2013-02-22,48.63000,48.91000,48.41000,48.91000,23586192
2551,2013-02-21,48.41000,48.45000,47.83000,48.25000,24445078
2552,2013-02-20,49.35000,49.54000,48.36000,48.61000,24789396
2553,2013-02-19,49.12000,49.68000,49.12000,49.45000,20450050
2554,2013-02-15,49.35000,49.46000,48.57000,48.88000,20016540
2555,2013-02-14,48.40000,49.29000,48.37000,49.22000,18020156
2556,2013-02-13,49.35000,49.45000,48.50000,48.68000,21637320
2557,2013-02-12,48.80000,49.31000,48.60000,49.14000,16393466
2558,2013-02-11,48.51000,48.90000,48.38000,48.66000,13937728
2559,2013-02-08,48.33000,48.69000,48.26000,48.63000,15219612
2560,2013-02-07,48.65000,48.75000,47.90000,48.23000,21432016
2561,2013-02-06,48.42000,48.83000,48.32000,48.61000,28286376
2562,2013-02-05,47.94000,48.80000,47.93000,48.79000,28068446
2563,2013-02-04,47.54000,47.81000,47.38000,47.68000,20828176
2564,2013-02-01,47.40000,48.00000,47.21000,47.85000,24527532
2565,2013-01-31,47.01000,47.22000,46.88000,47.05000,19541264
2566,2013-01-30,47.04000,47.35000,46.96000,47.13000,18636632
2567,2013-01-29,46.28000,47.16000,46.25000,47.12000,19910344
2568,2013-01-28,46.84000,47.00000,46.48000,46.64000,19708168
2569,2013-01-25,46.74000,47.16000,46.60000,47.16000,26014636
2570,2013-01-24,46.24000,46.80000,46.08000,46.37000,20017416
2571,2013-01-23,46.23000,46.44000,45.92000,46.23000,19112156
2572,2013-01-22,46.25000,46.55000,46.13000,46.54000,24259226
2573,2013-01-18,46.38000,46.60000,46.18000,46.46000,28694708
2574,2013-01-17,46.40000,46.87000,46.29000,46.44000,41097680
2575,2013-01-16,45.91000,46.83000,45.57000,46.82000,43459528
2576,2013-01-15,45.49000,46.47000,45.35000,46.35000,29905738
2577,2013-01-14,45.89000,46.18000,45.48000,45.88000,19079464
2578,2013-01-11,45.97000,46.15000,45.47000,46.14000,19723892
2579,2013-01-10,45.89000,46.16000,45.53000,46.15000,23420152
2580,2013-01-09,45.56000,46.20000,45.14000,45.47000,25923640
2581,2013-01-08,45.40000,45.50000,44.96000,45.50000,19625226
2582,2013-01-07,45.09000,45.48000,45.02000,45.41000,24457248
2583,2013-01-04,44.45000,45.43000,44.44000,45.36000,24491604
2584,2013-01-03,44.74000,44.75000,44.20000,44.57000,24228884
2585,2013-01-02,44.98000,45.00000,44.22000,44.66000,31421124
2586,2012-12-31,43.10000,44.00000,43.05000,43.97000,24213812
2587,2012-12-28,43.10000,43.69000,43.09000,43.24000,15403478
2588,2012-12-27,43.96000,44.02000,42.90000,43.63000,19566946
2589,2012-12-26,43.95000,44.18000,43.72000,43.96000,11499413
2590,2012-12-24,43.72000,44.02000,43.71000,43.92000,8622420
2591,2012-12-21,43.82000,44.20000,43.34000,44.00000,38986324
2592,2012-12-20,43.69000,44.54000,43.41000,44.53000,25016764
2593,2012-12-19,43.99000,44.39000,43.42000,43.53000,34352176
2594,2012-12-18,43.83000,43.94000,43.31000,43.87000,33867672
2595,2012-12-17,43.00000,43.51000,42.81000,43.48000,23889796
2596,2012-12-14,42.77000,43.11000,42.71000,42.81000,16208762
2597,2012-12-13,42.65000,42.92000,42.50000,42.78000,18461750
2598,2012-12-12,43.00000,43.38000,42.70000,42.77000,23110568
2599,2012-12-11,42.60000,43.09000,42.42000,42.64000,21959924
2600,2012-12-10,42.54000,42.67000,42.01000,42.31000,22397284
2601,2012-12-07,41.84000,42.57000,41.73000,42.56000,34559112
2602,2012-12-06,41.25000,41.55000,41.11000,41.47000,20541648
2603,2012-12-05,40.69000,41.49000,40.50000,41.20000,25515568
2604,2012-12-04,40.78000,40.92000,40.20000,40.57000,24036982
2605,2012-12-03,41.27000,41.37000,40.75000,40.81000,18965876
2606,2012-11-30,40.99000,41.34000,40.85000,41.08000,20081804
2607,2012-11-29,41.15000,41.35000,40.91000,41.22000,18910626
2608,2012-11-28,40.49000,40.88000,39.88000,40.83000,26112040
2609,2012-11-27,40.87000,41.20000,40.64000,40.75000,19876930
2610,2012-11-26,40.79000,40.88000,40.09000,40.88000,20376504
2611,2012-11-23,41.10000,41.22000,40.97000,41.09000,8316667
2612,2012-11-21,40.94000,40.98000,40.35000,40.73000,13035979
2613,2012-11-20,40.33000,41.18000,40.25000,40.70000,19379180
2614,2012-11-19,40.09000,40.70000,40.09000,40.59000,26784470
2615,2012-11-16,39.43000,39.67000,38.83000,39.53000,32462098
2616,2012-11-15,39.06000,39.72000,38.97000,39.39000,24859852
2617,2012-11-14,40.21000,40.37000,39.13000,39.29000,30995630
2618,2012-11-13,40.18000,40.52000,40.00000,40.04000,19799080
2619,2012-11-12,40.85000,40.91000,40.30000,40.58000,12820369
2620,2012-11-09,40.31000,41.23000,39.86000,40.62000,27559060
2621,2012-11-08,41.28000,41.50000,40.40000,40.40000,27830996
2622,2012-11-07,42.01000,42.01000,40.31000,40.48000,47631168
2623,2012-11-06,42.57000,43.05000,42.41000,42.88000,17196716
2624,2012-11-05,42.33000,42.36000,41.85000,42.27000,13253683
2625,2012-11-02,43.04000,43.07000,42.33000,42.42000,17029680
2626,2012-11-01,41.70000,42.90000,41.58000,42.84000,23328280
2627,2012-10-31,41.45000,41.79000,41.15000,41.68000,19428720
2628,2012-10-26,41.42000,41.66000,40.87000,41.16000,21893908
2629,2012-10-25,42.24000,42.28000,41.40000,41.67000,17311696
2630,2012-10-24,41.68000,41.88000,41.34000,41.71000,18919320
2631,2012-10-23,41.47000,41.74000,41.05000,41.33000,22897318
2632,2012-10-22,42.25000,42.52000,41.50000,42.09000,27996092
2633,2012-10-19,42.80000,42.82000,42.06000,42.32000,29748466
2634,2012-10-18,43.09000,43.35000,42.75000,43.01000,23633912
2635,2012-10-17,42.93000,43.54000,42.77000,43.32000,26180558
2636,2012-10-16,42.79000,43.11000,42.27000,42.83000,28594052
2637,2012-10-15,41.91000,42.41000,41.73000,42.38000,26277472
2638,2012-10-12,41.60000,42.43000,41.15000,41.62000,44570632
2639,2012-10-11,42.37000,42.64000,41.85000,42.10000,27755002
2640,2012-10-10,41.55000,42.00000,41.33000,41.77000,25803796
2641,2012-10-09,41.77000,41.95000,41.30000,41.38000,19956704
2642,2012-10-08,41.33000,41.84000,41.11000,41.66000,18635404
2643,2012-10-05,42.04000,42.44000,41.46000,41.71000,22777436
2644,2012-10-04,41.16000,41.99000,40.91000,41.82000,24334092
2645,2012-10-03,40.83000,41.00000,40.42000,40.86000,22421112
2646,2012-10-02,41.14000,41.24000,40.56000,40.92000,26946068
2647,2012-10-01,40.88000,41.50000,40.80000,40.97000,21957112
2648,2012-09-28,40.42000,40.63000,40.16000,40.48000,21382008
2649,2012-09-27,40.40000,40.99000,40.21000,40.68000,20843888
2650,2012-09-26,40.15000,40.62000,39.70000,40.24000,23785658
2651,2012-09-25,41.55000,41.55000,40.53000,40.55000,21991228
2652,2012-09-24,40.61000,41.47000,40.59000,41.23000,20504116
2653,2012-09-21,41.53000,41.70000,40.77000,40.88000,28299064
2654,2012-09-20,40.96000,41.28000,40.55000,41.25000,20998580
2655,2012-09-19,41.33000,41.76000,41.04000,41.34000,22887180
2656,2012-09-18,41.05000,41.33000,40.66000,41.26000,25189352
2657,2012-09-17,41.00000,41.44000,40.95000,41.19000,19741058
2658,2012-09-14,41.96000,42.09000,41.23000,41.57000,43477368
2659,2012-09-13,39.84000,41.58000,39.59000,41.40000,47020628
2660,2012-09-12,39.88000,40.25000,39.78000,39.92000,29883726
2661,2012-09-11,38.80000,39.63000,38.73000,39.60000,22380344
2662,2012-09-10,39.23000,39.78000,38.73000,38.76000,20858744
2663,2012-09-07,39.04000,39.53000,39.00000,39.30000,28087896
2664,2012-09-06,37.58000,38.87000,37.50000,38.69000,41356608
2665,2012-09-05,37.08000,37.29000,36.94000,37.11000,13538409
2666,2012-09-04,36.98000,37.24000,36.78000,37.01000,13634888
2667,2012-08-31,37.14000,37.40000,36.86000,37.14000,16775701
2668,2012-08-30,37.06000,37.13000,36.71000,36.90000,13701589
2669,2012-08-29,37.32000,37.49000,37.06000,37.30000,13688324
2670,2012-08-28,37.10000,37.49000,36.90000,37.13000,18053276
2671,2012-08-27,37.31000,37.44000,36.90000,37.23000,17619128
2672,2012-08-24,36.94000,37.44000,36.67000,37.17000,20021564
2673,2012-08-23,37.81000,37.89000,37.20000,37.23000,16431048
2674,2012-08-22,37.88000,38.18000,37.56000,37.83000,16902860
2675,2012-08-21,37.63000,38.86000,37.56000,38.04000,36887512
2676,2012-08-20,36.92000,37.50000,36.80000,37.37000,17926580
2677,2012-08-17,37.20000,37.20000,36.80000,36.98000,17080760
2678,2012-08-16,37.18000,37.35000,36.80000,37.10000,15895973
2679,2012-08-15,37.07000,37.41000,36.95000,37.07000,17525864
2680,2012-08-14,37.42000,37.64000,36.98000,37.10000,18068148
2681,2012-08-13,36.87000,37.09000,36.65000,36.99000,14457113
2682,2012-08-10,36.76000,37.00000,36.40000,36.97000,15492665
2683,2012-08-09,36.72000,37.26000,36.59000,36.92000,23408156
2684,2012-08-08,36.85000,37.48000,36.75000,37.16000,18677116
2685,2012-08-07,36.57000,37.87000,36.57000,37.01000,37225760
2686,2012-08-06,36.24000,36.80000,36.11000,36.30000,18979186
2687,2012-08-03,35.82000,36.29000,35.50000,36.09000,24516268
2688,2012-08-02,35.62000,35.84000,34.76000,35.17000,36677080
2689,2012-08-01,36.19000,36.40000,35.82000,36.00000,22184446
2690,2012-07-31,36.11000,36.33000,35.91000,36.00000,19686716
2691,2012-07-30,36.50000,36.52000,35.94000,36.14000,30701700
2692,2012-07-27,36.01000,37.20000,35.51000,36.89000,63640528
2693,2012-07-26,35.78000,35.94000,35.34000,35.81000,28903218
2694,2012-07-25,34.98000,35.45000,34.79000,35.17000,32129080
2695,2012-07-24,34.58000,34.89000,34.22000,34.73000,29929500
2696,2012-07-23,33.24000,34.50000,33.10000,34.44000,41248260
2697,2012-07-20,34.05000,34.13000,33.90000,33.90000,36301592
2698,2012-07-19,35.02000,35.17000,34.31000,34.46000,34390712
2699,2012-07-18,34.75000,35.23000,34.65000,34.96000,28948256
2700,2012-07-17,35.44000,35.48000,34.27000,34.99000,43998208
2701,2012-07-16,35.76000,35.85000,34.73000,35.09000,52368296
2702,2012-07-13,35.06000,36.20000,34.86000,36.07000,83001208
2703,2012-07-12,34.33000,34.57000,33.94000,34.04000,39301432
2704,2012-07-11,34.21000,34.80000,34.12000,34.59000,35144272
2705,2012-07-10,34.22000,34.45000,33.81000,34.25000,33175468
2706,2012-07-09,33.81000,34.12000,33.54000,33.96000,30544924
2707,2012-07-06,33.92000,34.12000,33.73000,33.90000,32057668
2708,2012-07-05,35.61000,35.66000,34.22000,34.38000,58529308
2709,2012-07-03,35.96000,36.14000,35.53000,35.88000,26705916
2710,2012-07-02,36.27000,36.36000,35.59000,36.28000,34281572
2711,2012-06-29,36.70000,36.80000,35.25000,35.73000,56063664
2712,2012-06-28,35.32000,35.93000,34.85000,35.88000,69904864
2713,2012-06-27,35.64000,36.82000,35.50000,36.78000,34156768
2714,2012-06-26,36.06000,36.12000,35.58000,35.71000,35058728
2715,2012-06-25,35.26000,35.47000,34.64000,35.32000,33115794
2716,2012-06-22,36.02000,36.49000,35.96000,35.99000,44203816
2717,2012-06-21,36.49000,37.03000,35.43000,35.51000,95637184
2718,2012-06-20,36.03000,36.94000,35.83000,36.45000,61149760
2719,2012-06-19,34.99000,35.63000,34.73000,35.38000,32488936
2720,2012-06-18,34.71000,35.30000,34.50000,34.62000,31084454
2721,2012-06-15,34.89000,35.07000,34.41000,35.03000,40920716
2722,2012-06-14,34.41000,34.89000,34.07000,34.65000,44428016
2723,2012-06-13,33.69000,35.07000,33.63000,34.30000,72456528
2724,2012-06-12,32.88000,33.78000,32.51000,33.77000,43334360
2725,2012-06-11,34.37000,34.44000,32.78000,32.82000,46404808
2726,2012-06-08,32.77000,33.68000,32.55000,33.68000,34243468
2727,2012-06-07,33.77000,33.83000,32.80000,32.81000,53888896
2728,2012-06-06,32.71000,33.31000,32.27000,33.07000,47980480
2729,2012-06-05,30.89000,32.13000,30.86000,31.99000,46502752
2730,2012-06-04,32.16000,32.17000,30.83000,31.00000,60495392
2731,2012-06-01,32.41000,32.65000,31.77000,31.93000,50473312
2732,2012-05-31,32.96000,33.47000,32.91000,33.15000,42126256
2733,2012-05-30,33.30000,33.44000,32.95000,32.96000,34203560
2734,2012-05-29,33.98000,34.00000,33.36000,33.63000,35858080
2735,2012-05-25,34.00000,34.13000,33.29000,33.50000,28803488
2736,2012-05-24,34.44000,34.48000,33.62000,33.97000,37846024
2737,2012-05-23,33.62000,34.42000,33.21000,34.26000,52512856
2738,2012-05-22,33.32000,34.58000,32.99000,34.01000,84720952
2739,2012-05-21,33.52000,33.71000,32.26000,32.51000,99557352
2740,2012-05-18,33.99000,33.99000,32.97000,33.49000,82655360
2741,2012-05-17,35.04000,35.10000,33.88000,33.93000,95429256
2742,2012-05-16,36.79000,36.98000,35.46000,35.46000,68729816
2743,2012-05-15,36.19000,37.27000,36.12000,36.24000,89903648
2744,2012-05-14,36.10000,36.47000,35.76000,35.79000,96488400
2745,2012-05-11,37.14000,37.99000,36.62000,36.96000,217294160
2746,2012-05-10,41.23000,41.40000,40.54000,40.74000,35827256
2747,2012-05-09,40.72000,41.02000,40.12000,40.64000,38775560
2748,2012-05-08,41.50000,41.84000,40.95000,41.38000,28051620
2749,2012-05-07,41.43000,42.40000,41.37000,41.78000,25910034
2750,2012-05-04,42.33000,42.68000,41.71000,41.75000,31289432
2751,2012-05-03,43.38000,43.39000,42.67000,43.01000,19536754
2752,2012-05-02,43.46000,43.53000,42.84000,43.20000,22462824
2753,2012-05-01,43.00000,44.24000,42.96000,43.79000,26364544
2754,2012-04-30,43.33000,43.37000,42.54000,42.98000,23521664
2755,2012-04-27,43.94000,43.99000,43.23000,43.34000,24285744
2756,2012-04-26,43.22000,43.89000,43.06000,43.80000,28101552
2757,2012-04-25,43.65000,43.89000,42.98000,43.16000,31694004
2758,2012-04-24,42.98000,43.31000,42.81000,43.28000,21420340
2759,2012-04-23,41.92000,42.96000,41.80000,42.85000,25538094
2760,2012-04-20,43.51000,43.58000,42.71000,42.72000,26184284
2761,2012-04-19,43.44000,43.69000,42.77000,43.22000,25963308
2762,2012-04-18,43.62000,43.91000,43.27000,43.29000,20244148
2763,2012-04-17,43.69000,44.00000,43.16000,43.90000,26887900
2764,2012-04-16,43.38000,43.80000,42.84000,43.33000,40388940
2765,2012-04-13,44.95000,44.95000,43.06000,43.21000,58183896
2766,2012-04-12,44.12000,44.99000,44.00000,44.84000,33631096
2767,2012-04-11,43.59000,44.21000,43.57000,44.01000,32142164
2768,2012-04-10,43.88000,44.01000,42.66000,42.96000,38845936
2769,2012-04-09,43.19000,44.28000,43.07000,43.89000,29376366
2770,2012-04-05,44.13000,44.73000,43.81000,44.34000,28834532
2771,2012-04-04,44.68000,44.86000,43.96000,44.41000,41347712
2772,2012-04-03,45.74000,45.99000,44.97000,45.42000,31036320
2773,2012-04-02,45.75000,46.35000,45.46000,46.13000,27675928
2774,2012-03-30,46.08000,46.13000,45.50000,45.98000,25945990
2775,2012-03-29,45.92000,46.02000,45.27000,45.67000,32268866
2776,2012-03-28,45.76000,46.31000,45.36000,46.27000,29763066
2777,2012-03-27,45.92000,46.49000,45.83000,45.89000,33035556
2778,2012-03-26,45.48000,46.17000,45.40000,46.17000,33530630
2779,2012-03-23,44.45000,45.25000,44.44000,45.16000,30643964
2780,2012-03-22,44.72000,45.09000,44.41000,44.65000,27461074
2781,2012-03-21,45.53000,45.67000,44.86000,45.12000,27273648
2782,2012-03-20,44.53000,45.60000,44.37000,45.38000,34798088
2783,2012-03-19,44.44000,45.35000,44.21000,45.00000,41515244
2784,2012-03-16,44.87000,44.92000,44.22000,44.57000,48844408
2785,2012-03-15,43.64000,44.92000,42.93000,44.70000,57124816
2786,2012-03-14,43.62000,44.00000,43.07000,43.58000,68028624
2787,2012-03-13,41.02000,43.73000,40.82000,43.39000,77277592
2788,2012-03-12,40.86000,40.98000,40.20000,40.54000,30763746
2789,2012-03-09,40.75000,41.44000,40.50000,41.03000,33499780
2790,2012-03-08,40.47000,40.75000,40.22000,40.44000,22060726
2791,2012-03-07,39.46000,40.06000,39.38000,39.95000,22880868
2792,2012-03-06,39.45000,39.87000,39.12000,39.32000,33930432
2793,2012-03-05,40.70000,40.71000,40.00000,40.40000,30806826
2794,2012-03-02,40.43000,40.88000,40.23000,40.63000,34897824
2795,2012-03-01,39.51000,40.45000,39.47000,40.37000,44384544
2796,2012-02-29,39.33000,39.94000,39.02000,39.24000,41187932
2797,2012-02-28,39.13000,39.55000,38.85000,39.21000,37905500
2798,2012-02-27,38.07000,39.23000,37.79000,39.06000,34036868
2799,2012-02-24,38.66000,38.68000,38.19000,38.28000,17589412
2800,2012-02-23,38.06000,38.52000,37.75000,38.49000,31363508
2801,2012-02-22,38.30000,38.39000,37.90000,38.07000,23418176
2802,2012-02-21,38.65000,38.98000,38.41000,38.46000,22807470
2803,2012-02-17,38.60000,38.64000,38.23000,38.47000,28016340
2804,2012-02-16,37.15000,38.12000,37.05000,38.00000,22141432
2805,2012-02-15,38.08000,38.40000,37.31000,37.40000,26534874
2806,2012-02-14,38.23000,38.26000,37.44000,37.92000,27039262
2807,2012-02-13,38.08000,38.34000,37.78000,38.30000,24827980
2808,2012-02-10,37.22000,37.77000,37.11000,37.61000,22624780
2809,2012-02-09,38.60000,38.68000,37.84000,37.86000,28614498
2810,2012-02-08,38.05000,38.35000,37.97000,38.30000,23258668
2811,2012-02-07,37.86000,38.12000,37.70000,37.87000,21092892
2812,2012-02-06,38.06000,38.32000,37.80000,38.14000,23108328
2813,2012-02-03,38.27000,38.50000,38.05000,38.28000,41081316
2814,2012-02-02,37.69000,38.16000,37.42000,37.55000,26786876
2815,2012-02-01,37.89000,38.03000,37.50000,37.60000,41957764
2816,2012-01-31,37.53000,37.55000,36.93000,37.30000,29658088
2817,2012-01-30,36.66000,37.17000,36.36000,37.01000,24432068
2818,2012-01-27,37.23000,37.66000,37.15000,37.21000,27674802
2819,2012-01-26,37.88000,38.10000,37.25000,37.49000,33291240
2820,2012-01-25,37.36000,37.82000,37.12000,37.60000,29863012
2821,2012-01-24,37.18000,37.89000,36.80000,37.66000,25406126
2822,2012-01-23,37.31000,37.94000,37.27000,37.66000,27500780
2823,2012-01-20,36.78000,37.40000,36.62000,37.36000,34716500
2824,2012-01-19,36.84000,37.15000,36.71000,36.93000,37001976
2825,2012-01-18,34.54000,36.68000,34.53000,36.54000,55504940
2826,2012-01-17,34.85000,35.68000,34.50000,34.91000,55119028
2827,2012-01-13,35.26000,35.92000,35.13000,35.92000,61577064
2828,2012-01-12,36.82000,37.05000,36.17000,36.85000,39420936
2829,2012-01-11,35.80000,36.74000,35.66000,36.66000,29853148
2830,2012-01-10,36.07000,36.35000,35.76000,36.05000,35982880
2831,2012-01-09,35.44000,35.68000,34.99000,35.30000,23006528
2832,2012-01-06,35.69000,35.77000,35.14000,35.36000,33162980
2833,2012-01-05,34.71000,35.92000,34.41000,35.68000,38383816
2834,2012-01-04,34.44000,35.15000,34.33000,34.95000,36576188
2835,2012-01-03,34.06000,35.19000,34.01000,34.98000,44108272
2836,2011-12-30,33.11000,33.42000,33.06000,33.25000,18199608
2837,2011-12-29,32.71000,33.52000,32.71000,33.42000,19793016
2838,2011-12-28,32.99000,33.09000,32.57000,32.65000,19248512
2839,2011-12-27,33.22000,33.69000,33.03000,33.03000,16897090
2840,2011-12-23,33.62000,33.70000,33.13000,33.57000,21962668
2841,2011-12-22,32.69000,33.55000,32.54000,33.45000,35544904
2842,2011-12-21,32.00000,32.41000,31.90000,32.32000,30898992
2843,2011-12-20,31.40000,32.44000,31.24000,32.21000,49092904
2844,2011-12-19,31.87000,31.90000,30.42000,30.70000,47388000
2845,2011-12-16,32.16000,32.60000,31.81000,31.89000,52598292
2846,2011-12-15,32.10000,32.28000,31.57000,31.76000,33457250
2847,2011-12-14,30.88000,31.94000,30.83000,31.51000,41295652
2848,2011-12-13,32.37000,32.63000,30.87000,31.29000,49484808
2849,2011-12-12,32.55000,32.60000,31.76000,32.04000,35986440
2850,2011-12-09,32.36000,33.31000,32.36000,33.18000,39106916
2851,2011-12-08,33.55000,33.70000,32.08000,32.22000,47788872
2852,2011-12-07,32.82000,34.19000,32.72000,34.00000,44722792
2853,2011-12-06,33.26000,33.58000,32.68000,33.23000,38788224
2854,2011-12-05,33.64000,34.10000,33.22000,33.51000,52216056
2855,2011-12-02,30.88000,33.27000,30.81000,32.33000,90519608
2856,2011-12-01,30.86000,30.97000,30.03000,30.46000,33189688
2857,2011-11-30,30.15000,31.00000,29.80000,30.97000,61412528
2858,2011-11-29,28.98000,29.13000,28.48000,28.56000,45104652
2859,2011-11-28,29.71000,30.07000,28.82000,29.16000,45285388
2860,2011-11-25,28.28000,29.17000,28.28000,28.48000,21423184
2861,2011-11-23,29.11000,29.15000,28.33000,28.38000,44474352
2862,2011-11-22,29.90000,30.10000,29.38000,29.41000,36466172
2863,2011-11-21,30.02000,30.19000,29.60000,29.91000,39666396
2864,2011-11-18,30.67000,30.84000,30.33000,30.62000,39033896
2865,2011-11-17,31.40000,31.50000,30.34000,30.49000,55130024
2866,2011-11-16,32.34000,32.49000,31.40000,31.47000,40761704
2867,2011-11-15,32.09000,33.11000,32.08000,32.70000,31265984
2868,2011-11-14,32.95000,32.98000,32.22000,32.55000,27596216
2869,2011-11-11,33.28000,33.85000,33.02000,33.28000,29989576
2870,2011-11-10,32.92000,33.23000,32.28000,32.74000,30431632
2871,2011-11-09,33.84000,33.98000,32.38000,32.54000,53000040
2872,2011-11-08,34.53000,35.18000,34.02000,35.02000,30194984
2873,2011-11-07,34.03000,34.34000,33.71000,34.24000,25935524
2874,2011-11-04,33.99000,34.06000,33.45000,33.97000,30867232
2875,2011-11-03,34.12000,34.52000,32.84000,34.38000,40087752
2876,2011-11-02,33.71000,33.74000,33.06000,33.64000,34342388
2877,2011-11-01,32.47000,33.64000,31.84000,32.71000,74056272
2878,2011-10-31,35.93000,36.00000,34.73000,34.76000,46438680
2879,2011-10-28,36.61000,36.98000,36.19000,36.69000,39893752
2880,2011-10-27,36.56000,37.54000,35.70000,37.02000,74692984
2881,2011-10-26,34.11000,34.41000,33.50000,34.18000,36360840
2882,2011-10-25,34.18000,34.25000,33.36000,33.49000,38683536
2883,2011-10-24,33.61000,34.69000,33.57000,34.57000,45697156
2884,2011-10-21,33.48000,34.04000,33.01000,33.42000,48445288
2885,2011-10-20,32.32000,33.19000,31.67000,33.13000,41662536
2886,2011-10-19,32.77000,34.01000,32.03000,32.25000,50121948
2887,2011-10-18,31.36000,33.42000,31.14000,32.87000,64392308
2888,2011-10-17,31.64000,32.09000,30.97000,31.04000,40869712
2889,2011-10-14,31.87000,32.32000,31.40000,31.89000,51905068
2890,2011-10-13,32.45000,32.49000,30.92000,31.60000,78838176
2891,2011-10-12,32.76000,33.87000,32.69000,33.20000,55462460
2892,2011-10-11,31.98000,32.68000,31.41000,32.30000,38169184
2893,2011-10-10,31.60000,32.32000,31.58000,32.30000,37324744
2894,2011-10-07,32.58000,32.61000,30.65000,30.70000,49326168
2895,2011-10-06,30.71000,32.46000,30.42000,32.38000,53216608
2896,2011-10-05,30.23000,31.17000,29.40000,30.84000,51117104
2897,2011-10-04,28.25000,30.43000,27.85000,30.26000,69815352
2898,2011-10-03,30.03000,30.70000,28.64000,28.65000,51002692
2899,2011-09-30,30.74000,30.95000,30.11000,30.12000,42436948
2900,2011-09-29,31.58000,32.11000,30.44000,31.39000,51015756
2901,2011-09-28,31.62000,32.00000,30.42000,30.47000,38725832
2902,2011-09-27,32.62000,33.13000,31.25000,31.57000,58242836
2903,2011-09-26,30.06000,31.81000,29.96000,31.65000,58696020
2904,2011-09-23,28.96000,29.80000,28.86000,29.59000,51731260
2905,2011-09-22,29.35000,29.63000,28.53000,29.27000,86290440
2906,2011-09-21,32.23000,32.45000,30.26000,30.34000,57429560
2907,2011-09-20,32.77000,32.80000,32.24000,32.25000,34089368
2908,2011-09-19,32.69000,32.89000,32.13000,32.49000,33160246
2909,2011-09-16,34.05000,34.27000,33.02000,33.43000,52687592
2910,2011-09-15,33.37000,33.82000,33.13000,33.81000,35848788
2911,2011-09-14,32.73000,33.19000,31.86000,32.80000,44446740
2912,2011-09-13,32.81000,33.41000,32.17000,32.49000,50142208
2913,2011-09-12,31.35000,32.42000,31.21000,32.42000,53381752
2914,2011-09-09,33.08000,33.20000,31.93000,32.08000,67195568
2915,2011-09-08,34.44000,34.91000,33.44000,33.51000,44815208
2916,2011-09-07,34.10000,34.98000,33.87000,34.82000,36145888
2917,2011-09-06,33.11000,33.50000,32.78000,33.44000,57081176
2918,2011-09-02,35.06000,35.25000,34.51000,34.63000,41677228
2919,2011-09-01,37.62000,37.82000,36.29000,36.30000,36865260
2920,2011-08-31,37.42000,38.03000,37.22000,37.56000,30051400
2921,2011-08-30,37.40000,37.72000,36.75000,37.06000,28826266
2922,2011-08-29,36.82000,37.64000,36.47000,37.64000,27945756
2923,2011-08-26,35.28000,36.48000,34.82000,36.21000,35115668
2924,2011-08-25,37.79000,38.57000,35.42000,35.72000,55387552
2925,2011-08-24,34.82000,36.01000,34.68000,35.83000,41963836
2926,2011-08-23,33.29000,34.80000,32.31000,34.78000,55809436
2927,2011-08-22,35.12000,35.18000,33.35000,33.41000,50971320
2928,2011-08-19,34.76000,35.50000,34.26000,34.35000,52962312
2929,2011-08-18,35.27000,35.47000,34.50000,35.19000,57139172
2930,2011-08-17,36.46000,37.26000,36.32000,36.57000,30131312
2931,2011-08-16,36.27000,36.57000,35.77000,36.03000,42272564
2932,2011-08-15,36.53000,37.14000,36.39000,36.88000,34830096
2933,2011-08-12,37.13000,37.85000,35.58000,35.91000,44082500
2934,2011-08-11,34.63000,37.30000,34.63000,36.69000,69583432
2935,2011-08-10,35.52000,35.85000,33.98000,34.37000,83975624
2936,2011-08-09,35.38000,36.59000,33.69000,36.40000,78985632
2937,2011-08-08,36.23000,37.72000,33.69000,34.06000,107650304
2938,2011-08-05,38.30000,38.75000,36.72000,37.60000,85512272
2939,2011-08-04,39.31000,39.59000,37.82000,37.92000,59938092
2940,2011-08-03,39.76000,40.02000,39.35000,39.90000,41110032
2941,2011-08-02,40.10000,40.38000,39.84000,39.84000,42118932
2942,2011-08-01,41.16000,41.37000,39.96000,40.44000,34042408
2943,2011-07-29,40.24000,40.75000,39.90000,40.45000,37795984
2944,2011-07-28,40.69000,41.24000,40.62000,40.68000,23370784
2945,2011-07-27,41.20000,41.40000,40.59000,40.67000,32364600
2946,2011-07-26,41.50000,41.79000,41.29000,41.44000,24354928
2947,2011-07-25,41.52000,41.91000,41.29000,41.69000,22531004
2948,2011-07-22,42.27000,42.32000,41.76000,42.19000,19986046
2949,2011-07-21,41.57000,42.55000,41.23000,42.29000,45554056
2950,2011-07-20,40.69000,41.35000,40.62000,40.96000,31250812
2951,2011-07-19,39.92000,40.49000,39.71000,40.39000,34844496
2952,2011-07-18,39.79000,40.00000,38.93000,39.83000,47604248
2953,2011-07-15,40.61000,40.75000,39.50000,39.98000,46553296
2954,2011-07-14,41.18000,41.24000,40.29000,40.35000,65336260
2955,2011-07-13,39.67000,40.37000,39.41000,39.62000,34020568
2956,2011-07-12,39.24000,40.12000,39.24000,39.39000,33808208
2957,2011-07-11,40.19000,40.22000,39.29000,39.43000,38327920
2958,2011-07-08,40.70000,40.97000,40.56000,40.74000,20682964
2959,2011-07-07,41.19000,41.79000,41.10000,41.32000,28554304
2960,2011-07-06,40.59000,40.65000,40.18000,40.56000,23868334
2961,2011-07-05,41.51000,41.51000,40.97000,41.03000,23811208
2962,2011-07-01,40.81000,41.72000,40.77000,41.58000,32136736
2963,2011-06-30,40.72000,41.07000,40.37000,40.94000,28002024
2964,2011-06-29,40.04000,40.56000,39.92000,40.45000,44783464
2965,2011-06-28,40.07000,40.07000,39.24000,39.54000,41558664
2966,2011-06-27,39.40000,40.11000,39.33000,39.88000,30639636
2967,2011-06-24,40.05000,40.18000,39.44000,39.49000,36143032
2968,2011-06-23,40.12000,40.25000,39.62000,40.07000,48316520
2969,2011-06-22,40.67000,41.53000,40.48000,40.69000,27317060
2970,2011-06-21,40.68000,41.23000,40.25000,40.91000,34244084
2971,2011-06-20,40.50000,40.81000,40.12000,40.48000,21568824
2972,2011-06-17,40.85000,41.06000,40.54000,40.80000,32023980
2973,2011-06-16,40.63000,40.71000,39.70000,40.36000,50321136
2974,2011-06-15,41.02000,41.40000,40.25000,40.68000,37337308
2975,2011-06-14,42.13000,42.44000,41.48000,41.60000,32110148
2976,2011-06-13,41.29000,41.82000,40.72000,41.67000,31768310
2977,2011-06-10,40.59000,41.50000,40.10000,41.05000,48547056
2978,2011-06-09,40.59000,41.24000,40.54000,40.98000,30084304
2979,2011-06-08,40.58000,41.07000,40.20000,40.39000,38895184
2980,2011-06-07,40.92000,41.31000,40.65000,40.72000,36342388
2981,2011-06-06,41.10000,41.24000,40.37000,40.53000,40895852
2982,2011-06-03,41.09000,42.25000,41.02000,41.57000,31837492
2983,2011-06-02,41.93000,42.20000,40.83000,41.61000,45969424
2984,2011-06-01,42.87000,42.99000,41.73000,41.76000,38634792
2985,2011-05-31,43.24000,43.38000,42.77000,43.24000,28746220
2986,2011-05-27,42.70000,43.15000,42.54000,42.79000,24748708
2987,2011-05-26,42.12000,42.59000,42.10000,42.45000,21660730
2988,2011-05-25,42.11000,42.75000,42.10000,42.27000,26510052
2989,2011-05-24,42.77000,42.92000,41.69000,42.34000,39341320
2990,2011-05-23,42.40000,42.90000,42.30000,42.55000,32316784
2991,2011-05-20,43.83000,44.09000,43.09000,43.13000,29951524
2992,2011-05-19,44.32000,44.35000,43.75000,44.00000,19539524
2993,2011-05-18,43.72000,44.24000,43.41000,44.08000,24382932
2994,2011-05-17,42.68000,44.02000,42.65000,43.81000,36333560
2995,2011-05-16,42.97000,43.48000,42.72000,42.88000,34907304
2996,2011-05-13,44.06000,44.10000,42.98000,43.15000,32878376
2997,2011-05-12,44.10000,44.33000,43.55000,44.09000,29589928
2998,2011-05-11,45.02000,45.03000,44.11000,44.23000,31528852
2999,2011-05-10,45.06000,45.50000,44.98000,45.16000,20541124
3000,2011-05-09,44.75000,45.11000,44.32000,44.96000,22475424
3001,2011-05-06,45.47000,45.71000,44.76000,45.04000,26356068
3002,2011-05-05,45.24000,45.71000,44.99000,45.17000,26165514
3003,2011-05-04,45.98000,46.04000,45.28000,45.50000,22739272
3004,2011-05-03,44.95000,46.07000,44.86000,45.92000,30039120
3005,2011-05-02,45.94000,45.99000,45.11000,45.18000,25913966
3006,2011-04-29,45.81000,46.02000,45.40000,45.63000,23363096
3007,2011-04-28,45.61000,45.93000,45.41000,45.85000,19862756
3008,2011-04-27,45.30000,45.63000,45.05000,45.50000,20852690
3009,2011-04-26,44.85000,45.43000,44.61000,45.12000,25893126
3010,2011-04-25,44.65000,45.02000,44.38000,44.61000,17360520
3011,2011-04-21,44.68000,44.84000,44.12000,44.68000,24386588
3012,2011-04-20,44.90000,44.97000,43.94000,44.56000,35566808
3013,2011-04-19,44.26000,44.71000,43.76000,44.65000,26720104
3014,2011-04-18,44.27000,44.35000,43.53000,43.96000,50974276
3015,2011-04-15,45.24000,45.37000,44.83000,44.89000,32483880
3016,2011-04-14,45.68000,45.75000,44.91000,44.97000,45218920
3017,2011-04-13,47.24000,47.37000,45.88000,46.25000,55395688
3018,2011-04-12,46.55000,47.11000,46.25000,46.64000,27275620
3019,2011-04-11,47.00000,47.27000,46.75000,46.86000,25643410
3020,2011-04-08,47.52000,47.66000,46.63000,46.84000,23827176
3021,2011-04-07,47.64000,47.80000,46.96000,47.40000,29988334
3022,2011-04-06,46.81000,47.73000,46.63000,47.64000,31212868
3023,2011-04-05,46.17000,46.77000,46.05000,46.58000,21199012
3024,2011-04-04,46.12000,46.52000,46.05000,46.34000,15710209
3025,2011-04-01,46.55000,46.88000,46.18000,46.35000,25395780
3026,2011-03-31,46.05000,46.34000,45.95000,46.10000,23491762
3027,2011-03-30,46.53000,46.85000,46.22000,46.45000,26850724
3028,2011-03-29,45.83000,46.03000,45.51000,46.02000,17916404
3029,2011-03-28,46.10000,46.50000,45.95000,45.96000,19047618
3030,2011-03-25,45.70000,46.38000,45.67000,45.86000,20728952
3031,2011-03-24,45.70000,45.84000,45.09000,45.73000,21763428
3032,2011-03-23,45.29000,45.69000,44.77000,45.60000,26695104
3033,2011-03-22,45.66000,45.71000,45.35000,45.47000,19773156
3034,2011-03-21,46.28000,46.32000,45.32000,45.63000,28998804
3035,2011-03-18,45.24000,46.18000,44.75000,45.74000,77445704
3036,2011-03-17,44.46000,44.61000,43.40000,44.56000,46752304
3037,2011-03-16,44.64000,44.78000,43.66000,43.81000,41999204
3038,2011-03-15,44.55000,44.99000,43.85000,44.61000,35632164
3039,2011-03-14,45.42000,45.54000,44.63000,45.30000,24513340
3040,2011-03-11,45.28000,45.84000,45.25000,45.74000,20347910
3041,2011-03-10,46.08000,46.25000,45.26000,45.53000,33815388
3042,2011-03-09,46.33000,47.10000,46.02000,46.56000,25179568
3043,2011-03-08,45.38000,46.69000,45.30000,46.40000,32949342
3044,2011-03-07,45.62000,45.65000,44.76000,45.19000,28122076
3045,2011-03-04,45.98000,46.03000,45.10000,45.52000,27733362
3046,2011-03-03,45.72000,46.33000,45.71000,46.08000,23045500
3047,2011-03-02,45.39000,45.97000,45.07000,45.21000,28602008
3048,2011-03-01,46.47000,46.69000,45.59000,45.60000,33685016
3049,2011-02-28,46.81000,47.18000,46.42000,46.69000,25985944
3050,2011-02-25,46.25000,46.86000,46.12000,46.68000,26783016
3051,2011-02-24,45.63000,46.06000,45.21000,45.91000,31928880
3052,2011-02-23,46.04000,46.50000,45.29000,45.96000,36266392
3053,2011-02-22,47.20000,47.27000,45.85000,46.01000,44561836
3054,2011-02-18,47.82000,48.13000,47.55000,48.00000,23852134
3055,2011-02-17,47.77000,47.99000,47.50000,47.82000,22934972
3056,2011-02-16,47.15000,48.36000,47.10000,47.94000,44327748
3057,2011-02-15,46.56000,47.34000,46.54000,46.82000,35979864
3058,2011-02-14,46.60000,46.90000,46.47000,46.54000,28699124
3059,2011-02-11,45.40000,46.89000,45.40000,46.57000,40814416
3060,2011-02-10,45.10000,45.54000,44.95000,45.53000,22688508
3061,2011-02-09,45.36000,45.50000,44.65000,45.11000,33490936
3062,2011-02-08,45.49000,45.82000,45.31000,45.74000,28649452
3063,2011-02-07,44.75000,45.75000,44.65000,45.50000,36790832
3064,2011-02-04,45.00000,45.17000,44.30000,44.59000,38172828
3065,2011-02-03,45.48000,45.75000,44.84000,45.46000,23322380
3066,2011-02-02,45.79000,45.98000,45.34000,45.45000,24104900
3067,2011-02-01,45.20000,46.00000,45.16000,45.93000,28255494
3068,2011-01-31,44.41000,45.10000,44.40000,44.94000,23574462
3069,2011-01-28,45.05000,45.88000,44.40000,44.54000,38603128
3070,2011-01-27,44.98000,45.38000,44.69000,45.10000,26740892
3071,2011-01-26,45.20000,45.48000,44.87000,44.98000,25639360
3072,2011-01-25,44.82000,45.43000,44.26000,44.87000,36022336
3073,2011-01-24,45.21000,45.48000,44.86000,45.02000,27826780
3074,2011-01-21,45.05000,45.54000,44.85000,45.29000,44767336
3075,2011-01-20,43.83000,44.99000,43.61000,44.75000,46977664
3076,2011-01-19,44.55000,44.97000,43.60000,43.71000,44989128
3077,2011-01-18,45.02000,45.42000,44.50000,44.75000,46237632
3078,2011-01-14,44.51000,45.94000,44.45000,44.91000,86983736
3079,2011-01-13,44.94000,44.97000,44.17000,44.45000,42192796
3080,2011-01-12,44.44000,44.90000,44.25000,44.71000,44304852
3081,2011-01-11,43.70000,44.02000,43.42000,43.60000,28067052
3082,2011-01-10,43.27000,43.77000,43.00000,43.40000,30098080
3083,2011-01-07,44.54000,44.59000,42.65000,43.64000,69579336
3084,2011-01-06,44.40000,44.80000,44.25000,44.48000,31615264
3085,2011-01-05,43.92000,44.95000,43.90000,44.70000,50032460
3086,2011-01-04,43.78000,44.30000,43.34000,44.16000,40036724
3087,2011-01-03,43.00000,44.03000,42.96000,43.58000,43284100
3088,2010-12-31,42.11000,42.45000,42.04000,42.42000,12202493
3089,2010-12-30,42.31000,42.47000,42.05000,42.23000,12903320
3090,2010-12-29,42.58000,42.77000,42.30000,42.36000,13637332
3091,2010-12-28,42.70000,43.12000,42.47000,42.61000,20386552
3092,2010-12-27,41.82000,42.68000,41.80000,42.67000,17208996
3093,2010-12-23,42.15000,42.27000,41.82000,42.08000,18932006
3094,2010-12-22,41.17000,42.54000,41.16000,42.16000,47286244
3095,2010-12-21,40.16000,41.24000,39.98000,41.00000,30757752
3096,2010-12-20,39.83000,40.27000,39.69000,39.95000,22978112
3097,2010-12-17,40.06000,40.07000,39.53000,39.67000,52004796
3098,2010-12-16,40.42000,40.68000,39.82000,40.01000,37123164
3099,2010-12-15,40.73000,41.00000,40.06000,40.21000,30263996
3100,2010-12-14,41.44000,41.50000,40.47000,40.79000,34010704
3101,2010-12-13,41.57000,41.99000,41.16000,41.51000,35730372
3102,2010-12-10,40.89000,41.50000,40.77000,41.43000,28451226
3103,2010-12-09,40.67000,41.10000,40.57000,40.81000,43008296
3104,2010-12-08,39.36000,40.33000,39.06000,40.26000,38115836
3105,2010-12-07,40.35000,40.46000,39.24000,39.25000,40908156
3106,2010-12-06,39.48000,40.05000,39.30000,39.91000,25364434
3107,2010-12-03,39.07000,39.67000,38.70000,39.61000,30070142
3108,2010-12-02,38.43000,39.38000,38.33000,39.31000,41525956
3109,2010-12-01,37.95000,38.19000,37.65000,38.15000,33157136
3110,2010-11-30,37.49000,37.79000,37.24000,37.40000,33716632
3111,2010-11-29,37.47000,38.09000,37.11000,37.91000,30919208
3112,2010-11-26,37.71000,37.98000,37.56000,37.56000,12819133
3113,2010-11-24,37.83000,38.24000,37.59000,38.16000,24273036
3114,2010-11-23,38.01000,38.22000,37.60000,37.63000,35340392
3115,2010-11-22,39.06000,39.10000,38.21000,38.51000,33249488
3116,2010-11-19,39.41000,39.64000,39.26000,39.41000,26541910
3117,2010-11-18,39.57000,40.00000,39.36000,39.66000,30990276
3118,2010-11-17,39.58000,39.68000,38.98000,39.18000,32027458
3119,2010-11-16,39.74000,39.97000,39.04000,39.61000,46066476
3120,2010-11-15,39.82000,40.64000,39.71000,40.08000,28772432
3121,2010-11-12,39.86000,40.26000,39.38000,39.61000,33504792
3122,2010-11-11,40.27000,40.44000,39.85000,40.02000,25506904
3123,2010-11-10,39.87000,40.64000,39.59000,40.62000,35587824
3124,2010-11-09,40.43000,40.68000,39.73000,39.90000,32800040
3125,2010-11-08,40.86000,41.20000,40.21000,40.51000,32973224
3126,2010-11-05,39.89000,41.34000,39.78000,40.94000,75684784
3127,2010-11-04,38.14000,39.85000,37.86000,39.80000,77569304
3128,2010-11-03,36.98000,37.83000,36.96000,37.72000,35299548
3129,2010-11-02,37.53000,37.57000,36.83000,36.96000,39913036
3130,2010-11-01,37.61000,38.00000,37.10000,37.42000,36941900
3131,2010-10-29,37.45000,37.74000,37.32000,37.63000,19803212
3132,2010-10-28,37.70000,37.96000,37.33000,37.51000,30614512
3133,2010-10-27,37.06000,37.63000,37.00000,37.54000,30777416
3134,2010-10-26,36.98000,37.26000,36.78000,37.20000,39195432
3135,2010-10-25,37.97000,38.07000,37.00000,37.07000,37900828
3136,2010-10-22,37.50000,37.78000,37.32000,37.70000,24882106
3137,2010-10-21,38.19000,38.40000,36.21000,37.70000,38288400
3138,2010-10-20,38.00000,38.30000,37.46000,38.10000,43497156
3139,2010-10-19,37.90000,38.65000,37.50000,37.69000,70595072
3140,2010-10-18,37.15000,38.26000,37.01000,38.20000,55116888
3141,2010-10-15,38.87000,38.94000,36.54000,37.15000,142280320
3142,2010-10-14,39.25000,39.38000,38.10000,38.72000,76504896
3143,2010-10-13,40.66000,40.72000,39.58000,39.84000,69607656
3144,2010-10-12,39.47000,40.49000,39.47000,40.40000,38798016
3145,2010-10-11,39.52000,39.91000,39.40000,39.73000,24600980
3146,2010-10-08,39.67000,39.78000,39.13000,39.31000,28178480
3147,2010-10-07,40.11000,40.32000,39.20000,39.52000,26923896
3148,2010-10-06,39.56000,40.07000,39.42000,39.90000,31559812
3149,2010-10-05,39.36000,39.82000,39.07000,39.64000,42379484
3150,2010-10-04,38.98000,39.54000,38.71000,38.95000,38886008
3151,2010-10-01,38.34000,39.09000,38.29000,38.81000,38973704
3152,2010-09-30,38.49000,38.95000,37.96000,38.06000,54893036
3153,2010-09-29,38.79000,38.88000,38.06000,38.41000,40206960
3154,2010-09-28,39.36000,39.40000,38.61000,38.95000,31442540
3155,2010-09-27,39.54000,39.67000,39.01000,39.08000,25686176
3156,2010-09-24,39.51000,39.80000,39.30000,39.75000,28855020
3157,2010-09-23,39.63000,39.70000,38.99000,39.10000,33471068
3158,2010-09-22,40.43000,40.84000,39.75000,39.94000,34546336
3159,2010-09-21,41.31000,41.50000,40.47000,40.59000,33548812
3160,2010-09-20,40.24000,41.31000,40.03000,41.19000,33380588
3161,2010-09-17,41.03000,41.08000,39.99000,40.06000,45938292
3162,2010-09-16,40.72000,41.10000,40.55000,40.99000,25207452
3163,2010-09-15,40.51000,41.14000,40.34000,40.98000,25405324
3164,2010-09-14,40.97000,41.23000,40.46000,40.72000,42754044
3165,2010-09-13,40.64000,41.47000,40.64000,41.12000,41643164
3166,2010-09-10,39.92000,40.25000,39.67000,39.76000,21932100
3167,2010-09-09,39.93000,40.32000,39.12000,40.10000,33438796
3168,2010-09-08,38.34000,39.43000,38.34000,39.12000,30780924
3169,2010-09-07,38.73000,38.84000,38.22000,38.28000,31885416
3170,2010-09-03,38.47000,39.17000,38.47000,39.17000,34135588
3171,2010-09-02,37.84000,38.20000,37.49000,38.16000,31282882
3172,2010-09-01,36.74000,37.80000,36.66000,37.74000,36770448
3173,2010-08-31,35.94000,36.64000,35.73000,36.36000,34788904
3174,2010-08-30,36.40000,36.60000,35.83000,35.85000,27306470
3175,2010-08-27,35.87000,36.69000,35.55000,36.60000,38449040
3176,2010-08-26,36.36000,36.62000,35.62000,35.63000,31884600
3177,2010-08-25,35.95000,36.44000,35.67000,36.23000,36063112
3178,2010-08-24,36.59000,36.70000,35.92000,36.21000,48721688
3179,2010-08-23,37.21000,37.41000,36.84000,36.88000,29282752
3180,2010-08-20,37.11000,37.36000,36.81000,37.14000,30866394
3181,2010-08-19,37.66000,37.97000,37.00000,37.07000,35387240
3182,2010-08-18,37.39000,38.19000,37.39000,37.89000,27046144
3183,2010-08-17,37.97000,38.07000,37.40000,37.48000,33883768
3184,2010-08-16,37.32000,37.82000,37.28000,37.69000,28334062
3185,2010-08-13,37.80000,38.04000,37.50000,37.50000,24564012
3186,2010-08-12,37.36000,37.99000,37.22000,37.81000,35387300
3187,2010-08-11,38.65000,38.78000,37.75000,37.77000,46201524
3188,2010-08-10,39.67000,39.73000,39.16000,39.17000,34166432
3189,2010-08-09,40.55000,40.56000,39.66000,39.82000,37795888
3190,2010-08-06,40.74000,40.95000,39.97000,40.44000,34906768
3191,2010-08-05,40.97000,41.43000,40.94000,41.27000,19830560
3192,2010-08-04,41.22000,41.41000,40.86000,41.29000,23079686
3193,2010-08-03,41.50000,41.65000,40.87000,41.08000,29967836
3194,2010-08-02,40.98000,41.70000,40.73000,41.64000,35566680
3195,2010-07-30,39.72000,40.69000,39.72000,40.28000,26444862
3196,2010-07-29,40.71000,40.83000,39.91000,40.21000,29010262
3197,2010-07-28,40.44000,40.90000,40.15000,40.32000,23945338
3198,2010-07-27,40.74000,41.24000,40.61000,40.69000,44872684
3199,2010-07-26,39.80000,40.36000,39.50000,40.33000,27206928
3200,2010-07-23,39.17000,39.96000,38.97000,39.83000,28240908
3201,2010-07-22,38.96000,39.60000,38.73000,39.35000,35495968
3202,2010-07-21,40.25000,40.25000,38.34000,38.42000,41115560
3203,2010-07-20,38.32000,39.64000,38.28000,39.63000,43538936
3204,2010-07-19,39.03000,39.36000,38.12000,39.04000,35404824
3205,2010-07-16,40.28000,40.35000,38.86000,39.00000,58507328
3206,2010-07-15,40.72000,40.84000,39.31000,40.46000,81876128
3207,2010-07-14,40.15000,40.38000,39.84000,40.35000,37320544
3208,2010-07-13,39.81000,40.69000,39.74000,40.48000,48564752
3209,2010-07-12,38.86000,39.34000,38.60000,39.19000,25000376
3210,2010-07-09,37.75000,38.89000,37.68000,38.85000,30427958
3211,2010-07-08,38.78000,38.82000,37.15000,38.16000,41500800
3212,2010-07-07,36.64000,38.24000,36.41000,38.15000,44604148
3213,2010-07-06,36.69000,36.88000,35.86000,36.33000,35955360
3214,2010-07-02,36.31000,36.69000,35.34000,35.83000,36802728
3215,2010-07-01,36.54000,36.69000,35.16000,36.08000,56647120
3216,2010-06-30,37.02000,37.49000,36.51000,36.61000,35336328
3217,2010-06-29,37.91000,37.91000,36.88000,37.06000,56696704
3218,2010-06-28,39.55000,39.64000,38.47000,38.54000,39968436
3219,2010-06-25,38.78000,39.60000,38.27000,39.44000,70742456
3220,2010-06-24,38.55000,38.70000,37.42000,38.03000,73853656
3221,2010-06-23,38.29000,39.11000,38.02000,38.89000,45046088
3222,2010-06-22,38.93000,39.58000,38.22000,38.33000,42253316
3223,2010-06-21,39.55000,39.78000,38.66000,38.87000,33665044
3224,2010-06-18,38.60000,39.27000,38.38000,39.18000,37270784
3225,2010-06-17,38.60000,38.90000,37.92000,38.44000,34755040
3226,2010-06-16,38.02000,38.88000,37.99000,38.52000,37220664
3227,2010-06-15,37.55000,38.28000,37.26000,38.25000,45364116
3228,2010-06-14,37.97000,38.27000,37.23000,37.33000,48662152
3229,2010-06-11,37.79000,38.17000,37.52000,38.09000,31147584
3230,2010-06-10,37.68000,38.37000,37.41000,38.29000,44302588
3231,2010-06-09,38.15000,38.16000,37.01000,37.12000,42585908
3232,2010-06-08,36.86000,37.80000,36.55000,37.78000,51017832
3233,2010-06-07,37.79000,38.13000,36.66000,36.72000,44528216
3234,2010-06-04,38.49000,38.70000,37.50000,37.62000,52868852
3235,2010-06-03,39.86000,39.94000,38.62000,39.10000,30956960
3236,2010-06-02,39.17000,39.62000,38.67000,39.55000,39618408
3237,2010-06-01,39.32000,39.96000,38.50000,38.54000,37848560
3238,2010-05-28,40.33000,40.35000,39.36000,39.58000,41252340
3239,2010-05-27,39.58000,40.49000,39.40000,40.42000,44851608
3240,2010-05-26,39.19000,39.50000,38.47000,38.78000,50722220
3241,2010-05-25,37.67000,39.01000,37.35000,38.94000,66813672
3242,2010-05-24,40.16000,40.25000,38.50000,38.62000,49242316
3243,2010-05-21,37.02000,40.16000,37.02000,40.05000,89588792
3244,2010-05-20,38.55000,39.25000,37.31000,37.83000,76565504
3245,2010-05-19,38.54000,39.66000,38.52000,39.38000,64602620
3246,2010-05-18,40.62000,40.62000,38.55000,39.02000,61746024
3247,2010-05-17,39.93000,40.04000,38.77000,39.84000,56506880
3248,2010-05-14,40.10000,40.10000,39.21000,39.89000,60719888
3249,2010-05-13,41.44000,41.60000,40.78000,40.81000,35332112
3250,2010-05-12,41.74000,41.79000,40.81000,41.69000,47704068
3251,2010-05-11,41.46000,42.55000,41.15000,41.55000,50771328
3252,2010-05-10,42.32000,43.30000,41.42000,41.95000,66578276
3253,2010-05-07,41.03000,41.84000,39.78000,40.76000,72976272
3254,2010-05-06,42.63000,42.78000,39.29000,40.81000,78223576
3255,2010-05-05,42.11000,43.37000,41.62000,42.63000,43062032
3256,2010-05-04,42.97000,43.36000,42.25000,42.47000,48990388
3257,2010-05-03,42.97000,43.73000,42.89000,43.53000,31230804
3258,2010-04-30,44.02000,44.05000,42.23000,42.58000,54121064
3259,2010-04-29,43.89000,44.33000,43.59000,44.00000,36520240
3260,2010-04-28,42.84000,43.71000,42.78000,43.46000,48583712
3261,2010-04-27,43.48000,44.37000,42.30000,42.41000,66296076
3262,2010-04-26,44.78000,44.81000,43.73000,43.89000,42889272
3263,2010-04-23,44.73000,45.07000,44.25000,44.94000,32489174
3264,2010-04-22,44.91000,45.12000,44.03000,44.74000,63176892
3265,2010-04-21,46.04000,46.39000,45.00000,45.35000,46327728
3266,2010-04-20,45.77000,46.15000,45.56000,45.88000,39314080
3267,2010-04-19,45.23000,45.70000,44.59000,45.39000,72141896
3268,2010-04-16,47.67000,47.75000,45.14000,45.55000,121206568
3269,2010-04-15,47.65000,48.20000,47.49000,47.81000,45420968
3270,2010-04-14,47.40000,47.93000,46.78000,47.73000,72533040
3271,2010-04-13,46.04000,46.38000,45.85000,45.87000,27988832
3272,2010-04-12,46.03000,46.47000,45.90000,46.14000,24645844
3273,2010-04-09,45.88000,46.22000,45.45000,45.98000,22889920
3274,2010-04-08,45.16000,45.97000,44.81000,45.76000,28875020
3275,2010-04-07,45.83000,46.05000,45.02000,45.32000,28895464
3276,2010-04-06,45.23000,45.94000,45.15000,45.84000,28197602
3277,2010-04-05,45.28000,45.40000,44.79000,45.34000,21347908
3278,2010-04-01,45.03000,45.31000,44.99000,45.18000,23901928
3279,2010-03-31,44.31000,45.00000,44.25000,44.75000,39047960
3280,2010-03-30,44.90000,45.05000,44.36000,44.58000,30297920
3281,2010-03-29,45.25000,45.38000,44.46000,44.86000,30634312
3282,2010-03-26,45.04000,45.89000,44.80000,45.02000,39731912
3283,2010-03-25,44.98000,46.05000,44.89000,44.94000,45023892
3284,2010-03-24,44.44000,44.97000,44.20000,44.94000,36058924
3285,2010-03-23,43.85000,44.74000,43.78000,44.58000,33740084
3286,2010-03-22,43.07000,43.79000,43.04000,43.74000,23257200
3287,2010-03-19,43.72000,43.89000,43.13000,43.45000,37014304
3288,2010-03-18,43.75000,43.79000,43.15000,43.64000,26012000
3289,2010-03-17,43.31000,44.11000,43.27000,43.79000,32920480
3290,2010-03-16,43.35000,43.38000,42.69000,43.24000,28553792
3291,2010-03-15,42.92000,43.21000,42.60000,43.07000,29148176
3292,2010-03-12,43.34000,43.54000,42.85000,43.15000,31371964
3293,2010-03-11,42.91000,43.20000,42.80000,43.18000,30128568
3294,2010-03-10,42.87000,43.49000,42.81000,42.93000,40903640
3295,2010-03-09,42.39000,42.82000,42.05000,42.42000,37107040
3296,2010-03-08,42.85000,43.03000,42.47000,42.59000,28530182
3297,2010-03-05,42.32000,42.87000,42.19000,42.81000,34794216
3298,2010-03-04,41.91000,42.08000,41.66000,41.92000,25459140
3299,2010-03-03,41.65000,42.06000,41.34000,41.53000,27564966
3300,2010-03-02,41.98000,42.40000,41.36000,41.62000,33898020
3301,2010-03-01,42.03000,42.18000,41.41000,41.83000,34615968
3302,2010-02-26,40.69000,42.30000,40.60000,41.97000,67703272
3303,2010-02-25,40.16000,40.69000,39.70000,40.64000,46723712
3304,2010-02-24,40.05000,40.97000,40.00000,40.85000,44653540
3305,2010-02-23,40.90000,41.25000,39.76000,39.88000,52233020
3306,2010-02-22,40.40000,41.30000,40.25000,40.85000,43898840
3307,2010-02-19,40.11000,40.70000,39.90000,40.03000,40295880
3308,2010-02-18,39.94000,40.51000,39.77000,40.41000,31809500
3309,2010-02-17,40.26000,40.45000,39.76000,40.04000,34650608
3310,2010-02-16,39.33000,40.14000,38.75000,40.07000,46425240
3311,2010-02-12,38.67000,39.18000,38.36000,38.95000,38055700
3312,2010-02-11,38.84000,39.37000,38.36000,39.02000,33839392
3313,2010-02-10,38.64000,39.50000,38.52000,38.87000,39331732
3314,2010-02-09,38.19000,38.70000,37.84000,38.39000,45179624
3315,2010-02-08,38.29000,38.29000,37.32000,37.70000,58320908
3316,2010-02-05,38.64000,38.88000,37.03000,38.30000,75224104
3317,2010-02-04,39.79000,39.92000,38.35000,38.35000,57211784
3318,2010-02-03,40.58000,41.10000,40.17000,40.29000,37377624
3319,2010-02-02,39.80000,40.68000,39.70000,40.55000,46019128
3320,2010-02-01,39.10000,39.93000,38.95000,39.63000,37408104
3321,2010-01-29,39.65000,39.85000,38.80000,38.94000,53655196
3322,2010-01-28,39.68000,40.04000,38.72000,39.48000,65073528
3323,2010-01-27,38.35000,39.49000,38.07000,39.33000,66324096
3324,2010-01-26,39.00000,39.84000,38.28000,38.44000,52975240
3325,2010-01-25,39.76000,39.89000,38.84000,39.21000,56576848
3326,2010-01-22,40.65000,41.20000,38.82000,39.16000,106634856
3327,2010-01-21,43.04000,43.15000,40.32000,40.54000,137547664
3328,2010-01-20,43.01000,43.68000,42.71000,43.40000,39938496
3329,2010-01-19,43.40000,43.75000,42.90000,43.28000,41740208
3330,2010-01-15,44.30000,44.43000,43.34000,43.68000,69741560
3331,2010-01-14,44.20000,44.79000,44.10000,44.69000,38002376
3332,2010-01-13,43.55000,44.53000,42.87000,44.25000,39622000
3333,2010-01-12,43.99000,44.15000,42.94000,43.49000,47115056
3334,2010-01-11,45.12000,45.19000,44.31000,44.53000,31878678
3335,2010-01-08,44.37000,44.70000,44.08000,44.68000,33110028
3336,2010-01-07,43.79000,45.12000,43.61000,44.79000,44864656
3337,2010-01-06,43.45000,44.09000,43.31000,43.92000,27731250
3338,2010-01-05,42.79000,43.84000,42.78000,43.68000,41214104
3339,2010-01-04,41.79000,42.99000,41.67000,42.85000,35463336
3340,2009-12-31,41.62000,42.13000,41.45000,41.67000,20143084
3341,2009-12-30,41.27000,41.62000,41.23000,41.53000,15504194
3342,2009-12-29,41.73000,41.80000,41.46000,41.49000,15595238
3343,2009-12-28,41.85000,42.13000,41.56000,41.72000,13042291
3344,2009-12-24,41.68000,41.89000,41.51000,41.89000,7956428
3345,2009-12-23,41.84000,41.94000,41.45000,41.56000,24503542
3346,2009-12-22,42.00000,42.10000,41.69000,41.94000,24762010
3347,2009-12-21,41.55000,42.24000,41.50000,41.90000,35993644
3348,2009-12-18,40.53000,41.19000,40.04000,40.95000,48127608
3349,2009-12-17,41.06000,41.12000,40.19000,40.27000,44272760
3350,2009-12-16,41.17000,41.70000,40.88000,41.36000,43565372
3351,2009-12-15,41.50000,41.70000,40.62000,40.86000,40244304
3352,2009-12-14,41.01000,41.93000,40.70000,41.77000,35340704
3353,2009-12-11,40.99000,41.25000,40.75000,40.96000,46616056
3354,2009-12-10,41.36000,41.56000,40.66000,41.27000,36382984
3355,2009-12-09,41.25000,41.51000,40.60000,41.19000,42499728
3356,2009-12-08,41.01000,41.40000,40.62000,41.21000,41878868
3357,2009-12-07,41.63000,41.96000,41.06000,41.25000,32949544
3358,2009-12-04,42.25000,42.51000,41.22000,41.74000,61490232
3359,2009-12-03,42.30000,43.09000,41.31000,41.40000,53314360
3360,2009-12-02,42.15000,42.15000,41.47000,41.93000,32519644
3361,2009-12-01,42.61000,42.71000,41.62000,42.22000,39220176
3362,2009-11-30,41.56000,42.65000,41.49000,42.49000,38240520
3363,2009-11-27,40.98000,41.90000,40.75000,41.33000,26230028
3364,2009-11-25,42.67000,42.67000,41.94000,42.16000,26131140
3365,2009-11-24,43.26000,43.28000,42.24000,42.48000,31881742
3366,2009-11-23,42.95000,43.64000,42.70000,43.28000,29810622
3367,2009-11-20,42.47000,42.74000,42.15000,42.46000,25332416
3368,2009-11-19,43.10000,43.18000,42.26000,42.55000,26883918
3369,2009-11-18,43.14000,43.50000,42.94000,43.38000,20424210
3370,2009-11-17,42.92000,43.19000,42.54000,43.16000,25859628
3371,2009-11-16,43.25000,43.61000,42.76000,43.04000,43535612
3372,2009-11-13,43.16000,43.29000,42.36000,42.90000,36655692
3373,2009-11-12,44.08000,44.65000,43.00000,43.30000,34655348
3374,2009-11-11,44.34000,44.99000,43.78000,44.32000,32674800
3375,2009-11-10,44.14000,44.32000,43.55000,44.17000,30980178
3376,2009-11-09,43.93000,44.39000,43.30000,44.35000,38845464
3377,2009-11-06,43.14000,43.69000,42.91000,43.48000,27144928
3378,2009-11-05,42.60000,43.93000,42.40000,43.87000,32893228
3379,2009-11-04,43.21000,43.69000,42.12000,42.21000,42548720
3380,2009-11-03,42.09000,42.96000,41.98000,42.70000,29387728
3381,2009-11-02,42.18000,42.85000,41.52000,42.58000,44605536
3382,2009-10-30,43.95000,43.97000,41.73000,41.77000,58854000
3383,2009-10-29,43.22000,44.40000,42.76000,44.35000,35898512
3384,2009-10-28,43.73000,43.81000,42.50000,42.68000,45679484
3385,2009-10-27,43.99000,44.66000,43.67000,43.90000,38086396
3386,2009-10-26,45.12000,45.21000,43.55000,43.82000,42085476
3387,2009-10-23,45.70000,46.20000,44.96000,45.23000,27639458
3388,2009-10-22,44.92000,45.87000,44.83000,45.71000,32398752
3389,2009-10-21,46.02000,46.42000,44.65000,44.65000,32991512
3390,2009-10-20,45.81000,46.59000,45.77000,46.03000,30618892
3391,2009-10-19,46.42000,46.43000,45.45000,45.98000,30415394
3392,2009-10-16,46.70000,46.88000,46.00000,46.06000,37458936
3393,2009-10-15,46.36000,47.32000,46.36000,47.16000,36105928
3394,2009-10-14,47.19000,47.47000,46.63000,47.16000,70368648
3395,2009-10-13,45.65000,46.03000,44.53000,45.66000,45701828
3396,2009-10-12,46.37000,46.42000,45.35000,46.08000,24220586
3397,2009-10-09,45.46000,45.94000,45.08000,45.85000,26034140
3398,2009-10-08,46.04000,46.44000,45.05000,45.30000,36627640
3399,2009-10-07,44.60000,45.82000,44.46000,45.70000,36148664
3400,2009-10-06,44.36000,45.00000,44.07000,44.91000,41705368
3401,2009-10-05,42.48000,43.93000,42.35000,43.80000,34435384
3402,2009-10-02,40.82000,42.40000,40.53000,41.86000,43062264
3403,2009-10-01,43.40000,43.56000,41.36000,41.37000,50562656
3404,2009-09-30,44.80000,44.89000,43.43000,43.82000,40903920
3405,2009-09-29,44.89000,45.20000,44.43000,44.88000,23930572
3406,2009-09-28,43.97000,44.83000,43.69000,44.81000,25826098
3407,2009-09-25,44.15000,44.28000,43.34000,43.65000,31061280
3408,2009-09-24,45.21000,45.80000,44.26000,44.37000,42231336
3409,2009-09-23,46.40000,46.50000,44.98000,45.06000,34452364
3410,2009-09-22,44.81000,46.49000,44.48000,46.47000,41157764
3411,2009-09-21,44.54000,44.80000,44.22000,44.55000,24069996
3412,2009-09-18,45.24000,45.34000,44.70000,44.95000,39498504
3413,2009-09-17,44.29000,45.11000,44.20000,44.96000,35705664
3414,2009-09-16,43.35000,44.68000,43.21000,44.65000,38721892
3415,2009-09-15,43.61000,44.20000,42.55000,43.19000,49988800
3416,2009-09-14,42.08000,43.85000,42.01000,43.75000,28950260
3417,2009-09-11,43.13000,43.39000,42.48000,42.50000,27296356
3418,2009-09-10,42.73000,43.15000,42.20000,43.02000,25116548
3419,2009-09-09,42.60000,43.07000,42.39000,42.86000,29039212
3420,2009-09-08,42.79000,43.04000,41.85000,42.54000,28095096
3421,2009-09-04,42.33000,42.49000,41.79000,42.34000,21880108
3422,2009-09-03,41.23000,42.25000,41.11000,42.11000,35027840
3423,2009-09-02,41.51000,42.11000,40.75000,40.86000,35898408
3424,2009-09-01,43.08000,43.82000,41.56000,41.67000,51475328
3425,2009-08-31,42.44000,43.60000,42.06000,43.46000,32251026
3426,2009-08-28,43.81000,43.86000,42.51000,42.92000,27269166
3427,2009-08-27,43.05000,43.63000,42.54000,43.45000,28975656
3428,2009-08-26,43.39000,43.78000,42.92000,43.30000,31908382
3429,2009-08-25,43.39000,44.14000,43.30000,43.58000,34835644
3430,2009-08-24,43.86000,44.24000,42.95000,43.01000,40385156
3431,2009-08-21,42.86000,43.81000,42.53000,43.66000,42863592
3432,2009-08-20,41.53000,42.63000,41.48000,42.42000,29639540
3433,2009-08-19,41.15000,41.90000,41.00000,41.41000,29394042
3434,2009-08-18,41.10000,41.88000,41.06000,41.70000,29053576
3435,2009-08-17,41.21000,41.58000,40.71000,40.73000,39162728
3436,2009-08-14,42.63000,42.85000,41.80000,42.45000,38421084
3437,2009-08-13,42.73000,43.00000,41.81000,42.90000,40385252
3438,2009-08-12,41.19000,42.45000,41.03000,42.21000,43077024
3439,2009-08-11,42.28000,42.51000,40.94000,41.24000,50699344
3440,2009-08-10,42.03000,43.22000,42.01000,42.69000,43700564
3441,2009-08-07,41.28000,43.13000,41.18000,42.36000,65708212
3442,2009-08-06,42.28000,42.46000,40.22000,40.75000,54179564
3443,2009-08-05,40.34000,42.20000,40.26000,41.78000,63334044
3444,2009-08-04,39.27000,40.50000,39.17000,40.21000,43363704
3445,2009-08-03,39.12000,39.75000,38.99000,39.60000,42957720
3446,2009-07-31,38.38000,38.65000,37.93000,38.65000,39089488
3447,2009-07-30,38.13000,39.28000,37.90000,38.47000,38530920
3448,2009-07-29,37.79000,38.24000,37.44000,37.77000,29934538
3449,2009-07-28,37.74000,38.20000,37.65000,38.08000,29035832
3450,2009-07-27,37.97000,39.47000,37.57000,38.13000,30491184
3451,2009-07-24,38.05000,38.25000,37.40000,37.92000,35332168
3452,2009-07-23,36.95000,38.47000,36.57000,38.15000,56536816
3453,2009-07-22,36.40000,37.33000,36.21000,36.83000,40142736
3454,2009-07-21,37.20000,37.31000,36.60000,36.94000,43518272
3455,2009-07-20,37.02000,37.44000,36.59000,36.98000,43554312
3456,2009-07-17,36.42000,37.20000,36.18000,36.89000,61742240
3457,2009-07-16,35.50000,36.41000,35.22000,36.13000,71465080
3458,2009-07-15,35.11000,36.77000,35.01000,36.26000,84050088
3459,2009-07-14,34.53000,35.09000,34.06000,34.70000,52923968
3460,2009-07-13,32.87000,34.71000,32.43000,34.71000,70454176
3461,2009-07-10,33.31000,33.67000,32.21000,32.34000,51037376
3462,2009-07-09,32.89000,33.75000,32.87000,33.62000,41655512
3463,2009-07-08,32.93000,33.49000,31.79000,32.71000,71793376
3464,2009-07-07,32.63000,33.40000,32.13000,32.81000,56704856
3465,2009-07-06,32.03000,32.60000,31.59000,32.60000,60663968
3466,2009-07-02,33.36000,33.77000,32.27000,32.27000,38352124
3467,2009-07-01,34.27000,34.57000,33.65000,33.77000,36469544
3468,2009-06-30,34.60000,34.79000,33.87000,34.11000,39470544
3469,2009-06-29,34.55000,34.70000,34.04000,34.60000,34914744
3470,2009-06-26,33.88000,34.74000,33.48000,34.45000,46722496
3471,2009-06-25,33.48000,34.18000,32.81000,34.14000,57205700
3472,2009-06-24,33.78000,33.93000,33.07000,33.46000,50434380
3473,2009-06-23,33.11000,34.09000,32.92000,33.57000,59046540
3474,2009-06-22,34.69000,35.00000,32.86000,32.87000,70393200
3475,2009-06-19,34.65000,35.12000,33.79000,35.00000,77009072
3476,2009-06-18,32.85000,34.31000,32.84000,34.17000,63861440
3477,2009-06-17,33.43000,33.52000,32.18000,32.73000,65456580
3478,2009-06-16,34.27000,34.39000,33.38000,33.50000,56343992
3479,2009-06-15,34.88000,35.04000,33.93000,34.00000,55388456
3480,2009-06-12,34.86000,35.44000,34.80000,35.13000,41164088
3481,2009-06-11,35.07000,35.87000,34.54000,34.94000,66560832
3482,2009-06-10,35.57000,35.67000,34.37000,34.84000,60184452
3483,2009-06-09,35.72000,35.78000,35.09000,35.26000,58992208
3484,2009-06-08,34.55000,35.73000,34.55000,35.39000,61615056
3485,2009-06-05,35.72000,35.76000,34.50000,34.55000,61583732
3486,2009-06-04,34.40000,35.44000,34.23000,35.35000,70954112
3487,2009-06-03,34.40000,34.97000,33.65000,33.98000,72136256
3488,2009-06-02,35.07000,35.52000,34.45000,34.50000,159381616
3489,2009-06-01,37.40000,37.73000,35.77000,36.11000,90184472
3490,2009-05-29,36.35000,37.07000,35.68000,36.90000,61941772
3491,2009-05-28,35.14000,36.67000,34.60000,36.65000,66107232
3492,2009-05-27,36.50000,36.72000,34.66000,34.66000,76399448
3493,2009-05-26,34.12000,36.56000,34.12000,36.54000,65487760
3494,2009-05-22,35.26000,35.30000,34.41000,34.41000,39229944
3495,2009-05-21,34.19000,35.36000,33.67000,34.90000,65068016
3496,2009-05-20,36.61000,36.76000,34.26000,34.55000,77089360
3497,2009-05-19,37.30000,37.68000,35.77000,35.81000,59860540
3498,2009-05-18,35.71000,37.35000,35.20000,37.26000,71730808
3499,2009-05-15,35.45000,35.68000,34.40000,34.91000,68300920
3500,2009-05-14,34.12000,35.62000,33.82000,35.54000,68771496
3501,2009-05-13,34.70000,35.27000,33.68000,34.05000,82160688
3502,2009-05-12,36.24000,36.26000,34.06000,35.36000,94148856
3503,2009-05-11,37.35000,38.18000,35.83000,35.83000,86807944
3504,2009-05-08,36.80000,38.94000,36.20000,38.94000,110026328
3505,2009-05-07,38.50000,38.72000,34.73000,35.24000,113228336
3506,2009-05-06,35.82000,37.35000,35.56000,37.22000,102644800
3507,2009-05-05,35.45000,35.95000,34.46000,34.82000,63510240
3508,2009-05-04,33.06000,35.98000,32.90000,35.79000,100918368
3509,2009-05-01,32.85000,33.77000,32.06000,32.49000,68254056
3510,2009-04-30,35.01000,35.21000,32.75000,33.00000,94556896
3511,2009-04-29,33.44000,34.56000,33.25000,34.48000,84731200
3512,2009-04-28,32.35000,33.72000,32.28000,32.79000,65809864
3513,2009-04-27,32.53000,33.77000,32.40000,32.78000,67841864
3514,2009-04-24,33.66000,34.50000,32.25000,33.38000,117098032
3515,2009-04-23,32.23000,33.75000,31.66000,33.21000,89366440
3516,2009-04-22,31.64000,34.14000,31.32000,31.90000,124080216
3517,2009-04-21,29.07000,32.91000,28.87000,32.53000,115629288
3518,2009-04-20,31.78000,32.42000,29.64000,29.69000,109372120
3519,2009-04-17,33.35000,33.98000,32.53000,33.26000,104962032
3520,2009-04-16,34.01000,34.01000,32.36000,33.24000,132955928
3521,2009-04-15,30.62000,32.97000,30.27000,32.56000,108069352
3522,2009-04-14,33.04000,33.25000,30.65000,30.70000,109541376
3523,2009-04-13,32.01000,34.15000,31.81000,33.70000,110196128
3524,2009-04-09,30.44000,33.09000,30.20000,32.75000,147912992
3525,2009-04-08,27.45000,27.83000,26.51000,27.43000,66538256
3526,2009-04-07,27.28000,28.05000,27.01000,27.25000,73652592
3527,2009-04-06,28.27000,28.90000,27.68000,28.20000,72187952
3528,2009-04-03,27.98000,29.28000,27.50000,29.28000,80949488
3529,2009-04-02,29.58000,29.67000,27.41000,28.16000,131840768
3530,2009-04-01,25.29000,28.28000,25.29000,28.14000,106016824
3531,2009-03-31,25.73000,27.10000,24.85000,26.58000,84307320
3532,2009-03-30,25.67000,26.37000,24.78000,24.85000,104860472
3533,2009-03-27,28.27000,29.20000,27.28000,27.40000,108619768
3534,2009-03-26,29.05000,29.60000,27.65000,29.10000,133724928
3535,2009-03-25,27.19000,28.71000,25.93000,28.56000,149502064
3536,2009-03-24,28.05000,29.30000,26.20000,26.22000,133028504
3537,2009-03-23,25.30000,29.17000,25.13000,28.86000,146880384
3538,2009-03-20,24.66000,24.78000,23.15000,23.15000,108959520
3539,2009-03-19,27.25000,27.41000,24.59000,24.95000,124939672
3540,2009-03-18,24.82000,27.33000,24.18000,27.11000,142135200
3541,2009-03-17,23.30000,25.22000,22.27000,25.14000,99940880
3542,2009-03-16,24.31000,25.27000,22.96000,23.09000,125074776
3543,2009-03-13,23.59000,24.33000,22.91000,23.75000,120476048
3544,2009-03-12,20.15000,23.33000,20.00000,23.20000,152008864
3545,2009-03-11,20.35000,20.91000,19.12000,20.40000,155494608
3546,2009-03-10,17.35000,19.50000,17.13000,19.50000,149121776
3547,2009-03-09,15.37000,17.29000,15.02000,15.90000,132882832
3548,2009-03-06,17.19000,17.67000,14.96000,15.93000,155156928
3549,2009-03-05,18.50000,19.00000,16.04000,16.60000,153822912
3550,2009-03-04,21.74000,21.74000,18.80000,19.30000,145009792
3551,2009-03-03,21.68000,21.90000,20.60000,21.01000,85590032
3552,2009-03-02,21.70000,22.43000,21.07000,21.16000,94985408
3553,2009-02-27,21.63000,23.60000,21.55000,22.85000,109879896
3554,2009-02-26,23.32000,24.18000,22.80000,23.05000,125044400
3555,2009-02-25,20.83000,23.22000,20.12000,21.73000,135795216
3556,2009-02-24,20.13000,21.10000,18.96000,21.02000,186379920
3557,2009-02-23,20.90000,21.56000,19.48000,19.51000,101617096
3558,2009-02-20,19.71000,21.00000,18.75000,19.90000,135941536
3559,2009-02-19,22.07000,22.30000,20.54000,20.60000,66504588
3560,2009-02-18,22.18000,22.30000,21.00000,21.51000,82868416
3561,2009-02-17,22.80000,23.20000,21.65000,21.65000,91426192
3562,2009-02-13,25.25000,25.89000,24.66000,24.69000,58581624
3563,2009-02-12,25.35000,26.22000,24.17000,26.19000,80536352
3564,2009-02-11,25.25000,26.62000,25.14000,26.09000,64719064
3565,2009-02-10,26.86000,27.61000,24.30000,24.62000,91948696
3566,2009-02-09,26.65000,27.97000,26.30000,27.28000,54402992
3567,2009-02-06,25.51000,27.80000,25.30000,27.63000,76845120
3568,2009-02-05,23.74000,25.32000,22.49000,24.54000,79815432
3569,2009-02-04,24.25000,25.50000,23.74000,24.04000,55330744
3570,2009-02-03,25.03000,25.45000,23.70000,24.05000,66189128
3571,2009-02-02,25.00000,25.68000,24.35000,25.20000,51543044
3572,2009-01-30,25.81000,26.98000,24.60000,25.51000,74967560
3573,2009-01-29,26.74000,27.18000,25.25000,25.43000,58668040
3574,2009-01-28,27.19000,27.77000,26.34000,27.66000,91437904
3575,2009-01-27,25.12000,25.17000,24.06000,25.06000,50830776
3576,2009-01-26,25.00000,25.75000,23.74000,24.50000,74303272
3577,2009-01-23,21.92000,24.58000,21.81000,24.28000,74369288
3578,2009-01-22,22.36000,23.83000,21.21000,23.10000,110240776
3579,2009-01-21,19.29000,22.84000,18.88000,22.63000,136495296
3580,2009-01-20,21.00000,21.27000,17.70000,18.09000,142148976
3581,2009-01-16,24.83000,25.00000,20.53000,22.82000,156865232
3582,2009-01-15,26.54000,27.05000,23.76000,24.34000,136884128
3583,2009-01-14,25.59000,26.28000,24.76000,25.91000,73975840
3584,2009-01-13,25.21000,26.59000,24.27000,26.35000,73433096
3585,2009-01-12,25.92000,26.15000,24.50000,24.91000,59372032
3586,2009-01-09,27.55000,27.55000,25.81000,25.97000,42626444
3587,2009-01-08,27.90000,27.95000,26.86000,27.22000,52075768
3588,2009-01-07,29.15000,29.40000,28.00000,28.09000,42227656
3589,2009-01-06,29.79000,30.42000,29.51000,29.88000,44252516
3590,2009-01-05,30.73000,30.77000,29.08000,29.25000,44163160
3591,2009-01-02,31.19000,31.64000,30.47000,31.35000,32506746
3592,2008-12-31,30.70000,31.94000,30.44000,31.53000,25897370
3593,2008-12-30,29.89000,31.05000,29.88000,31.01000,29847418
3594,2008-12-29,29.99000,30.02000,28.80000,29.78000,22343234
3595,2008-12-26,30.05000,30.26000,29.25000,29.80000,12641336
3596,2008-12-24,28.65000,29.88000,28.65000,29.85000,12350122
3597,2008-12-23,30.23000,30.40000,29.11000,29.11000,27001096
3598,2008-12-22,30.64000,31.19000,29.51000,29.82000,36397404
3599,2008-12-19,30.11000,31.25000,29.78000,30.32000,55697984
3600,2008-12-18,32.16000,32.59000,30.12000,30.21000,57504016
3601,2008-12-17,31.50000,32.89000,31.05000,31.86000,47420388
3602,2008-12-16,29.01000,32.75000,28.84000,32.35000,75848264
3603,2008-12-15,29.34000,29.78000,28.17000,28.63000,51635800
3604,2008-12-12,28.44000,31.22000,28.01000,30.94000,59970272
3605,2008-12-11,32.60000,32.76000,29.74000,29.94000,70929016
3606,2008-12-10,34.40000,34.96000,33.08000,33.52000,47941532
3607,2008-12-09,35.67000,35.70000,33.66000,33.96000,65861144
3608,2008-12-08,33.97000,37.70000,33.60000,36.49000,84593424
3609,2008-12-05,30.41000,34.00000,29.73000,33.35000,73640024
3610,2008-12-04,29.84000,32.90000,29.75000,31.08000,80726592
3611,2008-12-03,27.44000,30.74000,27.04000,30.25000,64929928
3612,2008-12-02,26.54000,28.90000,24.61000,28.53000,81331920
3613,2008-12-01,30.67000,30.70000,26.02000,26.12000,71001504
3614,2008-11-28,30.36000,31.93000,30.13000,31.66000,23159136
3615,2008-11-26,28.76000,30.75000,28.17000,30.62000,55646924
3616,2008-11-25,29.63000,30.71000,28.50000,29.77000,105442864
3617,2008-11-24,23.92000,28.34000,22.50000,27.58000,137388912
3618,2008-11-21,23.74000,24.42000,19.69000,22.72000,194090480
3619,2008-11-20,27.74000,28.71000,22.32000,23.38000,160729904
3620,2008-11-19,31.69000,32.02000,28.28000,28.47000,90241840
3621,2008-11-18,32.76000,33.10000,30.36000,32.14000,67814928
3622,2008-11-17,33.82000,34.87000,32.50000,32.77000,57572844
3623,2008-11-14,36.33000,36.91000,34.16000,34.47000,55940940
3624,2008-11-13,34.65000,37.50000,33.50000,37.19000,74525840
3625,2008-11-12,35.42000,36.30000,34.31000,34.57000,56734164
3626,2008-11-11,35.82000,37.45000,35.27000,36.35000,61582856
3627,2008-11-10,38.28000,38.48000,35.65000,36.41000,41561476
3628,2008-11-07,38.23000,38.52000,36.47000,37.75000,50214336
3629,2008-11-06,38.96000,39.76000,37.86000,38.26000,56490008
3630,2008-11-05,41.73000,42.50000,38.62000,39.22000,53534432
3631,2008-11-04,41.25000,42.42000,40.88000,42.17000,48943296
3632,2008-11-03,41.25000,41.25000,40.20000,40.73000,45064072
3633,2008-10-31,37.29000,41.25000,37.28000,41.25000,86951792
3634,2008-10-30,36.89000,38.00000,36.03000,37.62000,47371928
3635,2008-10-29,37.11000,38.38000,35.51000,35.71000,61839376
3636,2008-10-28,34.95000,37.72000,32.52000,37.60000,73063024
3637,2008-10-27,35.10000,35.90000,33.33000,34.00000,62725764
3638,2008-10-24,35.12000,37.73000,34.51000,35.43000,61978020
3639,2008-10-23,37.36000,38.75000,35.82000,37.85000,63923508
3640,2008-10-22,39.15000,40.05000,36.01000,37.17000,60825192
3641,2008-10-21,39.92000,41.27000,39.60000,39.74000,41780680
3642,2008-10-20,40.01000,40.70000,38.80000,40.66000,44734564
3643,2008-10-17,39.63000,41.39000,39.06000,39.33000,60995872
3644,2008-10-16,39.02000,41.00000,36.31000,40.49000,75112400
3645,2008-10-15,39.33000,41.79000,38.00000,38.49000,84755608
3646,2008-10-14,43.33000,43.55000,39.66000,40.71000,95310296
3647,2008-10-13,43.91000,44.08000,39.66000,41.99000,81687752
3648,2008-10-10,35.03000,42.00000,35.02000,41.64000,112986928
3649,2008-10-09,41.03000,42.69000,36.63000,36.68000,88839624
3650,2008-10-08,38.93000,43.55000,38.50000,39.30000,75707792
3651,2008-10-07,45.43000,45.74000,39.31000,39.32000,62406648
3652,2008-10-06,43.49000,45.15000,41.70000,44.00000,63084020
3653,2008-10-03,50.31000,50.63000,45.23000,45.90000,68646720
3654,2008-10-02,49.25000,49.85000,46.72000,49.85000,53953236
3655,2008-10-01,46.91000,50.00000,46.30000,49.63000,59471552
3656,2008-09-30,44.63000,47.39000,43.77000,46.70000,67003176
3657,2008-09-29,46.58000,47.50000,41.00000,41.00000,79527968
3658,2008-09-26,40.55000,49.00000,40.48000,48.24000,148081392
3659,2008-09-25,42.25000,45.00000,41.30000,43.46000,36831252
3660,2008-09-24,41.50000,42.50000,40.22000,40.50000,27195352
3661,2008-09-23,40.55000,42.18000,40.06000,40.56000,32443356
3662,2008-09-22,45.69000,45.90000,40.75000,40.80000,44934160
3663,2008-09-19,47.00000,48.00000,42.55000,47.05000,88526536
3664,2008-09-18,36.53000,41.05000,34.04000,40.30000,132981960
3665,2008-09-17,39.08000,40.68000,35.50000,35.77000,104396208
3666,2008-09-16,35.58000,40.95000,35.02000,40.74000,90368128
3667,2008-09-15,38.39000,41.85000,37.00000,37.00000,92491688
3668,2008-09-12,40.84000,41.96000,40.19000,41.17000,51419144
3669,2008-09-11,38.25000,41.69000,37.92000,41.65000,57019204
3670,2008-09-10,39.99000,40.44000,38.79000,39.40000,46100364
3671,2008-09-09,40.81000,41.94000,39.45000,39.47000,56440000
3672,2008-09-08,42.39000,43.66000,40.00000,41.55000,85630400
3673,2008-09-05,37.50000,39.75000,37.35000,39.60000,42101324
3674,2008-09-04,39.30000,39.78000,37.83000,37.91000,41525372
3675,2008-09-03,38.91000,39.75000,38.44000,39.71000,28788628
3676,2008-09-02,39.56000,40.02000,38.50000,38.99000,33268058
3677,2008-08-29,38.51000,38.94000,38.09000,38.49000,23329136
3678,2008-08-28,37.66000,38.88000,37.23000,38.88000,34726120
3679,2008-08-27,36.55000,37.22000,35.87000,37.14000,23812712
3680,2008-08-26,36.17000,37.12000,35.90000,36.61000,28810766
3681,2008-08-25,37.40000,37.45000,36.08000,36.13000,27089444
3682,2008-08-22,37.22000,38.25000,36.86000,37.67000,36029104
3683,2008-08-21,36.18000,36.60000,35.79000,36.26000,30564444
3684,2008-08-20,35.52000,37.07000,35.02000,37.00000,39064904
3685,2008-08-19,36.01000,36.40000,35.00000,35.58000,41426392
3686,2008-08-18,37.92000,38.03000,36.65000,36.74000,32193040
3687,2008-08-15,38.05000,38.71000,37.37000,38.07000,36657888
3688,2008-08-14,36.59000,38.43000,36.42000,37.81000,41145372
3689,2008-08-13,37.64000,37.65000,36.15000,36.91000,48577060
3690,2008-08-12,40.99000,41.01000,37.02000,37.92000,65248228
3691,2008-08-11,40.79000,42.85000,40.37000,41.89000,34644100
3692,2008-08-08,39.51000,41.65000,39.40000,41.07000,37175212
3693,2008-08-07,40.68000,41.55000,39.48000,39.81000,42712984
3694,2008-08-06,41.35000,42.27000,40.34000,41.39000,33010548
3695,2008-08-05,41.27000,42.00000,40.21000,41.89000,35763840
3696,2008-08-04,40.14000,40.89000,38.91000,40.14000,27747976
3697,2008-08-01,41.11000,41.75000,39.77000,40.76000,30776580
3698,2008-07-31,40.63000,41.96000,40.30000,40.63000,37395432
3699,2008-07-30,41.41000,42.07000,39.97000,41.57000,47957332
3700,2008-07-29,37.94000,40.75000,37.18000,40.75000,50528416
3701,2008-07-28,39.41000,40.65000,37.41000,37.66000,41676768
3702,2008-07-25,39.17000,40.44000,38.48000,39.52000,35187984
3703,2008-07-24,42.06000,42.28000,39.04000,39.14000,47454516
3704,2008-07-23,40.91000,43.00000,39.37000,41.96000,59345348
3705,2008-07-22,38.16000,41.04000,37.61000,40.86000,50104140
3706,2008-07-21,40.34000,40.95000,38.35000,38.65000,41358840
3707,2008-07-18,41.20000,41.32000,39.20000,40.02000,65411200
3708,2008-07-17,38.05000,40.99000,37.80000,40.80000,132121392
3709,2008-07-16,32.30000,35.94000,31.50000,35.94000,79957728
3710,2008-07-15,30.73000,32.82000,29.24000,31.02000,88717736
3711,2008-07-14,34.19000,34.35000,31.68000,31.69000,50370200
3712,2008-07-11,33.38000,34.45000,32.09000,33.16000,71316648
3713,2008-07-10,34.00000,35.80000,33.55000,34.51000,47812192
3714,2008-07-09,35.74000,36.74000,34.09000,34.28000,50976764
3715,2008-07-08,34.30000,36.05000,33.42000,35.77000,62289508
3716,2008-07-07,35.50000,35.95000,33.56000,34.04000,48884384
3717,2008-07-03,35.12000,36.09000,34.49000,35.31000,33060198
3718,2008-07-02,34.36000,35.75000,34.23000,34.60000,51752984
3719,2008-07-01,33.69000,34.34000,32.33000,34.02000,74621600
3720,2008-06-30,34.86000,35.50000,33.96000,34.31000,50821600
3721,2008-06-27,36.45000,36.89000,34.20000,35.05000,69316696
3722,2008-06-26,37.16000,37.58000,36.20000,36.32000,45714252
3723,2008-06-25,37.94000,39.32000,37.50000,37.91000,42317924
3724,2008-06-24,36.81000,38.26000,36.25000,37.72000,43526292
3725,2008-06-23,37.99000,37.99000,36.51000,36.87000,37742040
3726,2008-06-20,37.69000,39.19000,36.95000,37.86000,55377220
3727,2008-06-19,38.79000,39.03000,36.82000,38.65000,59945380
3728,2008-06-18,38.53000,39.25000,37.93000,38.74000,35514472
3729,2008-06-17,40.36000,40.75000,38.95000,39.04000,32510864
3730,2008-06-16,39.48000,40.65000,39.10000,39.94000,34860164
3731,2008-06-13,38.39000,39.59000,37.80000,39.58000,40469788
3732,2008-06-12,37.71000,38.75000,37.63000,38.01000,53248440
3733,2008-06-11,38.50000,38.75000,37.07000,37.13000,50971028
3734,2008-06-10,37.23000,39.23000,37.16000,38.29000,54419384
3735,2008-06-09,40.32000,40.33000,36.42000,37.51000,74860400
3736,2008-06-06,41.79000,41.79000,39.95000,40.09000,39895256
3737,2008-06-05,41.90000,42.32000,41.40000,42.10000,27756500
3738,2008-06-04,41.74000,42.35000,41.16000,41.63000,30800252
3739,2008-06-03,42.53000,42.69000,41.19000,41.89000,28906216
3740,2008-06-02,42.63000,42.77000,41.66000,42.15000,30621114
3741,2008-05-30,43.96000,43.99000,42.87000,43.00000,21394978
3742,2008-05-29,42.69000,44.06000,42.29000,43.57000,22791080
3743,2008-05-28,43.39000,43.43000,41.90000,42.86000,31689864
3744,2008-05-27,42.40000,43.40000,42.30000,43.01000,28457910
3745,2008-05-23,42.72000,42.90000,42.12000,42.32000,21441760
3746,2008-05-22,42.40000,43.73000,42.10000,43.05000,28883556
3747,2008-05-21,43.80000,44.05000,42.33000,42.42000,40615912
3748,2008-05-20,45.66000,45.66000,43.50000,43.70000,48998312
3749,2008-05-19,46.55000,47.22000,45.87000,45.99000,19402352
3750,2008-05-16,47.32000,47.32000,46.05000,46.53000,20881100
3751,2008-05-15,46.05000,47.04000,45.58000,47.02000,27289908
3752,2008-05-14,46.00000,46.37000,45.30000,45.91000,24139414
3753,2008-05-13,47.04000,47.24000,45.22000,45.48000,27487244
3754,2008-05-12,46.82000,47.29000,46.51000,47.24000,20300926
3755,2008-05-09,45.75000,46.93000,45.52000,46.57000,21722540
3756,2008-05-08,46.98000,47.00000,45.31000,46.05000,26109748
3757,2008-05-07,48.22000,48.43000,46.39000,46.57000,27638964
3758,2008-05-06,47.34000,48.70000,47.25000,48.20000,25447828
3759,2008-05-05,48.32000,48.64000,47.85000,48.00000,19276936
3760,2008-05-02,49.90000,49.95000,48.03000,48.66000,27945332
3761,2008-05-01,47.68000,49.48000,47.68000,49.25000,31724188
3762,2008-04-30,47.25000,48.64000,46.73000,47.65000,36286660
3763,2008-04-29,47.34000,47.74000,46.62000,47.08000,20738790
3764,2008-04-28,47.67000,48.09000,46.81000,47.34000,27177926
3765,2008-04-25,47.29000,47.87000,46.54000,47.79000,24266582
3766,2008-04-24,45.37000,47.34000,45.34000,46.97000,37771536
3767,2008-04-23,45.41000,46.04000,44.69000,45.15000,23260940
3768,2008-04-22,44.96000,45.80000,44.75000,45.65000,23704172
3769,2008-04-21,45.29000,45.48000,44.60000,45.23000,23514890
3770,2008-04-18,46.33000,46.86000,45.42000,45.76000,31398108
3771,2008-04-17,44.34000,45.32000,44.17000,45.12000,30305258
3772,2008-04-16,43.53000,44.96000,43.10000,44.96000,52572556
3773,2008-04-15,42.18000,42.70000,41.28000,42.12000,37273600
3774,2008-04-14,42.40000,42.80000,41.17000,41.50000,33774804
3775,2008-04-11,43.32000,43.90000,42.43000,42.53000,41961844
3776,2008-04-10,44.20000,44.81000,43.58000,43.86000,32270156
3777,2008-04-09,45.18000,45.18000,44.08000,44.30000,28477120
3778,2008-04-08,45.24000,45.61000,44.43000,44.86000,29197620
3779,2008-04-07,46.43000,46.74000,45.06000,45.54000,24069396
3780,2008-04-04,45.85000,46.44000,45.12000,45.57000,29876732
3781,2008-04-03,45.37000,47.03000,45.32000,46.28000,30315612
3782,2008-04-02,47.08000,47.56000,45.94000,46.24000,36599964
3783,2008-04-01,45.13000,47.00000,44.66000,47.00000,54562520
3784,2008-03-31,42.71000,44.25000,42.61000,42.95000,28926478
3785,2008-03-28,43.20000,43.84000,42.65000,42.71000,29012696
3786,2008-03-27,44.22000,44.49000,42.86000,42.86000,32155488
3787,2008-03-26,45.27000,45.37000,43.97000,44.11000,41132184
3788,2008-03-25,46.02000,46.65000,44.91000,46.06000,54490424
3789,2008-03-24,45.42000,48.16000,45.02000,46.55000,66013716
3790,2008-03-20,42.91000,46.45000,42.47000,45.97000,72777136
3791,2008-03-19,43.26000,44.89000,42.44000,42.47000,70596936
3792,2008-03-18,42.19000,42.88000,41.25000,42.71000,76994240
3793,2008-03-17,37.00000,41.09000,37.00000,40.31000,125322120
3794,2008-03-14,38.80000,38.80000,36.01000,36.54000,77779624
3795,2008-03-13,37.84000,38.95000,36.63000,38.11000,45538292
3796,2008-03-12,38.85000,40.23000,38.40000,38.61000,44573336
3797,2008-03-11,38.48000,39.26000,37.16000,38.84000,58410916
3798,2008-03-10,37.73000,38.26000,36.31000,36.48000,41282904
3799,2008-03-07,36.89000,39.08000,36.61000,37.56000,43263952
3800,2008-03-06,38.18000,38.23000,37.15000,37.37000,44358884
3801,2008-03-05,39.36000,39.58000,38.11000,38.74000,36325512
3802,2008-03-04,39.37000,39.58000,38.22000,39.19000,56449288
3803,2008-03-03,40.55000,40.63000,39.43000,39.82000,31482144
3804,2008-02-29,41.88000,41.97000,40.38000,40.65000,36856972
3805,2008-02-28,44.00000,44.02000,42.39000,42.44000,36608388
3806,2008-02-27,43.07000,44.49000,42.62000,44.41000,38566940
3807,2008-02-26,43.73000,44.54000,43.41000,43.72000,24989230
3808,2008-02-25,43.43000,44.45000,42.76000,44.03000,27917260
3809,2008-02-22,43.06000,44.02000,41.91000,43.93000,30453056
3810,2008-02-21,43.14000,43.69000,42.22000,43.07000,32883924
3811,2008-02-20,42.37000,43.34000,41.85000,43.15000,30150920
3812,2008-02-19,43.54000,44.05000,42.17000,42.83000,25812146
3813,2008-02-15,42.41000,43.25000,42.01000,43.25000,29037010
3814,2008-02-14,44.05000,44.10000,42.47000,42.61000,31179952
3815,2008-02-13,43.55000,44.17000,43.01000,44.10000,26533356
3816,2008-02-12,43.66000,44.45000,42.75000,43.31000,27193376
3817,2008-02-11,43.89000,44.00000,42.82000,43.35000,25873944
3818,2008-02-08,44.96000,44.96000,43.26000,43.82000,26058426
3819,2008-02-07,43.39000,45.58000,43.25000,45.11000,36819424
3820,2008-02-06,44.27000,44.74000,43.27000,43.72000,27274782
3821,2008-02-05,45.05000,45.48000,43.85000,43.89000,39046676
3822,2008-02-04,47.83000,48.14000,46.03000,46.22000,28310182
3823,2008-02-01,47.26000,48.70000,46.90000,48.25000,48839012
3824,2008-01-31,46.41000,48.19000,45.85000,47.40000,55504632
3825,2008-01-30,47.10000,49.29000,46.32000,47.35000,68346888
3826,2008-01-29,45.94000,47.80000,44.75000,47.45000,56116752
3827,2008-01-28,43.79000,45.61000,43.40000,45.57000,29739012
3828,2008-01-25,45.67000,45.84000,43.21000,43.64000,38410888
3829,2008-01-24,45.83000,46.01000,44.26000,44.96000,52062968
3830,2008-01-23,40.40000,46.15000,40.00000,45.72000,77138504
3831,2008-01-22,37.66000,42.00000,37.66000,40.86000,57178512
3832,2008-01-18,40.24000,40.67000,38.52000,39.59000,51919064
3833,2008-01-17,41.57000,41.68000,39.80000,40.04000,39653308
3834,2008-01-16,40.46000,42.65000,40.21000,41.43000,63183652
3835,2008-01-15,40.73000,40.73000,38.85000,39.17000,45254792
3836,2008-01-14,41.27000,41.75000,40.60000,41.36000,22816918
3837,2008-01-11,40.88000,42.10000,40.39000,40.86000,37520424
3838,2008-01-10,39.77000,42.14000,39.30000,41.33000,41864264
3839,2008-01-09,39.59000,40.34000,38.54000,40.26000,33546824
3840,2008-01-08,41.46000,41.58000,39.42000,39.70000,33647848
3841,2008-01-07,41.10000,41.58000,40.16000,41.34000,25650562
3842,2008-01-04,41.41000,41.80000,40.63000,40.93000,25873808
3843,2008-01-03,42.34000,42.65000,41.76000,41.88000,17151724
3844,2008-01-02,43.55000,43.79000,42.00000,42.17000,22125564
3845,2007-12-31,43.07000,44.14000,42.79000,43.65000,16361231
3846,2007-12-28,44.19000,44.27000,42.82000,43.26000,16852162
3847,2007-12-27,44.60000,44.70000,43.51000,43.64000,16533263
3848,2007-12-26,44.72000,44.99000,44.24000,44.94000,14578604
3849,2007-12-24,44.14000,45.11000,44.14000,44.83000,7679621
3850,2007-12-21,43.92000,44.18000,43.33000,44.11000,26418092
3851,2007-12-20,44.33000,44.54000,43.05000,43.33000,27147434
3852,2007-12-19,43.90000,45.10000,43.66000,43.98000,21298488
3853,2007-12-18,44.77000,44.95000,43.13000,43.90000,25224980
3854,2007-12-17,44.82000,45.50000,44.36000,44.53000,19965648
3855,2007-12-14,45.24000,45.79000,44.68000,45.20000,27651846
3856,2007-12-13,45.83000,46.26000,44.73000,45.76000,41273000
3857,2007-12-12,47.03000,47.79000,45.18000,46.15000,44364992
3858,2007-12-11,47.11000,48.02000,45.50000,45.94000,38456368
3859,2007-12-10,46.80000,47.87000,46.55000,47.42000,23391492
3860,2007-12-07,46.21000,46.81000,45.85000,46.08000,15286546
3861,2007-12-06,44.88000,46.25000,44.53000,46.21000,19131980
3862,2007-12-05,44.54000,45.19000,43.93000,44.90000,20629364
3863,2007-12-04,44.32000,45.09000,44.00000,44.15000,19315164
3864,2007-12-03,45.90000,45.92000,44.95000,45.21000,21417200
3865,2007-11-30,45.38000,46.09000,45.01000,45.62000,40113440
3866,2007-11-29,43.38000,44.09000,43.01000,43.65000,23553932
3867,2007-11-28,42.73000,44.13000,42.56000,43.96000,32246484
3868,2007-11-27,40.92000,42.48000,40.57000,42.35000,28501540
3869,2007-11-26,41.87000,42.49000,40.33000,40.46000,27132252
3870,2007-11-23,41.50000,42.20000,40.96000,41.95000,10808359
3871,2007-11-21,40.81000,42.00000,40.15000,40.68000,26759276
3872,2007-11-20,41.37000,42.35000,40.28000,41.63000,33277744
3873,2007-11-19,42.70000,42.84000,41.19000,41.37000,29656654
3874,2007-11-16,43.74000,44.11000,42.48000,43.09000,29023948
3875,2007-11-15,44.60000,45.19000,43.08000,43.53000,23434162
3876,2007-11-14,45.90000,46.02000,44.44000,45.15000,25367380
3877,2007-11-13,43.30000,45.50000,42.63000,45.05000,35966728
3878,2007-11-12,42.11000,43.68000,41.86000,42.39000,27693578
3879,2007-11-09,41.40000,43.29000,41.17000,42.31000,43587232
3880,2007-11-08,42.51000,42.92000,40.68000,42.61000,37343356
3881,2007-11-07,42.93000,43.81000,42.15000,42.24000,28982634
3882,2007-11-06,42.69000,44.34000,42.69000,44.11000,28757366
3883,2007-11-05,42.69000,43.20000,41.67000,42.77000,28852720
3884,2007-11-02,44.45000,44.48000,42.06000,43.15000,39570300
3885,2007-11-01,45.65000,46.32000,44.20000,44.32000,31730700
3886,2007-10-31,46.95000,47.55000,46.04000,47.00000,23899100
3887,2007-10-30,46.40000,46.89000,46.05000,46.56000,13131400
3888,2007-10-29,47.39000,47.50000,46.51000,46.67000,18863100
3889,2007-10-26,46.96000,47.45000,45.93000,47.32000,18852454
3890,2007-10-25,46.10000,46.55000,45.15000,46.05000,20076380
3891,2007-10-24,45.73000,46.44000,44.74000,46.27000,27352826
3892,2007-10-23,45.92000,45.99000,45.13000,45.94000,13519045
3893,2007-10-22,44.90000,45.93000,44.66000,45.37000,18094024
3894,2007-10-19,45.79000,46.60000,44.96000,45.02000,29500900
3895,2007-10-18,46.10000,46.13000,45.45000,45.90000,19400264
3896,2007-10-17,47.04000,47.12000,45.75000,46.37000,34659600
3897,2007-10-16,46.00000,46.40000,44.60000,45.11000,22510200
3898,2007-10-15,46.77000,46.82000,45.79000,46.27000,16575300
3899,2007-10-12,46.67000,47.10000,46.54000,46.82000,12506902
3900,2007-10-11,47.01000,47.62000,46.53000,46.66000,27920700
3901,2007-10-10,47.47000,47.47000,46.55000,46.91000,18858500
3902,2007-10-09,47.59000,47.70000,46.99000,47.57000,12967407
3903,2007-10-08,47.31000,47.58000,47.05000,47.44000,8310200
3904,2007-10-05,47.45000,47.88000,47.28000,47.58000,13443200
3905,2007-10-04,47.20000,47.43000,46.98000,47.25000,11141000
3906,2007-10-03,46.71000,47.46000,46.65000,47.00000,12675700
3907,2007-10-02,46.99000,47.35000,46.82000,47.16000,16003197
3908,2007-10-01,45.47000,47.04000,45.42000,46.81000,17276202
3909,2007-09-28,46.05000,46.21000,45.58000,45.82000,15587900
3910,2007-09-27,46.20000,46.28000,45.68000,46.21000,12846300
3911,2007-09-26,46.26000,46.69000,45.74000,46.13000,17485400
3912,2007-09-25,46.25000,46.25000,45.65000,46.10000,16405154
3913,2007-09-24,47.20000,47.20000,46.17000,46.34000,17346900
3914,2007-09-21,47.50000,47.54000,46.63000,47.13000,20535000
3915,2007-09-20,47.62000,47.75000,46.73000,46.96000,19553500
3916,2007-09-19,47.97000,48.06000,47.17000,47.57000,31807740
3917,2007-09-18,45.68000,47.86000,45.12000,47.82000,27267718
3918,2007-09-17,45.39000,45.63000,44.89000,45.29000,17958300
3919,2007-09-14,45.23000,45.64000,45.01000,45.54000,12482470
3920,2007-09-13,44.42000,45.78000,44.38000,45.60000,20263028
3921,2007-09-12,44.50000,44.74000,44.15000,44.47000,13903005
3922,2007-09-11,43.96000,44.84000,43.67000,44.54000,15148000
3923,2007-09-10,43.75000,44.45000,43.35000,43.93000,17187500
3924,2007-09-07,43.27000,43.99000,43.20000,43.52000,21526200
3925,2007-09-06,44.24000,44.55000,43.83000,44.21000,18994400
3926,2007-09-05,44.83000,44.97000,44.07000,44.17000,15557000
3927,2007-09-04,44.40000,45.62000,44.26000,45.30000,15416718
3928,2007-08-31,45.00000,45.13000,44.27000,44.52000,16937800
3929,2007-08-30,43.64000,44.36000,43.34000,43.97000,15581500
3930,2007-08-29,43.88000,44.23000,43.15000,44.13000,21605600
3931,2007-08-28,44.48000,44.48000,43.46000,43.60000,23517300
3932,2007-08-27,45.75000,45.90000,44.89000,44.91000,13527102
3933,2007-08-24,45.50000,46.00000,45.03000,45.95000,13248500
3934,2007-08-23,46.45000,46.58000,45.15000,45.67000,21476600
3935,2007-08-22,46.67000,46.83000,45.03000,46.00000,30846800
3936,2007-08-21,46.12000,47.08000,45.75000,46.20000,23582204
3937,2007-08-20,47.17000,47.51000,45.07000,46.49000,32691700
3938,2007-08-17,48.08000,48.29000,46.15000,47.01000,57869824
3939,2007-08-16,42.75000,45.90000,42.16000,45.47000,51421000
3940,2007-08-15,43.13000,44.42000,42.81000,43.00000,27726696
3941,2007-08-14,43.94000,44.02000,43.13000,43.30000,25217200
3942,2007-08-13,45.23000,45.43000,43.68000,43.83000,21359500
3943,2007-08-10,43.36000,44.80000,42.51000,44.25000,32549000
3944,2007-08-09,45.04000,45.94000,44.17000,44.17000,39309000
3945,2007-08-08,45.75000,47.23000,45.27000,46.51000,27477200
3946,2007-08-07,44.99000,46.05000,44.15000,45.34000,30567500
3947,2007-08-06,43.76000,45.11000,43.28000,45.11000,34200000
3948,2007-08-03,44.60000,44.95000,43.39000,43.65000,36628800
3949,2007-08-02,44.41000,44.76000,44.00000,44.59000,28322100
3950,2007-08-01,43.70000,44.44000,43.20000,44.38000,44504484
3951,2007-07-31,45.07000,45.97000,43.94000,44.01000,34080840
3952,2007-07-30,44.75000,45.14000,43.61000,44.75000,32318300
3953,2007-07-27,44.09000,45.24000,43.70000,44.23000,40020600
3954,2007-07-26,44.30000,44.55000,43.50000,44.08000,51335732
3955,2007-07-25,45.67000,46.21000,44.29000,45.27000,40176500
3956,2007-07-24,46.63000,46.95000,45.12000,45.34000,35706800
3957,2007-07-23,47.75000,47.87000,47.06000,47.15000,20523500
3958,2007-07-20,48.81000,48.81000,47.38000,47.56000,30678200
3959,2007-07-19,49.50000,49.69000,47.84000,48.62000,26199900
3960,2007-07-18,48.81000,49.29000,47.83000,48.88000,35536900
3961,2007-07-17,49.95000,50.48000,49.83000,49.92000,18302140
3962,2007-07-16,49.91000,50.46000,49.73000,49.83000,12264636
3963,2007-07-13,49.68000,50.22000,49.27000,50.05000,16393761
3964,2007-07-12,48.69000,49.63000,48.13000,49.53000,19172920
3965,2007-07-11,47.52000,48.44000,47.12000,48.13000,27237436
3966,2007-07-10,48.30000,48.57000,47.46000,47.51000,21881922
3967,2007-07-09,49.21000,49.28000,48.53000,48.79000,10577992
3968,2007-07-06,48.62000,49.16000,48.45000,48.97000,10792303
3969,2007-07-05,49.10000,49.35000,48.65000,48.79000,11612922
3970,2007-07-03,49.19000,49.58000,49.04000,49.34000,7443990
3971,2007-07-02,48.90000,49.25000,48.57000,49.15000,15735507
3972,2007-06-29,49.23000,49.30000,48.10000,48.45000,21768160
3973,2007-06-28,49.25000,49.48000,48.56000,48.96000,14430872
3974,2007-06-27,48.26000,49.30000,48.08000,49.24000,16354111
3975,2007-06-26,48.45000,49.05000,48.30000,48.60000,18965380
3976,2007-06-25,48.72000,49.21000,48.06000,48.36000,17240148
3977,2007-06-22,49.56000,49.75000,48.58000,48.72000,25110464
3978,2007-06-21,49.69000,49.88000,48.68000,49.84000,20101918
3979,2007-06-20,50.91000,50.99000,49.42000,49.46000,14921249
3980,2007-06-19,50.44000,50.88000,50.29000,50.85000,12251872
3981,2007-06-18,50.83000,50.85000,50.33000,50.43000,9293861
3982,2007-06-15,50.64000,50.99000,50.42000,50.56000,18354200
3983,2007-06-14,49.93000,50.83000,49.93000,50.32000,12440636
3984,2007-06-13,49.63000,50.39000,49.52000,50.29000,14508000
3985,2007-06-12,50.22000,50.40000,49.34000,49.35000,15389880
3986,2007-06-11,50.41000,50.84000,50.03000,50.43000,11251980
3987,2007-06-08,49.83000,50.48000,49.54000,50.41000,13564675
3988,2007-06-07,50.30000,50.65000,49.74000,49.82000,17412968
3989,2007-06-06,51.23000,51.23000,50.26000,50.56000,13885374
3990,2007-06-05,51.24000,51.49000,51.19000,51.22000,13617278
3991,2007-06-04,51.56000,51.80000,51.54000,51.57000,11122478
3992,2007-06-01,51.92000,52.08000,51.66000,51.90000,12104746
3993,2007-05-31,52.25000,52.31000,51.67000,51.83000,11024061
3994,2007-05-30,51.43000,52.06000,51.35000,52.06000,10243379
3995,2007-05-29,51.65000,51.92000,51.45000,51.82000,9552263
3996,2007-05-25,51.53000,51.85000,51.26000,51.64000,10761416
3997,2007-05-24,52.00000,52.24000,51.45000,51.59000,13105950
3998,2007-05-23,52.33000,52.64000,51.93000,51.99000,11454241
3999,2007-05-22,52.56000,52.68000,52.09000,52.29000,9665750
4000,2007-05-21,52.38000,52.81000,52.31000,52.56000,10408224
4001,2007-05-18,52.62000,52.93000,52.45000,52.54000,11115016
4002,2007-05-17,52.78000,53.00000,52.50000,52.56000,9049968
4003,2007-05-16,52.37000,53.07000,52.20000,52.98000,12925711
4004,2007-05-15,52.09000,52.71000,52.00000,52.03000,11105002
4005,2007-05-14,52.00000,52.16000,51.55000,51.83000,9342827
4006,2007-05-11,52.12000,52.38000,51.72000,52.15000,12419349
4007,2007-05-10,52.79000,53.03000,51.95000,52.00000,13478659
4008,2007-05-09,52.55000,53.25000,52.43000,53.20000,12563653
4009,2007-05-08,52.48000,52.65000,52.23000,52.45000,9028148
4010,2007-05-07,52.81000,52.95000,52.55000,52.73000,7375343
4011,2007-05-04,52.80000,53.05000,52.59000,52.63000,11976896
4012,2007-05-03,52.83000,52.92000,52.37000,52.70000,9755189
4013,2007-05-02,52.00000,52.77000,52.00000,52.55000,13194737
4014,2007-05-01,52.40000,52.50000,51.60000,52.26000,13857416
4015,2007-04-30,52.46000,53.06000,51.99000,52.10000,29900156
4016,2007-04-27,52.77000,52.80000,52.14000,52.55000,14428558
4017,2007-04-26,52.77000,53.00000,52.56000,52.94000,14440456
4018,2007-04-25,52.24000,52.94000,52.18000,52.82000,18088440
4019,2007-04-24,52.06000,52.28000,51.65000,52.16000,10860748
4020,2007-04-23,52.35000,52.70000,52.05000,52.28000,12675506
4021,2007-04-20,52.65000,52.71000,52.10000,52.54000,21168920
4022,2007-04-19,52.03000,52.23000,51.35000,52.09000,20708638
4023,2007-04-18,51.57000,52.67000,51.43000,52.07000,39200024
4024,2007-04-17,49.97000,50.42000,49.71000,50.18000,12238991
4025,2007-04-16,49.47000,50.25000,49.32000,49.97000,15764982
4026,2007-04-13,49.45000,49.45000,48.66000,49.09000,11266319
4027,2007-04-12,49.52000,49.52000,48.73000,49.20000,9472504
4028,2007-04-11,49.10000,49.34000,48.98000,49.15000,12046120
4029,2007-04-10,49.01000,49.34000,48.98000,49.24000,8200099
4030,2007-04-09,48.78000,49.13000,48.66000,49.00000,7509461
4031,2007-04-05,48.35000,48.89000,48.34000,48.77000,7991639
4032,2007-04-04,48.56000,48.71000,48.27000,48.56000,9165227
4033,2007-04-03,48.25000,48.59000,48.09000,48.56000,13572155
4034,2007-04-02,48.38000,48.49000,47.70000,48.24000,13834475
4035,2007-03-30,48.61000,49.02000,47.95000,48.38000,12674716
4036,2007-03-29,48.24000,48.64000,48.02000,48.50000,10837095
4037,2007-03-28,48.29000,48.48000,47.79000,47.99000,13176750
4038,2007-03-27,48.59000,48.82000,48.35000,48.57000,11183670
4039,2007-03-26,48.55000,48.78000,47.94000,48.70000,11851000
4040,2007-03-23,48.59000,48.89000,48.43000,48.52000,11748300
4041,2007-03-22,49.06000,49.10000,48.36000,48.47000,19609808
4042,2007-03-21,47.81000,49.65000,47.81000,49.05000,20747688
4043,2007-03-20,47.51000,47.88000,47.33000,47.75000,14507366
4044,2007-03-19,47.20000,47.80000,47.16000,47.58000,14448195
4045,2007-03-16,47.62000,47.83000,46.98000,47.03000,24762832
4046,2007-03-15,47.14000,48.19000,47.14000,47.70000,15828700
4047,2007-03-14,46.72000,47.55000,45.91000,47.30000,25044000
4048,2007-03-13,48.45000,48.50000,46.56000,46.70000,25294400
4049,2007-03-12,48.64000,48.98000,48.60000,48.84000,10445700
4050,2007-03-09,49.12000,49.35000,48.53000,48.82000,9452900
4051,2007-03-08,48.79000,49.35000,48.62000,48.74000,11979700
4052,2007-03-07,48.69000,48.87000,48.26000,48.36000,13664700
4053,2007-03-06,47.97000,48.68000,47.43000,48.52000,17752140
4054,2007-03-05,47.60000,48.16000,47.20000,47.54000,20231800
4055,2007-03-02,48.95000,49.00000,48.11000,48.19000,16924500
4056,2007-03-01,48.98000,49.44000,48.30000,49.20000,22632848
4057,2007-02-28,49.07000,49.89000,48.89000,49.39000,19189200
4058,2007-02-27,50.61000,50.61000,47.60000,49.22000,21444900
4059,2007-02-26,51.17000,51.41000,50.43000,50.81000,13342781
4060,2007-02-23,51.55000,51.75000,50.72000,51.03000,10044900
4061,2007-02-22,51.80000,51.95000,51.38000,51.64000,9112100
4062,2007-02-21,51.45000,51.85000,51.27000,51.65000,9337100
4063,2007-02-20,51.15000,51.75000,51.12000,51.63000,9171500
4064,2007-02-16,51.16000,51.35000,51.01000,51.25000,11292700
4065,2007-02-15,51.05000,51.47000,50.89000,51.21000,13339600
4066,2007-02-14,51.09000,51.55000,51.00000,51.42000,10745969
4067,2007-02-13,50.35000,51.02000,50.33000,50.95000,8374510
4068,2007-02-12,50.59000,50.65000,50.25000,50.44000,7889200
4069,2007-02-09,51.02000,51.19000,50.08000,50.42000,9489000
4070,2007-02-08,51.06000,51.06000,50.52000,50.93000,10312300
4071,2007-02-07,50.84000,51.22000,50.80000,51.21000,7537400
4072,2007-02-06,50.85000,51.32000,50.76000,51.00000,9849200
4073,2007-02-05,50.81000,51.15000,50.54000,50.96000,8079900
4074,2007-02-02,51.22000,51.33000,50.73000,50.93000,15443400
4075,2007-02-01,50.96000,51.24000,50.86000,51.21000,13420400
4076,2007-01-31,50.07000,51.16000,49.85000,50.93000,18462300
4077,2007-01-30,49.70000,50.25000,49.37000,50.18000,12325700
4078,2007-01-29,49.57000,49.65000,49.11000,49.47000,12085000
4079,2007-01-26,50.00000,50.25000,49.50000,49.70000,13990300
4080,2007-01-25,50.24000,50.68000,49.93000,50.21000,14899400
4081,2007-01-24,49.68000,50.40000,49.51000,50.36000,13869200
4082,2007-01-23,49.57000,49.86000,49.28000,49.83000,12845900
4083,2007-01-22,48.87000,49.86000,48.70000,49.66000,18325900
4084,2007-01-19,48.30000,48.83000,48.14000,48.76000,14650600
4085,2007-01-18,48.05000,48.58000,47.92000,48.15000,12654500
4086,2007-01-17,48.65000,48.89000,48.12000,48.43000,16292200
4087,2007-01-16,48.16000,48.46000,48.10000,48.39000,8696900
4088,2007-01-12,48.10000,48.26000,47.90000,47.99000,10646900
4089,2007-01-11,48.00000,48.42000,47.94000,48.31000,8049400
4090,2007-01-10,47.47000,48.12000,47.44000,48.10000,15597000
4091,2007-01-09,47.90000,48.11000,47.36000,47.75000,9279600
4092,2007-01-08,47.57000,48.06000,47.32000,47.95000,8239200
4093,2007-01-05,48.17000,48.25000,47.63000,47.79000,10761000
4094,2007-01-04,48.05000,48.55000,47.75000,48.19000,9507000
4095,2007-01-03,48.00000,48.37000,47.59000,48.07000,14245200
4096,2006-12-29,48.75000,48.91000,48.27000,48.30000,9601700
4097,2006-12-28,48.80000,49.00000,48.64000,48.92000,6526200
4098,2006-12-27,48.54000,49.00000,47.82000,48.95000,7716600
4099,2006-12-26,47.98000,48.37000,47.95000,48.31000,4101200
4100,2006-12-22,48.64000,48.80000,47.62000,47.89000,8342000
4101,2006-12-21,48.42000,48.97000,48.33000,48.65000,10946200
4102,2006-12-20,48.33000,48.37000,48.14000,48.22000,6046000
4103,2006-12-19,48.03000,48.48000,47.95000,48.27000,9291400
4104,2006-12-18,48.30000,48.60000,48.03000,48.23000,8538200
4105,2006-12-15,48.20000,48.65000,48.00000,48.30000,16172300
4106,2006-12-14,47.61000,48.04000,47.30000,47.95000,10053100
4107,2006-12-13,47.78000,47.90000,47.50000,47.60000,11353700
4108,2006-12-12,47.56000,47.97000,47.35000,47.63000,16021000
4109,2006-12-11,46.70000,47.84000,46.70000,47.55000,11240800
4110,2006-12-08,46.66000,47.14000,46.35000,46.76000,9120200
4111,2006-12-07,47.08000,47.08000,46.56000,46.63000,7397100
4112,2006-12-06,47.07000,47.25000,46.76000,46.83000,14164500
4113,2006-12-05,46.90000,47.50000,46.77000,47.20000,10747700
4114,2006-12-04,46.28000,47.13000,46.16000,46.84000,13152400
4115,2006-12-01,46.50000,46.51000,45.51000,46.01000,14731400
4116,2006-11-30,46.72000,46.74000,46.05000,46.28000,13058500
4117,2006-11-29,46.21000,46.87000,46.21000,46.67000,9414600
4118,2006-11-28,46.46000,46.59000,45.78000,46.20000,13417200
4119,2006-11-27,47.14000,47.26000,46.45000,46.63000,11109800
4120,2006-11-24,47.22000,47.53000,47.18000,47.27000,2927000
4121,2006-11-22,47.60000,47.89000,47.38000,47.59000,7003800
4122,2006-11-21,47.78000,47.94000,47.40000,47.75000,7423800
4123,2006-11-20,47.66000,48.05000,47.55000,47.90000,8614500
4124,2006-11-17,47.99000,47.99000,47.59000,47.66000,12991600
4125,2006-11-16,47.50000,47.98000,47.37000,47.85000,8192500
4126,2006-11-15,47.57000,47.67000,46.99000,47.45000,11340800
4127,2006-11-14,47.49000,47.81000,47.06000,47.75000,8276800
4128,2006-11-13,47.40000,47.89000,47.36000,47.66000,7664600
4129,2006-11-10,47.45000,47.61000,47.31000,47.61000,5849900
4130,2006-11-09,47.65000,47.75000,47.18000,47.24000,6836700
4131,2006-11-08,47.49000,47.90000,47.20000,47.64000,7511200
4132,2006-11-07,47.50000,48.00000,47.47000,47.49000,8535500
4133,2006-11-06,47.18000,47.72000,47.05000,47.65000,8633700
4134,2006-11-03,47.15000,47.25000,46.50000,46.89000,7989000
4135,2006-11-02,46.93000,47.08000,46.69000,46.90000,7059000
4136,2006-11-01,47.75000,47.82000,46.71000,46.93000,11492200
4137,2006-10-31,47.78000,48.08000,47.43000,47.44000,12564200
4138,2006-10-30,47.34000,47.67000,47.08000,47.45000,10223000
4139,2006-10-27,47.57000,47.71000,47.16000,47.29000,7112500
4140,2006-10-26,47.35000,47.95000,47.31000,47.77000,7644300
4141,2006-10-25,47.30000,47.50000,46.92000,47.27000,9021900
4142,2006-10-24,47.07000,47.21000,46.75000,47.14000,12967000
4143,2006-10-23,46.83000,47.47000,46.82000,47.39000,9344500
4144,2006-10-20,46.88000,47.13000,46.54000,47.12000,10979200
4145,2006-10-19,47.21000,47.21000,46.37000,46.87000,11988900
4146,2006-10-18,47.84000,48.00000,46.61000,47.21000,21532700
4147,2006-10-17,47.05000,48.21000,47.00000,47.99000,8882000
4148,2006-10-16,47.98000,48.10000,47.50000,47.73000,7330800
4149,2006-10-13,48.02000,48.46000,47.74000,48.16000,7298100
4150,2006-10-12,47.70000,48.57000,47.55000,48.26000,14995200
4151,2006-10-11,47.30000,47.70000,47.17000,47.64000,10288100
4152,2006-10-10,47.29000,47.66000,47.09000,47.53000,14165100
4153,2006-10-09,46.86000,47.21000,46.69000,47.11000,7252800
4154,2006-10-06,47.10000,47.20000,46.78000,46.86000,10748900
4155,2006-10-05,47.29000,47.46000,47.00000,47.41000,12915500
4156,2006-10-04,47.05000,47.54000,46.95000,47.49000,20650900
4157,2006-10-03,46.95000,47.92000,46.94000,47.75000,11801200
4158,2006-10-02,46.96000,47.33000,46.74000,46.87000,7383000
4159,2006-09-29,47.15000,47.46000,46.84000,46.96000,10115300
4160,2006-09-28,47.00000,47.32000,46.90000,47.15000,6167400
4161,2006-09-27,46.79000,47.21000,46.62000,46.84000,8886700
4162,2006-09-26,46.91000,46.95000,46.39000,46.90000,12381400
4163,2006-09-25,47.11000,47.30000,46.75000,46.91000,15331300
4164,2006-09-22,46.70000,46.94000,46.51000,46.82000,6046700
4165,2006-09-21,47.08000,47.35000,46.67000,46.81000,7782700
4166,2006-09-20,46.95000,47.49000,46.95000,47.22000,9084200
4167,2006-09-19,46.73000,46.85000,46.22000,46.80000,6768700
4168,2006-09-18,46.70000,46.95000,46.47000,46.58000,11125300
4169,2006-09-15,46.86000,47.35000,46.76000,46.95000,15421000
4170,2006-09-14,46.41000,46.56000,46.10000,46.50000,7642400
4171,2006-09-13,46.01000,46.73000,45.73000,46.40000,11745800
4172,2006-09-12,45.39000,46.02000,45.29000,46.01000,11557700
4173,2006-09-11,45.59000,45.59000,45.12000,45.39000,7174900
4174,2006-09-08,45.00000,45.44000,44.68000,45.26000,7728200
4175,2006-09-07,45.89000,45.91000,45.13000,45.20000,7278500
4176,2006-09-06,45.65000,46.05000,45.48000,45.88000,7126800
4177,2006-09-05,45.64000,45.94000,45.44000,45.80000,6134400
4178,2006-09-01,45.85000,45.90000,45.32000,45.73000,6703300
4179,2006-08-31,45.70000,45.87000,45.58000,45.66000,6245400
4180,2006-08-30,45.89000,46.07000,45.70000,45.73000,8596400
4181,2006-08-29,45.88000,46.02000,45.42000,45.97000,8050800
4182,2006-08-28,45.40000,46.04000,45.31000,46.02000,7324900
4183,2006-08-25,45.68000,45.69000,45.30000,45.52000,4450900
4184,2006-08-24,45.70000,45.97000,45.63000,45.68000,8682800
4185,2006-08-23,45.20000,45.64000,45.16000,45.52000,9684600
4186,2006-08-22,45.27000,45.59000,45.11000,45.35000,6252400
4187,2006-08-21,45.41000,45.60000,45.33000,45.46000,5649000
4188,2006-08-18,45.68000,45.71000,45.27000,45.71000,9213600
4189,2006-08-17,45.28000,45.68000,45.25000,45.46000,6163700
4190,2006-08-16,45.44000,45.65000,45.12000,45.47000,8814800
4191,2006-08-15,44.15000,45.11000,44.15000,45.04000,11078300
4192,2006-08-14,44.30000,44.50000,43.71000,43.89000,6985600
4193,2006-08-11,44.05000,44.15000,43.50000,43.93000,6868600
4194,2006-08-10,44.25000,44.35000,43.67000,44.05000,10392300
4195,2006-08-09,45.12000,45.38000,44.33000,44.35000,10454500
4196,2006-08-08,45.48000,45.72000,44.94000,44.99000,11026100
4197,2006-08-07,45.00000,45.33000,44.84000,45.27000,5934000
4198,2006-08-04,45.96000,46.10000,44.12000,45.12000,14113100
4199,2006-08-03,45.15000,45.80000,45.10000,45.66000,9045600
4200,2006-08-02,45.90000,45.91000,45.20000,45.49000,11051900
4201,2006-08-01,45.79000,45.79000,45.25000,45.51000,13403400
4202,2006-07-31,45.10000,45.71000,45.04000,45.62000,14647100
4203,2006-07-28,44.88000,45.54000,44.80000,45.48000,14011100
4204,2006-07-27,44.68000,44.97000,44.20000,44.70000,13841100
4205,2006-07-26,44.50000,44.84000,44.37000,44.65000,14170000
4206,2006-07-25,44.15000,44.86000,44.01000,44.63000,12536000
4207,2006-07-24,43.40000,44.35000,43.35000,44.20000,12629200
4208,2006-07-21,43.17000,43.47000,42.79000,43.15000,15203300
4209,2006-07-20,43.05000,43.37000,42.75000,42.98000,16368000
4210,2006-07-19,41.90000,43.06000,41.74000,43.05000,27046900
4211,2006-07-18,40.95000,41.11000,40.52000,40.71000,10760900
4212,2006-07-17,40.81000,40.94000,40.40000,40.73000,10806600
4213,2006-07-14,41.25000,41.51000,40.61000,40.89000,10439300
4214,2006-07-13,41.95000,41.96000,41.21000,41.39000,11099000
4215,2006-07-12,42.88000,43.23000,42.22000,42.25000,7025400
4216,2006-07-11,42.36000,42.99000,42.15000,42.87000,8814500
4217,2006-07-10,42.54000,42.69000,42.43000,42.58000,5332200
4218,2006-07-07,42.45000,42.75000,42.29000,42.41000,6736400
4219,2006-07-06,42.40000,42.67000,42.27000,42.45000,10906500
4220,2006-07-05,42.87000,42.87000,42.04000,42.41000,10452000
4221,2006-07-03,42.05000,42.87000,42.00000,42.87000,5758300
4222,2006-06-30,42.93000,42.99000,42.00000,42.00000,16256700
4223,2006-06-29,41.68000,42.86000,41.61000,42.68000,17320800
4224,2006-06-28,41.17000,41.31000,40.94000,41.27000,8540400
4225,2006-06-27,40.69000,41.57000,40.69000,40.84000,14091000
4226,2006-06-26,40.67000,41.50000,40.61000,41.50000,11183300
4227,2006-06-23,40.83000,41.30000,39.85000,40.87000,9954700
4228,2006-06-22,41.12000,41.67000,41.00000,41.07000,10497000
4229,2006-06-21,40.13000,41.46000,40.10000,41.21000,15242300
4230,2006-06-20,40.14000,40.78000,40.04000,40.49000,11206400
4231,2006-06-19,40.17000,40.46000,39.75000,39.95000,9090100
4232,2006-06-16,40.60000,40.70000,40.01000,40.16000,15754500
4233,2006-06-15,40.10000,40.82000,40.00000,40.60000,18481500
4234,2006-06-14,40.64000,40.85000,39.33000,39.97000,16880100
4235,2006-06-13,41.35000,41.88000,40.34000,40.53000,16372700
4236,2006-06-12,42.10000,42.23000,41.59000,41.60000,9059600
4237,2006-06-09,42.35000,42.59000,42.02000,42.10000,8106100
4238,2006-06-08,42.00000,42.50000,41.25000,42.35000,14402700
4239,2006-06-07,42.37000,42.77000,42.13000,42.25000,9958000
4240,2006-06-06,42.97000,43.18000,42.01000,42.38000,12679200
4241,2006-06-05,43.66000,43.93000,42.91000,42.97000,7868800
4242,2006-06-02,43.80000,44.20000,43.53000,43.81000,9637700
4243,2006-06-01,42.75000,43.68000,42.73000,43.58000,9034900
4244,2006-05-31,42.66000,42.97000,42.17000,42.64000,11348000
4245,2006-05-30,42.90000,42.99000,42.44000,42.44000,8680900
4246,2006-05-26,43.10000,43.38000,42.95000,43.23000,7811300
4247,2006-05-25,42.65000,42.90000,42.32000,42.85000,9902400
4248,2006-05-24,42.10000,42.48000,41.59000,42.15000,14155700
4249,2006-05-23,42.74000,42.89000,42.12000,42.17000,13258500
4250,2006-05-22,42.75000,42.95000,42.34000,42.64000,14817200
4251,2006-05-19,42.90000,43.05000,42.50000,42.75000,13343200
4252,2006-05-18,43.29000,43.41000,42.69000,42.74000,10905200
4253,2006-05-17,43.80000,44.05000,43.09000,43.25000,13005300
4254,2006-05-16,44.60000,44.80000,44.13000,44.32000,8265300
4255,2006-05-15,44.33000,44.75000,44.25000,44.54000,11232300
4256,2006-05-12,44.95000,44.96000,44.26000,44.32000,18205000
4257,2006-05-11,45.92000,45.96000,44.96000,45.15000,10533100
4258,2006-05-10,45.74000,46.12000,45.51000,45.92000,7215600
4259,2006-05-09,45.94000,46.35000,45.85000,46.02000,7931000
4260,2006-05-08,46.60000,46.65000,46.04000,46.10000,10284000
4261,2006-05-05,45.91000,46.80000,45.69000,46.65000,17342800
4262,2006-05-04,45.51000,45.81000,45.50000,45.69000,10550700
4263,2006-05-03,45.59000,45.70000,45.22000,45.46000,15589700
4264,2006-05-02,45.00000,45.51000,44.91000,45.50000,12964600
4265,2006-05-01,45.38000,45.59000,44.73000,44.78000,16235400
4266,2006-04-28,44.10000,45.90000,44.10000,45.38000,28262300
4267,2006-04-27,42.66000,44.06000,42.53000,43.95000,17465000
4268,2006-04-26,42.39000,42.74000,42.16000,42.66000,10350000
4269,2006-04-25,42.53000,42.82000,42.11000,42.22000,11566200
4270,2006-04-24,42.51000,42.78000,42.16000,42.68000,9235000
4271,2006-04-21,42.88000,42.88000,42.40000,42.50000,13733100
4272,2006-04-20,42.50000,42.95000,42.38000,42.60000,8355600
4273,2006-04-19,42.40000,42.99000,42.30000,42.62000,9448100
4274,2006-04-18,42.22000,42.75000,42.07000,42.60000,11079700
4275,2006-04-17,42.28000,42.38000,41.83000,42.00000,7986200
4276,2006-04-13,41.96000,42.42000,41.91000,42.19000,6554700
4277,2006-04-12,41.83000,41.98000,41.70000,41.90000,5873900
4278,2006-04-11,42.00000,42.35000,41.48000,41.61000,8828400
4279,2006-04-10,41.93000,42.26000,41.69000,41.88000,7409300
4280,2006-04-07,42.25000,42.44000,41.63000,41.70000,10754100
4281,2006-04-06,42.39000,42.47000,42.02000,42.29000,6226600
4282,2006-04-05,42.17000,42.66000,42.04000,42.54000,9554600
4283,2006-04-04,41.60000,42.46000,41.50000,42.27000,14010100
4284,2006-04-03,41.95000,42.46000,41.88000,41.93000,10872900
4285,2006-03-31,41.78000,41.94000,41.50000,41.64000,10371400
4286,2006-03-30,41.54000,42.04000,41.12000,41.53000,9324800
4287,2006-03-29,41.73000,42.08000,41.31000,41.68000,7822900
4288,2006-03-28,41.93000,42.21000,41.50000,41.56000,15562700
4289,2006-03-27,41.86000,42.20000,41.78000,42.11000,7836200
4290,2006-03-24,41.99000,42.43000,41.91000,42.10000,7213400
4291,2006-03-23,42.05000,42.20000,41.82000,42.04000,12986800
4292,2006-03-22,41.19000,42.20000,41.00000,42.05000,13516100
4293,2006-03-21,41.27000,41.71000,41.04000,41.20000,13473600
4294,2006-03-20,41.31000,41.55000,41.15000,41.45000,9418000
4295,2006-03-17,41.35000,41.50000,41.25000,41.40000,13042400
4296,2006-03-16,41.42000,41.53000,41.26000,41.32000,10045600
4297,2006-03-15,41.16000,41.34000,40.99000,41.22000,14017900
4298,2006-03-14,41.26000,41.50000,41.25000,41.38000,16237100
4299,2006-03-13,41.45000,41.48000,40.98000,41.06000,10626100
4300,2006-03-10,41.06000,41.40000,40.87000,41.13000,11175700
4301,2006-03-09,41.50000,41.74000,40.96000,41.05000,9767500
4302,2006-03-08,41.49000,41.74000,41.20000,41.60000,9147100
4303,2006-03-07,41.02000,41.66000,41.02000,41.48000,9441300
4304,2006-03-06,41.48000,41.81000,41.14000,41.43000,9877500
4305,2006-03-03,41.50000,42.09000,41.43000,41.59000,12290600
4306,2006-03-02,41.63000,41.84000,41.37000,41.66000,10939800
4307,2006-03-01,41.16000,41.94000,41.13000,41.63000,10547700
4308,2006-02-28,41.59000,41.60000,40.97000,41.14000,11716200
4309,2006-02-27,41.55000,41.95000,41.55000,41.58000,8542000
4310,2006-02-24,40.94000,41.83000,40.87000,41.66000,9294300
4311,2006-02-23,41.26000,41.57000,41.00000,41.11000,8739500
4312,2006-02-22,40.89000,41.55000,40.74000,41.41000,13168400
4313,2006-02-21,40.63000,40.95000,40.55000,40.70000,7324600
4314,2006-02-17,40.66000,40.82000,40.40000,40.78000,11518600
4315,2006-02-16,40.45000,40.82000,40.24000,40.82000,11572000
4316,2006-02-15,39.97000,40.50000,39.97000,40.32000,12686700
4317,2006-02-14,39.66000,40.33000,39.65000,40.10000,12904100
4318,2006-02-13,39.77000,40.31000,39.61000,39.77000,7790700
4319,2006-02-10,39.62000,39.98000,39.29000,39.92000,8790500
4320,2006-02-09,39.53000,40.03000,39.44000,39.77000,8496300
4321,2006-02-08,39.28000,39.62000,39.25000,39.60000,10065400
4322,2006-02-07,39.20000,39.60000,39.05000,39.26000,8592600
4323,2006-02-06,39.40000,39.60000,39.31000,39.44000,6591900
4324,2006-02-03,39.45000,40.10000,39.40000,39.53000,10440700
4325,2006-02-02,39.88000,40.16000,39.59000,39.99000,10309100
4326,2006-02-01,39.88000,40.22000,39.67000,39.88000,11429800
4327,2006-01-31,40.03000,40.19000,39.74000,39.75000,15582500
4328,2006-01-30,39.52000,39.97000,39.42000,39.85000,8701700
4329,2006-01-27,39.25000,40.04000,39.17000,39.75000,12929400
4330,2006-01-26,38.71000,39.81000,38.71000,39.59000,16187900
4331,2006-01-25,38.16000,38.68000,38.06000,38.48000,14248700
4332,2006-01-24,38.27000,38.53000,38.09000,38.11000,9781500
4333,2006-01-23,38.14000,38.70000,37.97000,38.27000,13172400
4334,2006-01-20,38.81000,38.82000,37.88000,38.05000,20907200
4335,2006-01-19,39.34000,39.47000,38.80000,39.06000,12092300
4336,2006-01-18,39.11000,39.71000,38.95000,39.28000,17908500
4337,2006-01-17,39.48000,39.82000,39.41000,39.71000,9941400
4338,2006-01-13,39.78000,40.03000,39.65000,39.92000,10961200
4339,2006-01-12,40.25000,40.42000,39.90000,39.95000,12230400
4340,2006-01-11,40.73000,40.87000,40.61000,40.70000,12333100
4341,2006-01-10,40.50000,40.75000,40.07000,40.73000,16614900
4342,2006-01-09,39.88000,40.72000,39.88000,40.67000,16575200
4343,2006-01-06,39.92000,40.24000,39.55000,40.02000,7966900
4344,2006-01-05,39.61000,39.81000,39.50000,39.74000,8109400
4345,2006-01-04,39.78000,40.14000,39.42000,39.62000,13491800
4346,2006-01-03,39.83000,40.36000,39.30000,40.19000,12839400
4347,2005-12-30,39.71000,39.79000,39.48000,39.69000,8567800
4348,2005-12-29,39.86000,40.05000,39.80000,39.86000,7390100
4349,2005-12-28,40.11000,40.23000,39.82000,39.91000,9527000
4350,2005-12-27,40.40000,40.56000,39.97000,40.10000,7752400
4351,2005-12-23,40.12000,40.42000,40.01000,40.20000,7006000
4352,2005-12-22,39.94000,40.11000,39.86000,40.05000,10147500
4353,2005-12-21,39.66000,39.98000,39.60000,39.83000,11624300
4354,2005-12-20,39.69000,39.78000,39.42000,39.60000,7655500
4355,2005-12-19,39.71000,39.91000,39.49000,39.60000,15603200
4356,2005-12-16,39.73000,39.88000,39.64000,39.79000,12066400
4357,2005-12-15,39.56000,39.75000,39.41000,39.58000,8737000
4358,2005-12-14,39.41000,39.72000,39.26000,39.55000,8511200
4359,2005-12-13,39.02000,39.59000,39.00000,39.41000,10624800
4360,2005-12-12,39.14000,39.28000,38.89000,39.15000,8013600
4361,2005-12-09,38.66000,39.30000,38.65000,39.12000,8497100
4362,2005-12-08,38.47000,38.89000,38.42000,38.65000,8597600
4363,2005-12-07,38.85000,38.89000,38.32000,38.47000,9663000
4364,2005-12-06,39.15000,39.28000,38.79000,38.85000,12369500
4365,2005-12-05,38.83000,38.88000,38.57000,38.85000,6706900
4366,2005-12-02,38.39000,39.07000,38.39000,38.99000,9823600
4367,2005-12-01,38.52000,38.78000,38.40000,38.57000,12077700
4368,2005-11-30,39.02000,39.11000,38.22000,38.25000,12823600
4369,2005-11-29,38.86000,39.18000,38.80000,38.96000,14807000
4370,2005-11-28,39.00000,39.15000,38.75000,38.90000,11353900
4371,2005-11-25,38.98000,38.99000,38.75000,38.86000,3775300
4372,2005-11-23,38.21000,38.99000,38.14000,38.78000,11983100
4373,2005-11-22,37.67000,38.26000,37.52000,38.20000,11504100
4374,2005-11-21,38.00000,38.06000,37.77000,37.82000,10634100
4375,2005-11-18,38.00000,38.13000,37.62000,38.03000,14886200
4376,2005-11-17,37.70000,38.00000,37.70000,37.93000,9583900
4377,2005-11-16,37.91000,37.95000,37.45000,37.81000,10959700
4378,2005-11-15,38.02000,38.25000,37.65000,37.73000,10034000
4379,2005-11-14,37.98000,38.22000,37.98000,38.13000,8726300
4380,2005-11-11,38.17000,38.38000,37.99000,38.26000,8195900
4381,2005-11-10,37.75000,38.41000,37.68000,38.32000,16843700
4382,2005-11-09,37.35000,37.73000,37.21000,37.72000,11322000
4383,2005-11-08,37.44000,37.58000,37.25000,37.34000,7807500
4384,2005-11-07,37.46000,37.73000,37.38000,37.68000,8644600
4385,2005-11-04,37.10000,37.34000,37.06000,37.31000,11277400
4386,2005-11-03,37.26000,37.49000,36.98000,37.09000,10366900
4387,2005-11-02,36.71000,37.49000,36.70000,37.20000,13021100
4388,2005-11-01,36.79000,36.99000,36.58000,36.85000,19222000
4389,2005-10-31,36.50000,36.80000,36.40000,36.62000,15562800
4390,2005-10-28,36.22000,36.48000,36.00000,36.44000,11916600
4391,2005-10-27,36.10000,36.31000,35.94000,36.03000,10122700
4392,2005-10-26,35.71000,36.38000,35.63000,36.10000,16154500
4393,2005-10-25,35.70000,35.91000,35.51000,35.72000,10891400
4394,2005-10-24,35.26000,35.79000,35.25000,35.76000,14396800
4395,2005-10-21,34.77000,35.19000,34.77000,35.13000,15313700
4396,2005-10-20,34.89000,35.10000,34.45000,34.75000,18569500
4397,2005-10-19,34.15000,34.75000,33.91000,34.73000,19390200
4398,2005-10-18,33.98000,34.15000,33.74000,33.77000,8781900
4399,2005-10-17,34.21000,34.33000,33.78000,34.00000,8470000
4400,2005-10-14,33.98000,34.19000,33.76000,34.08000,11165800
4401,2005-10-13,32.98000,33.78000,32.92000,33.75000,13003500
4402,2005-10-12,33.15000,33.52000,33.01000,33.27000,15448200
4403,2005-10-11,33.49000,33.67000,33.11000,33.31000,10172900
4404,2005-10-10,34.00000,34.05000,33.51000,33.52000,6499700
4405,2005-10-07,33.88000,34.07000,33.74000,33.90000,9923100
4406,2005-10-06,33.51000,33.98000,33.42000,33.66000,12651600
4407,2005-10-05,33.73000,33.85000,33.44000,33.45000,11654700
4408,2005-10-04,34.12000,34.28000,33.56000,33.60000,14992300
4409,2005-10-03,34.19000,34.43000,33.75000,34.12000,14619300
4410,2005-09-30,34.23000,34.30000,33.78000,33.93000,10534300
4411,2005-09-29,33.85000,34.38000,33.50000,34.35000,10601900
4412,2005-09-28,33.89000,34.26000,33.76000,33.92000,8838600
4413,2005-09-27,34.05000,34.14000,33.74000,33.88000,8734800
4414,2005-09-26,34.25000,34.25000,33.89000,33.92000,9849600
4415,2005-09-23,34.22000,34.28000,33.91000,34.07000,9615200
4416,2005-09-22,33.90000,34.39000,33.79000,34.25000,8095500
4417,2005-09-21,34.29000,34.35000,33.92000,34.01000,10539800
4418,2005-09-20,34.52000,34.95000,34.45000,34.53000,12550500
4419,2005-09-19,34.88000,34.95000,34.42000,34.59000,10208500
4420,2005-09-16,34.23000,35.00000,34.22000,34.99000,19557400
4421,2005-09-15,34.35000,34.43000,34.05000,34.13000,8574400
4422,2005-09-14,34.40000,34.49000,34.18000,34.24000,8136800
4423,2005-09-13,34.40000,34.49000,34.15000,34.15000,13029900
4424,2005-09-12,34.79000,34.89000,34.50000,34.57000,9722000
4425,2005-09-09,34.63000,34.90000,34.61000,34.82000,9112100
4426,2005-09-08,34.94000,34.94000,34.51000,34.64000,9161200
4427,2005-09-07,34.90000,34.91000,34.63000,34.89000,10212600
4428,2005-09-06,34.25000,34.60000,34.25000,34.57000,7291700
4429,2005-09-02,34.28000,34.42000,34.07000,34.11000,7100200
4430,2005-09-01,33.75000,34.28000,33.72000,34.06000,9769100
4431,2005-08-31,33.59000,33.92000,33.36000,33.89000,10076800
4432,2005-08-30,33.72000,33.73000,33.31000,33.58000,8907800
4433,2005-08-29,33.43000,34.09000,33.38000,33.91000,7415700
4434,2005-08-26,34.14000,34.19000,33.63000,33.65000,9645200
4435,2005-08-25,33.99000,34.18000,33.86000,34.12000,6982100
4436,2005-08-24,34.31000,34.59000,33.82000,33.85000,13602600
4437,2005-08-23,34.51000,34.66000,34.31000,34.35000,7901800
4438,2005-08-22,34.59000,34.78000,34.41000,34.51000,6593100
4439,2005-08-19,34.80000,34.80000,34.52000,34.54000,6186900
4440,2005-08-18,34.46000,34.77000,34.38000,34.66000,6676500
4441,2005-08-17,34.65000,34.71000,34.40000,34.46000,11001800
4442,2005-08-16,34.66000,34.99000,34.52000,34.58000,8637700
4443,2005-08-15,34.27000,34.79000,34.25000,34.65000,7604000
4444,2005-08-12,34.64000,34.70000,34.29000,34.31000,8675200
4445,2005-08-11,34.80000,34.97000,34.46000,34.81000,9608200
4446,2005-08-10,35.26000,35.36000,34.63000,34.80000,9726700
4447,2005-08-09,35.07000,35.32000,34.91000,35.03000,5923900
4448,2005-08-08,35.31000,35.43000,34.94000,34.99000,5770600
4449,2005-08-05,35.35000,35.50000,35.21000,35.25000,9288400
4450,2005-08-04,35.42000,35.52000,35.35000,35.46000,9565300
4451,2005-08-03,35.56000,35.65000,35.42000,35.61000,9789100
4452,2005-08-02,35.47000,35.64000,35.30000,35.55000,6647100
4453,2005-08-01,35.32000,35.44000,35.15000,35.30000,7263000
4454,2005-07-29,35.45000,35.45000,35.11000,35.14000,8494900
4455,2005-07-28,35.36000,35.49000,35.18000,35.46000,7518400
4456,2005-07-27,35.52000,35.53000,35.07000,35.35000,8420500
4457,2005-07-26,35.64000,35.65000,35.31000,35.37000,6682800
4458,2005-07-25,35.55000,35.60000,35.24000,35.44000,5979500
4459,2005-07-22,35.40000,35.60000,35.32000,35.60000,7105900
4460,2005-07-21,35.70000,35.70000,35.06000,35.40000,9322000
4461,2005-07-20,35.22000,35.53000,34.84000,35.16000,13308800
4462,2005-07-19,35.51000,35.71000,35.10000,35.21000,12574400
4463,2005-07-18,35.67000,35.69000,35.38000,35.51000,8389400
4464,2005-07-15,35.69000,35.95000,35.60000,35.86000,7631300
4465,2005-07-14,35.65000,35.86000,35.48000,35.69000,8773500
4466,2005-07-13,35.25000,35.57000,35.17000,35.49000,11108900
4467,2005-07-12,34.96000,35.35000,34.86000,35.25000,14462600
4468,2005-07-11,34.81000,35.33000,34.75000,34.96000,8455100
4469,2005-07-08,34.61000,35.03000,34.50000,34.81000,9594400
4470,2005-07-07,34.60000,34.60000,34.30000,34.46000,10653500
4471,2005-07-06,35.00000,35.15000,34.43000,34.60000,10775100
4472,2005-07-05,35.00000,35.28000,34.81000,34.97000,7921200
4473,2005-07-01,35.22000,35.30000,35.01000,35.06000,10768500
4474,2005-06-30,35.71000,36.00000,35.32000,35.32000,10855400
4475,2005-06-29,35.98000,36.10000,35.88000,35.96000,6207100
4476,2005-06-28,35.77000,35.92000,35.62000,35.92000,5957000
4477,2005-06-27,35.58000,35.77000,35.52000,35.59000,8687200
4478,2005-06-24,35.50000,36.03000,35.40000,35.57000,12346200
4479,2005-06-23,36.30000,36.43000,35.92000,35.93000,10726100
4480,2005-06-22,36.06000,36.43000,36.06000,36.26000,9188900
4481,2005-06-21,36.05000,36.14000,35.90000,36.04000,5802700
4482,2005-06-20,35.90000,36.19000,35.80000,36.05000,8380800
4483,2005-06-17,36.19000,36.20000,35.88000,36.08000,14958500
4484,2005-06-16,35.66000,36.05000,35.61000,35.90000,9781700
4485,2005-06-15,35.74000,35.90000,35.61000,35.71000,9128900
4486,2005-06-14,35.45000,35.73000,35.39000,35.60000,5898800
4487,2005-06-13,35.29000,35.76000,35.27000,35.50000,7066700
4488,2005-06-10,35.60000,35.64000,35.24000,35.43000,6475100
4489,2005-06-09,35.52000,35.70000,35.31000,35.50000,7083600
4490,2005-06-08,35.55000,35.81000,35.48000,35.67000,7723500
4491,2005-06-07,35.52000,35.94000,35.45000,35.48000,8610000
4492,2005-06-06,35.47000,35.59000,35.20000,35.51000,5861300
4493,2005-06-03,35.62000,35.85000,35.41000,35.55000,8628500
4494,2005-06-02,35.25000,35.78000,35.01000,35.74000,15583300
4495,2005-06-01,35.56000,36.50000,35.56000,35.76000,12338000
4496,2005-05-31,35.83000,36.00000,35.64000,35.75000,7616300
4497,2005-05-27,35.95000,36.04000,35.71000,35.80000,5998300
4498,2005-05-26,36.04000,36.09000,35.72000,35.94000,5880300
4499,2005-05-25,35.79000,36.00000,35.70000,35.91000,5072900
4500,2005-05-24,35.97000,36.00000,35.66000,35.89000,6276900
4501,2005-05-23,35.90000,36.00000,35.72000,35.91000,7941300
4502,2005-05-20,36.19000,36.26000,35.36000,36.06000,7525900
4503,2005-05-19,35.83000,36.30000,35.81000,36.19000,10299000
4504,2005-05-18,35.60000,36.10000,35.46000,36.05000,14821200
4505,2005-05-17,34.51000,35.26000,34.50000,35.21000,11670500
4506,2005-05-16,34.59000,34.92000,34.53000,34.74000,10497100
4507,2005-05-13,34.83000,34.83000,34.11000,34.46000,13915000
4508,2005-05-12,35.35000,35.39000,34.63000,34.83000,11279000
4509,2005-05-11,35.14000,35.44000,34.86000,35.30000,9100900
4510,2005-05-10,35.60000,35.62000,35.00000,35.14000,13797900
4511,2005-05-09,35.56000,36.00000,35.54000,35.96000,6858100
4512,2005-05-06,36.00000,36.05000,35.50000,35.61000,7318700
4513,2005-05-05,36.15000,36.19000,35.52000,35.90000,8294400
4514,2005-05-04,35.51000,36.17000,35.45000,36.10000,12905600
4515,2005-05-03,35.58000,35.82000,35.27000,35.50000,12779400
4516,2005-05-02,35.58000,35.60000,35.12000,35.57000,10253500
4517,2005-04-29,35.03000,35.50000,34.92000,35.49000,14217000
4518,2005-04-28,35.30000,35.51000,35.00000,35.02000,13012100
4519,2005-04-27,35.08000,35.75000,34.97000,35.50000,11470100
4520,2005-04-26,35.18000,35.43000,35.04000,35.08000,8434100
4521,2005-04-25,34.98000,35.20000,34.89000,35.17000,9175400
4522,2005-04-22,34.77000,35.18000,34.56000,34.87000,13477100
4523,2005-04-21,35.02000,35.17000,34.32000,35.04000,16609800
4524,2005-04-20,35.57000,35.88000,34.73000,34.76000,25479000
4525,2005-04-19,34.73000,35.16000,34.68000,34.95000,10990500
4526,2005-04-18,34.25000,34.92000,34.21000,34.64000,16011400
4527,2005-04-15,34.25000,34.70000,33.89000,33.93000,15125800
4528,2005-04-14,34.57000,34.61000,34.19000,34.19000,11025400
4529,2005-04-13,35.05000,35.09000,34.50000,34.57000,11505400
4530,2005-04-12,34.62000,35.20000,34.25000,35.04000,14589000
4531,2005-04-11,34.67000,34.81000,34.57000,34.62000,7174200
4532,2005-04-08,34.86000,34.95000,34.50000,34.50000,6366300
4533,2005-04-07,34.75000,35.10000,34.67000,34.80000,8335900
4534,2005-04-06,34.75000,34.91000,34.62000,34.68000,10676400
4535,2005-04-05,34.10000,34.76000,33.97000,34.58000,15302900
4536,2005-04-04,33.67000,33.95000,33.35000,33.77000,15652900
4537,2005-04-01,34.79000,35.11000,33.84000,34.25000,20157400
4538,2005-03-31,34.90000,34.93000,34.53000,34.60000,13319900
4539,2005-03-30,34.52000,34.98000,34.47000,34.95000,11324900
4540,2005-03-29,34.65000,35.10000,34.32000,34.58000,14723700
4541,2005-03-28,34.93000,35.08000,34.73000,34.85000,8805200
4542,2005-03-24,35.10000,35.15000,34.87000,34.93000,12002800
4543,2005-03-23,35.06000,35.29000,34.88000,34.93000,17494500
4544,2005-03-22,36.00000,36.00000,34.96000,35.06000,14834800
4545,2005-03-21,35.88000,35.95000,35.50000,35.79000,11448100
4546,2005-03-18,36.16000,36.25000,35.82000,36.01000,18190600
4547,2005-03-17,36.22000,36.28000,35.90000,36.15000,9034600
4548,2005-03-16,36.25000,36.40000,36.05000,36.25000,13584700
4549,2005-03-15,36.51000,36.67000,36.19000,36.25000,8669200
4550,2005-03-14,36.11000,36.49000,35.86000,36.45000,13098100
4551,2005-03-11,36.26000,36.38000,36.00000,36.11000,9297300
4552,2005-03-10,36.48000,36.60000,36.29000,36.36000,11905000
4553,2005-03-09,36.73000,36.82000,36.34000,36.47000,17659300
4554,2005-03-08,37.23000,37.28000,36.91000,36.94000,9935000
4555,2005-03-07,37.51000,37.55000,37.31000,37.34000,11271500
4556,2005-03-04,37.25000,37.79000,37.12000,37.51000,12698300
4557,2005-03-03,37.15000,37.18000,36.70000,37.01000,8372400
4558,2005-03-02,37.00000,37.42000,36.87000,36.99000,9473000
4559,2005-03-01,37.00000,37.34000,36.88000,37.09000,10180300
4560,2005-02-28,36.97000,37.02000,36.52000,36.55000,10198000
4561,2005-02-25,36.68000,37.08000,36.65000,36.97000,8781900
4562,2005-02-24,36.52000,36.89000,36.45000,36.68000,9123400
4563,2005-02-23,36.18000,36.58000,36.00000,36.48000,12550300
4564,2005-02-22,36.51000,36.63000,35.90000,35.93000,14897900
4565,2005-02-18,36.65000,36.76000,36.30000,36.51000,17866000
4566,2005-02-17,37.28000,37.37000,36.78000,36.78000,12165200
4567,2005-02-16,37.34000,37.43000,37.18000,37.33000,9633000
4568,2005-02-15,37.67000,37.75000,37.45000,37.55000,8154000
4569,2005-02-14,37.57000,37.57000,37.27000,37.50000,6687700
4570,2005-02-11,37.30000,37.58000,37.14000,37.48000,10676700
4571,2005-02-10,37.56000,37.66000,37.39000,37.45000,8873000
4572,2005-02-09,37.61000,37.74000,37.45000,37.50000,7095100
4573,2005-02-08,37.92000,37.99000,37.69000,37.76000,7578100
4574,2005-02-07,37.70000,38.07000,37.60000,37.97000,9438300
4575,2005-02-04,37.44000,37.74000,37.40000,37.69000,10662400
4576,2005-02-03,37.53000,37.53000,37.35000,37.39000,10737700
4577,2005-02-02,37.50000,37.54000,37.38000,37.52000,13150300
4578,2005-02-01,37.50000,37.64000,37.30000,37.50000,14017900
4579,2005-01-31,37.28000,37.40000,37.24000,37.33000,14112700
4580,2005-01-28,36.88000,37.00000,36.63000,37.00000,15282300
4581,2005-01-27,36.62000,36.90000,36.51000,36.75000,9778400
4582,2005-01-26,36.80000,37.00000,36.76000,36.83000,13743600
4583,2005-01-25,36.99000,37.21000,36.83000,36.86000,9986100
4584,2005-01-24,36.86000,37.22000,36.76000,36.88000,12870700
4585,2005-01-21,37.25000,37.49000,36.85000,36.85000,14175000
4586,2005-01-20,37.80000,37.83000,37.11000,37.25000,15240300
4587,2005-01-19,38.01000,38.45000,37.83000,37.84000,15846400
4588,2005-01-18,37.71000,38.49000,37.52000,38.40000,9729100
4589,2005-01-14,37.78000,37.98000,37.65000,37.81000,7346500
4590,2005-01-13,38.00000,38.38000,37.71000,37.77000,9646700
4591,2005-01-12,38.00000,38.03000,37.57000,37.99000,9075900
4592,2005-01-11,38.10000,38.25000,37.90000,37.90000,8964400
4593,2005-01-10,38.27000,38.51000,38.05000,38.27000,9186700
4594,2005-01-07,38.69000,38.87000,38.39000,38.40000,9971200
4595,2005-01-06,38.77000,38.98000,38.64000,38.71000,9115200
4596,2005-01-05,38.60000,38.92000,38.39000,38.49000,9764300
4597,2005-01-04,38.98000,39.06000,38.32000,38.41000,11109400
4598,2005-01-03,39.48000,39.69000,39.01000,39.15000,14953900
4599,2004-12-31,39.08000,39.17000,38.95000,39.01000,5721300
4600,2004-12-30,39.16000,39.32000,39.05000,39.08000,4704800
4601,2004-12-29,39.01000,39.16000,38.94000,39.16000,5980500
4602,2004-12-28,38.97000,39.30000,38.95000,39.21000,5334900
4603,2004-12-27,39.20000,39.29000,38.92000,39.01000,5624700
4604,2004-12-23,39.12000,39.48000,39.10000,39.16000,8526200
4605,2004-12-22,38.95000,39.23000,38.80000,39.03000,9274600
4606,2004-12-21,38.65000,39.25000,38.64000,39.07000,8653400
4607,2004-12-20,38.60000,38.88000,38.52000,38.60000,8773600
4608,2004-12-17,38.20000,38.82000,38.19000,38.52000,14119900
4609,2004-12-16,38.80000,39.00000,38.63000,38.93000,11248000
4610,2004-12-15,38.80000,39.25000,38.76000,39.03000,13369400
4611,2004-12-14,38.32000,38.80000,38.30000,38.74000,11382000
4612,2004-12-13,38.00000,38.40000,37.92000,38.25000,14085800
4613,2004-12-10,37.69000,37.86000,37.49000,37.63000,8579100
4614,2004-12-09,37.25000,37.89000,37.25000,37.69000,10153100
4615,2004-12-08,37.81000,37.83000,37.53000,37.55000,11332200
4616,2004-12-07,38.20000,38.30000,37.80000,37.81000,8748000
4617,2004-12-06,37.95000,38.42000,37.77000,38.12000,10150200
4618,2004-12-03,38.38000,38.52000,37.99000,38.06000,11918400
4619,2004-12-02,38.25000,38.62000,38.20000,38.44000,8234600
4620,2004-12-01,37.80000,38.28000,37.77000,38.28000,11137500
4621,2004-11-30,37.18000,37.70000,37.06000,37.65000,12550300
4622,2004-11-29,37.69000,37.86000,37.11000,37.31000,10747600
4623,2004-11-26,37.70000,37.79000,37.60000,37.69000,3143500
4624,2004-11-24,37.78000,37.80000,37.55000,37.70000,6854700
4625,2004-11-23,37.65000,37.70000,37.26000,37.56000,10883200
4626,2004-11-22,37.42000,37.85000,37.15000,37.55000,13075600
4627,2004-11-19,37.90000,37.98000,37.27000,37.42000,14347100
4628,2004-11-18,38.20000,38.34000,37.79000,37.82000,14942900
4629,2004-11-17,38.50000,38.83000,38.12000,38.27000,14438700
4630,2004-11-16,38.50000,38.76000,38.40000,38.47000,14141300
4631,2004-11-15,39.00000,39.16000,38.95000,39.16000,8794300
4632,2004-11-12,38.93000,39.29000,38.90000,39.17000,11170900
4633,2004-11-11,39.20000,39.42000,38.87000,39.18000,8004300
4634,2004-11-10,39.18000,39.19000,38.85000,38.95000,7633400
4635,2004-11-09,39.33000,39.49000,39.06000,39.11000,7005800
4636,2004-11-08,39.32000,39.45000,39.11000,39.28000,8001200
4637,2004-11-05,39.64000,39.91000,39.00000,39.35000,13388900
4638,2004-11-04,38.75000,39.66000,38.50000,39.64000,11562900
4639,2004-11-03,39.35000,39.43000,38.63000,38.85000,11078400
4640,2004-11-02,38.50000,39.17000,38.41000,38.55000,9646700
4641,2004-11-01,38.77000,38.94000,38.43000,38.50000,10154500
4642,2004-10-29,38.42000,38.62000,38.02000,38.60000,11215900
4643,2004-10-28,37.85000,38.55000,37.67000,38.48000,8766200
4644,2004-10-27,37.35000,38.18000,37.03000,38.02000,11518800
4645,2004-10-26,37.02000,37.60000,36.95000,37.49000,10566300
4646,2004-10-25,37.47000,37.53000,36.90000,37.02000,11971600
4647,2004-10-22,37.80000,37.88000,37.40000,37.47000,9002300
4648,2004-10-21,37.08000,37.85000,37.05000,37.70000,11581300
4649,2004-10-20,36.70000,37.45000,36.32000,37.25000,23141100
4650,2004-10-19,38.75000,39.38000,37.79000,37.98000,16615300
4651,2004-10-18,38.55000,39.11000,38.53000,39.00000,5916200
4652,2004-10-15,38.53000,39.10000,38.52000,38.74000,8060700
4653,2004-10-14,39.24000,39.24000,38.20000,38.53000,11762400
4654,2004-10-13,39.60000,39.69000,38.95000,39.24000,7605200
4655,2004-10-12,39.05000,39.64000,39.01000,39.51000,8410800
4656,2004-10-11,39.50000,39.69000,39.38000,39.38000,3363800
4657,2004-10-08,39.54000,39.77000,39.26000,39.65000,6542800
4658,2004-10-07,39.52000,39.89000,39.41000,39.53000,7055000
4659,2004-10-06,39.31000,39.53000,39.16000,39.49000,7631200
4660,2004-10-05,39.70000,39.81000,39.06000,39.46000,12012800
4661,2004-10-04,40.33000,40.45000,39.75000,39.76000,12622200
4662,2004-10-01,39.90000,40.40000,39.86000,40.34000,11389100
4663,2004-09-30,39.65000,39.79000,39.42000,39.73000,8422700
4664,2004-09-29,39.38000,39.68000,39.04000,39.68000,7726600
4665,2004-09-28,39.14000,39.47000,38.95000,39.38000,8002100
4666,2004-09-27,39.62000,39.63000,39.06000,39.13000,10374800
4667,2004-09-24,39.47000,39.93000,39.42000,39.75000,8932600
4668,2004-09-23,39.75000,39.76000,39.41000,39.46000,9352100
4669,2004-09-22,39.50000,39.94000,39.35000,39.85000,12767500
4670,2004-09-21,39.50000,40.25000,39.50000,40.10000,10298500
4671,2004-09-20,39.66000,39.66000,39.30000,39.38000,7806700
4672,2004-09-17,39.68000,39.80000,39.51000,39.65000,9749500
4673,2004-09-16,39.31000,39.84000,39.15000,39.58000,10947400
4674,2004-09-15,39.37000,39.45000,39.08000,39.08000,7142200
4675,2004-09-14,39.30000,39.67000,39.29000,39.49000,7749300
4676,2004-09-13,39.69000,39.88000,39.16000,39.16000,8158700
4677,2004-09-10,39.62000,39.92000,39.47000,39.80000,6536900
4678,2004-09-09,39.51000,39.82000,39.35000,39.74000,7663900
4679,2004-09-08,39.62000,39.89000,39.35000,39.37000,11362800
4680,2004-09-07,39.85000,40.10000,39.71000,39.87000,10492500
4681,2004-09-03,39.75000,40.00000,39.70000,39.85000,6939300
4682,2004-09-02,39.45000,39.99000,39.27000,39.84000,7882100
4683,2004-09-01,39.52000,39.65000,38.99000,39.26000,8253400
4684,2004-08-31,39.11000,39.58000,38.91000,39.58000,6823500
4685,2004-08-30,39.67000,39.69000,39.10000,39.10000,5918800
4686,2004-08-27,39.55000,39.80000,39.50000,39.72000,6591600
4687,2004-08-26,39.32000,39.65000,39.10000,39.45000,8500500
4688,2004-08-25,38.60000,39.63000,38.60000,39.44000,11953600
4689,2004-08-24,38.75000,38.85000,38.34000,38.59000,6038500
4690,2004-08-23,38.75000,38.88000,38.47000,38.55000,8000900
4691,2004-08-20,37.97000,38.80000,37.92000,38.65000,9293600
4692,2004-08-19,38.32000,38.32000,37.85000,38.00000,7859600
4693,2004-08-18,37.90000,38.37000,37.83000,38.32000,9751900
4694,2004-08-17,37.95000,38.25000,37.86000,37.93000,10501300
4695,2004-08-16,36.95000,37.80000,36.93000,37.74000,9070800
4696,2004-08-13,36.82000,36.93000,36.50000,36.87000,6165000
4697,2004-08-12,36.90000,36.98000,36.75000,36.86000,7234600
4698,2004-08-11,36.82000,37.02000,36.50000,36.90000,7241300
4699,2004-08-10,36.20000,37.00000,36.20000,36.99000,9031600
4700,2004-08-09,36.06000,36.26000,35.95000,36.07000,7355900
4701,2004-08-06,36.15000,36.66000,35.90000,36.09000,9666200
4702,2004-08-05,37.24000,37.29000,36.15000,36.28000,8439500
4703,2004-08-04,37.00000,37.37000,36.64000,37.21000,6808800
4704,2004-08-03,37.45000,37.51000,36.92000,37.07000,9108700
4705,2004-08-02,37.23000,37.48000,36.91000,37.41000,8075700
4706,2004-07-30,37.00000,37.39000,36.88000,37.33000,7910500
4707,2004-07-29,37.25000,37.49000,36.80000,37.14000,8556300
4708,2004-07-28,37.00000,37.35000,36.36000,37.07000,8535900
4709,2004-07-27,36.63000,37.14000,36.48000,36.91000,8491200
4710,2004-07-26,36.44000,36.63000,36.16000,36.47000,8089100
4711,2004-07-23,36.60000,36.93000,36.37000,36.53000,10259500
4712,2004-07-22,36.53000,36.99000,36.12000,36.78000,12868900
4713,2004-07-21,37.25000,37.80000,36.70000,36.82000,18145600
4714,2004-07-20,35.93000,36.62000,35.50000,36.40000,11569700
4715,2004-07-19,35.95000,36.23000,35.71000,36.00000,9112200
4716,2004-07-16,36.25000,36.30000,35.76000,35.87000,10179400
4717,2004-07-15,36.54000,36.64000,35.91000,36.00000,12143800
4718,2004-07-14,36.87000,37.28000,36.29000,36.45000,10907500
4719,2004-07-13,36.70000,37.27000,36.70000,37.14000,9596200
4720,2004-07-12,37.00000,37.15000,36.72000,36.90000,9447300
4721,2004-07-09,37.04000,37.06000,36.63000,36.83000,7199600
4722,2004-07-08,36.92000,37.23000,36.66000,36.75000,9624200
4723,2004-07-07,37.26000,37.37000,36.65000,36.86000,13645000
4724,2004-07-06,38.00000,38.02000,37.22000,37.25000,15088300
4725,2004-07-02,38.18000,38.49000,37.95000,38.08000,8373200
4726,2004-07-01,38.58000,38.64000,37.70000,38.17000,15371800
4727,2004-06-30,38.38000,38.85000,38.20000,38.77000,16631600
4728,2004-06-29,37.95000,38.38000,37.80000,38.29000,9783100
4729,2004-06-28,38.09000,38.58000,37.85000,37.95000,11802300
4730,2004-06-25,37.78000,38.51000,37.77000,37.99000,12548600
4731,2004-06-24,37.62000,37.93000,37.58000,37.77000,10092200
4732,2004-06-23,37.10000,37.62000,37.07000,37.62000,9303600
4733,2004-06-22,37.00000,37.02000,36.70000,36.96000,9628200
4734,2004-06-21,37.20000,37.39000,36.90000,37.00000,5511700
4735,2004-06-18,37.41000,37.66000,37.13000,37.23000,12954700
4736,2004-06-17,37.28000,37.59000,37.13000,37.32000,5747200
4737,2004-06-16,37.28000,37.48000,37.09000,37.32000,5895200
4738,2004-06-15,37.60000,37.66000,37.19000,37.25000,8166300
4739,2004-06-14,37.73000,37.73000,37.02000,37.16000,6317600
4740,2004-06-10,37.71000,37.80000,37.48000,37.80000,5198600
4741,2004-06-09,37.99000,38.04000,37.60000,37.68000,6053000
4742,2004-06-08,38.05000,38.19000,37.78000,38.06000,7042800
4743,2004-06-07,37.53000,38.15000,37.52000,38.14000,7368400
4744,2004-06-04,37.30000,37.49000,37.15000,37.28000,5832100
