,datetime,open,high,low,close,volume
0,2023-04-11,4.13000,4.42000,4.13000,4.29000,40000
1,2023-04-10,4.25000,4.25000,4.14000,4.18000,29800
2,2023-04-06,4.20000,4.21000,4.17000,4.18000,2900
3,2023-04-05,4.17000,4.18000,4.16000,4.18000,3300
4,2023-04-04,4.22000,4.26000,4.14000,4.21000,16600
5,2023-04-03,4.24000,4.30000,4.22000,4.24000,11500
6,2023-03-31,4.22000,4.28000,4.12000,4.21000,21800
7,2023-03-30,4.17000,4.25000,4.16000,4.17000,16500
8,2023-03-29,4.06000,4.15000,4.06000,4.14000,36600
9,2023-03-28,4.10000,4.13000,4.10000,4.11000,9800
10,2023-03-27,4.10000,4.20000,4.10000,4.12000,8900
11,2023-03-24,4.04000,4.15000,4.04000,4.09000,21000
12,2023-03-23,4.19000,4.21000,4.15000,4.15000,8600
13,2023-03-22,4.24000,4.24000,4.16000,4.18000,11800
14,2023-03-21,4.24000,4.24000,4.16000,4.20000,12800
15,2023-03-20,4.09000,4.26000,4.09000,4.15000,33500
16,2023-03-17,4.15000,4.31000,4.13000,4.13000,14800
17,2023-03-16,4.10000,4.25000,4.06000,4.15000,23700
18,2023-03-15,4.09000,4.15000,4.06000,4.09000,28300
19,2023-03-14,4.16000,4.29000,4.11000,4.15000,21300
20,2023-03-13,4.10000,4.27000,4.07000,4.16000,16700
21,2023-03-10,4.40000,4.40000,4.09000,4.22000,48600
22,2023-03-09,4.40000,4.41000,4.40000,4.40000,4000
23,2023-03-08,4.40000,4.43000,4.40000,4.42000,3300
24,2023-03-07,4.39000,4.40000,4.39000,4.40000,2600
25,2023-03-06,4.46000,4.46000,4.39000,4.43000,11400
26,2023-03-03,4.45000,4.46000,4.38000,4.41000,6000
27,2023-03-02,4.41000,4.41000,4.36000,4.38000,10200
28,2023-03-01,4.37000,4.46000,4.33000,4.35000,7100
29,2023-02-28,4.42000,4.45000,4.29000,4.37000,18900
30,2023-02-27,4.36000,4.43000,4.36000,4.37000,26000
31,2023-02-24,4.38000,4.38000,4.32000,4.35000,8200
32,2023-02-23,4.46000,4.47000,4.36000,4.38000,20100
33,2023-02-22,4.43000,4.43000,4.39000,4.39000,5800
34,2023-02-21,4.45000,4.45000,4.35000,4.41000,13600
35,2023-02-17,4.53000,4.53000,4.40000,4.42000,5900
36,2023-02-16,4.41000,4.56000,4.41000,4.50000,20800
37,2023-02-15,4.63000,4.63000,4.47000,4.49000,9900
38,2023-02-14,4.60000,4.73000,4.53000,4.54000,34700
39,2023-02-13,4.62000,4.74000,4.54000,4.68000,13800
40,2023-02-10,4.63000,4.63000,4.53000,4.54000,5100
41,2023-02-09,4.56000,4.65000,4.52000,4.56000,32500
42,2023-02-08,4.56000,4.66000,4.50000,4.51000,29800
43,2023-02-07,4.64000,4.73000,4.59000,4.59000,4700
44,2023-02-06,4.63000,4.63000,4.56000,4.56000,22500
45,2023-02-03,4.54000,4.67000,4.54000,4.58000,17700
46,2023-02-02,4.55000,4.61000,4.51000,4.59000,6100
47,2023-02-01,4.63000,4.63000,4.52000,4.56000,23900
48,2023-01-31,4.62000,4.62000,4.51000,4.58000,16100
49,2023-01-30,4.53000,4.58000,4.53000,4.56000,13700
50,2023-01-27,4.57000,4.62000,4.53000,4.57000,22600
51,2023-01-26,4.56000,4.60000,4.53000,4.54000,1100
52,2023-01-25,4.50000,4.57000,4.49000,4.55000,17000
53,2023-01-24,4.56000,4.56000,4.53000,4.55000,8800
54,2023-01-23,4.50000,4.73000,4.50000,4.56000,19600
55,2023-01-20,4.47000,4.54000,4.47000,4.51000,9400
56,2023-01-19,4.43000,4.54000,4.43000,4.49000,33700
57,2023-01-18,4.62000,4.65000,4.57000,4.57000,14500
58,2023-01-17,4.70000,4.70000,4.59000,4.63000,27900
59,2023-01-13,4.56000,4.67000,4.56000,4.67000,16500
60,2023-01-12,4.63000,4.63000,4.50000,4.58000,5300
61,2023-01-11,4.42000,4.62000,4.42000,4.53000,37400
62,2023-01-10,4.45000,4.58000,4.42000,4.44000,22600
63,2023-01-09,4.44000,4.59000,4.37000,4.45000,46300
64,2023-01-06,4.32000,4.40000,4.28000,4.36000,16600
65,2023-01-05,4.26000,4.43000,4.25000,4.27000,9900
66,2023-01-04,4.32000,4.44000,4.28000,4.30000,13000
67,2023-01-03,4.20000,4.27000,4.19000,4.25000,22000
68,2022-12-30,4.25000,4.25000,4.16000,4.18000,25100
69,2022-12-29,4.28000,4.28000,4.16000,4.17000,16100
70,2022-12-28,4.23000,4.23000,4.14000,4.15000,27700
71,2022-12-27,4.30000,4.30000,4.16000,4.16000,12000
72,2022-12-23,4.20000,4.26000,3.98000,4.23000,16800
73,2022-12-22,4.25000,4.25000,4.21000,4.22000,4600
74,2022-12-21,4.20000,4.30000,4.16000,4.26000,13900
75,2022-12-20,4.29000,4.31000,4.25000,4.25000,13000
76,2022-12-19,4.28000,4.42000,4.23000,4.24000,5200
77,2022-12-16,4.23000,4.27000,4.23000,4.25000,15700
78,2022-12-15,4.28000,4.46000,4.25000,4.28000,15000
79,2022-12-14,4.28000,4.34000,4.28000,4.30000,8300
80,2022-12-13,4.37000,4.39000,4.30000,4.34000,10500
81,2022-12-12,4.34000,4.41000,4.27000,4.37000,28300
82,2022-12-09,4.47000,4.47000,4.37000,4.37000,4400
83,2022-12-08,4.43000,4.43000,4.39000,4.40000,12000
84,2022-12-07,4.40000,4.40000,4.38000,4.38000,5400
85,2022-12-06,4.40000,4.40000,4.35000,4.37000,13400
86,2022-12-05,4.48000,4.48000,4.32000,4.39000,15400
87,2022-12-02,4.44000,4.49000,4.44000,4.46000,5000
88,2022-12-01,4.45000,4.51000,4.37000,4.44000,13500
89,2022-11-30,4.44000,4.54000,4.39000,4.42000,18600
90,2022-11-29,4.44000,4.44000,4.38000,4.38000,7200
91,2022-11-28,4.42000,4.45000,4.38000,4.39000,9100
92,2022-11-25,4.41000,4.41000,4.41000,4.41000,1200
93,2022-11-23,4.36000,4.45000,4.33000,4.40000,18600
94,2022-11-22,4.28000,4.32000,4.27000,4.31000,16700
95,2022-11-21,4.26000,4.32000,4.26000,4.28000,10600
96,2022-11-18,4.34000,4.34000,4.29000,4.30000,2200
97,2022-11-17,4.30000,4.35000,4.25000,4.29000,23600
98,2022-11-16,4.35000,4.35000,4.26000,4.32000,25200
99,2022-11-15,4.44000,4.44000,4.35000,4.38000,9800
100,2022-11-14,4.43000,4.44000,4.38000,4.39000,11100
101,2022-11-11,4.41000,4.44000,4.37000,4.41000,8900
102,2022-11-10,4.38000,4.45000,4.26000,4.39000,11300
103,2022-11-09,4.25000,4.30000,4.25000,4.28000,7100
104,2022-11-08,4.27000,4.27000,4.25000,4.26000,600
105,2022-11-07,4.19000,4.26000,4.19000,4.26000,1000
106,2022-11-04,4.23000,4.23000,4.14000,4.19000,9700
107,2022-11-03,4.16000,4.31000,4.16000,4.20000,17300
108,2022-11-02,4.33000,4.36000,4.30000,4.33000,800
109,2022-11-01,4.29000,4.45000,4.29000,4.33000,10200
110,2022-10-31,4.32000,4.34000,4.25000,4.28000,10700
111,2022-10-28,4.27000,4.31000,4.27000,4.29000,1900
112,2022-10-27,4.20000,4.26000,4.12000,4.23000,11500
113,2022-10-26,4.17000,4.17000,4.17000,4.17000,900
114,2022-10-25,4.10000,4.13000,4.10000,4.13000,1000
115,2022-10-24,4.11000,4.13000,4.05000,4.08000,42500
116,2022-10-20,4.10000,4.10000,4.08000,4.08000,6600
117,2022-10-19,4.18000,4.18000,4.10000,4.11000,11100
118,2022-10-18,4.19000,4.19000,4.08000,4.19000,9100
119,2022-10-17,4.10000,4.14000,4.08000,4.13000,9400
120,2022-10-14,4.13000,4.13000,4.04000,4.04000,6700
121,2022-10-13,3.98000,4.07000,3.97000,4.07000,17400
122,2022-10-12,4.00000,4.14000,3.98000,4.02000,7600
123,2022-10-11,3.97000,4.11000,3.97000,4.00000,6200
124,2022-10-10,4.07000,4.12000,4.05000,4.06000,2800
125,2022-10-07,4.13000,4.14000,4.08000,4.14000,9000
126,2022-10-06,4.19000,4.20000,4.14000,4.14000,15500
127,2022-10-05,4.20000,4.23000,4.18000,4.23000,5000
128,2022-10-04,4.20000,4.26000,4.18000,4.25000,13000
129,2022-10-03,4.12000,4.19000,4.07000,4.11000,61900
130,2022-09-30,4.05000,4.17000,4.05000,4.05000,9900
131,2022-09-29,3.99000,4.07000,3.95000,4.04000,10700
132,2022-09-28,4.08000,4.19000,4.02000,4.10000,14800
133,2022-09-27,4.15000,4.15000,3.96000,4.02000,13400
134,2022-09-26,4.23000,4.23000,4.04000,4.07000,21900
135,2022-09-23,4.37000,4.38000,4.19000,4.24000,25400
136,2022-09-22,4.51000,4.53000,4.33000,4.46000,7900
137,2022-09-21,4.63000,4.66000,4.56000,4.59000,9200
138,2022-09-20,4.66000,4.66000,4.62000,4.63000,4200
139,2022-09-19,4.70000,4.70000,4.65000,4.66000,3500
140,2022-09-16,4.69000,4.70000,4.62000,4.65000,12400
141,2022-09-15,4.78000,4.78000,4.70000,4.72000,26400
142,2022-09-14,4.82000,4.83000,4.74000,4.75000,11900
143,2022-09-13,4.87000,4.89000,4.81000,4.81000,12300
144,2022-09-12,4.88000,4.95000,4.88000,4.94000,32200
145,2022-09-09,4.85000,4.89000,4.82000,4.88000,10600
146,2022-09-08,4.82000,4.85000,4.82000,4.85000,3700
147,2022-09-07,4.79000,4.85000,4.79000,4.85000,6100
148,2022-09-06,4.70000,4.83000,4.70000,4.77000,11600
149,2022-09-02,4.81000,4.87000,4.80000,4.81000,19100
150,2022-09-01,4.85000,4.89000,4.80000,4.81000,32000
151,2022-08-31,4.89000,4.93000,4.85000,4.89000,22800
152,2022-08-30,4.87000,4.91000,4.78000,4.83000,13400
153,2022-08-29,4.80000,4.88000,4.80000,4.88000,18900
154,2022-08-26,4.85000,4.85000,4.80000,4.81000,5400
155,2022-08-25,4.85000,4.87000,4.85000,4.85000,4100
156,2022-08-24,4.84000,4.84000,4.77000,4.83000,10100
157,2022-08-23,4.86000,4.86000,4.81000,4.81000,5800
158,2022-08-22,4.91000,4.91000,4.81000,4.82000,9200
159,2022-08-19,4.95000,4.95000,4.88000,4.91000,10900
160,2022-08-18,5.01000,5.01000,4.96000,4.96000,4400
161,2022-08-17,5.00000,5.00000,4.95000,4.98000,5800
162,2022-08-16,4.90000,4.99000,4.90000,4.98000,7900
163,2022-08-15,4.90000,4.97000,4.86000,4.95000,19200
164,2022-08-12,4.83000,4.90000,4.83000,4.90000,4600
165,2022-08-11,4.80000,4.89000,4.80000,4.83000,20900
166,2022-08-10,4.76000,4.84000,4.74000,4.84000,15500
167,2022-08-09,4.72000,4.78000,4.67000,4.75000,13800
168,2022-08-08,4.78000,4.81000,4.74000,4.76000,24200
169,2022-08-05,4.71000,4.78000,4.71000,4.73000,7800
170,2022-08-04,4.76000,4.85000,4.72000,4.74000,26100
171,2022-08-03,4.72000,4.80000,4.72000,4.79000,19200
172,2022-08-02,4.67000,4.75000,4.67000,4.71000,11100
173,2022-08-01,4.71000,4.78000,4.64000,4.71000,7300
174,2022-07-29,4.81000,4.81000,4.68000,4.72000,12800
175,2022-07-28,4.67000,4.76000,4.61000,4.71000,12100
176,2022-07-27,4.69000,4.73000,4.67000,4.67000,7000
177,2022-07-26,4.73000,4.73000,4.60000,4.61000,4000
178,2022-07-25,4.52000,4.65000,4.52000,4.63000,17900
179,2022-07-22,4.64000,4.65000,4.56000,4.61000,16100
180,2022-07-21,4.53000,4.58000,4.53000,4.58000,4500
181,2022-07-20,4.55000,4.60000,4.54000,4.55000,5700
182,2022-07-19,4.46000,4.55000,4.46000,4.52000,16900
183,2022-07-18,4.60000,4.60000,4.41000,4.53000,17600
184,2022-07-15,4.62000,4.62000,4.49000,4.54000,13800
185,2022-07-14,4.48000,4.53000,4.30000,4.50000,25100
186,2022-07-13,4.62000,4.70000,4.52000,4.54000,44500
187,2022-07-12,4.73000,4.74000,4.62000,4.64000,8000
188,2022-07-11,4.70000,4.70000,4.66000,4.66000,17900
189,2022-07-08,4.68000,4.75000,4.66000,4.74000,2300
190,2022-07-07,4.85000,4.89000,4.69000,4.74000,45400
191,2022-07-06,4.79000,4.82000,4.75000,4.82000,4200
192,2022-07-05,4.73000,4.77000,4.68000,4.77000,4900
193,2022-07-01,4.65000,4.81000,4.65000,4.73000,34200
194,2022-06-30,4.94000,4.99000,4.71000,4.75000,13600
195,2022-06-29,4.71000,4.83000,4.71000,4.78000,5400
196,2022-06-28,4.90000,4.94000,4.80000,4.80000,2900
197,2022-06-27,4.95000,4.95000,4.76000,4.80000,1900
198,2022-06-24,4.73000,4.85000,4.72000,4.78000,11800
199,2022-06-23,4.77000,4.79000,4.70000,4.72000,10000
200,2022-06-22,4.81000,4.85000,4.77000,4.77000,7000
201,2022-06-21,4.82000,4.85000,4.69000,4.85000,18100
202,2022-06-17,4.72000,4.93000,4.72000,4.85000,9100
203,2022-06-16,5.11000,5.11000,4.69000,4.83000,34800
204,2022-06-15,5.11000,5.11000,5.07000,5.08000,4800
205,2022-06-14,5.11000,5.39000,5.08000,5.08000,17000
206,2022-06-13,5.20000,5.34000,5.08000,5.16000,10000
207,2022-06-10,5.17000,5.18000,5.13000,5.13000,4700
208,2022-06-09,5.25000,5.28000,5.18000,5.22000,2900
209,2022-06-08,5.31000,5.31000,5.26000,5.27000,5500
210,2022-06-07,5.31000,5.35000,5.28000,5.35000,3200
211,2022-06-06,5.25000,5.40000,5.25000,5.30000,11800
212,2022-06-03,5.31000,5.35000,5.31000,5.35000,2300
213,2022-06-02,5.34000,5.40000,5.22000,5.34000,4400
214,2022-06-01,5.36000,5.43000,5.26000,5.39000,19700
215,2022-05-31,5.50000,5.51000,5.28000,5.28000,7400
216,2022-05-27,5.20000,5.36000,5.20000,5.36000,11800
217,2022-05-26,5.28000,5.39000,5.24000,5.30000,6600
218,2022-05-25,5.11000,5.22000,5.11000,5.20000,1200
219,2022-05-24,5.15000,5.18000,5.12000,5.16000,2600
220,2022-05-23,5.03000,5.24000,5.03000,5.17000,23200
221,2022-05-20,5.22000,5.26000,5.20000,5.20000,16200
222,2022-05-19,5.22000,5.26000,5.20000,5.24000,3700
223,2022-05-18,5.38000,5.38000,5.22000,5.24000,10800
224,2022-05-17,5.45000,5.66000,5.42000,5.43000,21100
225,2022-05-16,5.52000,5.53000,5.40000,5.46000,26200
226,2022-05-13,5.72000,5.85000,5.51000,5.60000,18200
227,2022-05-12,5.80000,5.80000,5.51000,5.63000,3200
228,2022-05-11,5.88000,5.88000,5.75000,5.85000,6100
229,2022-05-10,5.65000,5.80000,5.44000,5.80000,5600
230,2022-05-09,5.74000,5.81000,5.50000,5.50000,7300
231,2022-05-06,5.89000,5.90000,5.67000,5.81000,7600
232,2022-05-05,5.88000,5.88000,5.80000,5.80000,2600
233,2022-05-04,5.85000,5.85000,5.85000,5.85000,1200
234,2022-05-03,5.90000,6.00000,5.73000,5.85000,4400
235,2022-05-02,5.86000,6.00000,5.70000,5.80000,20700
236,2022-04-29,6.02000,6.02000,5.86000,5.95000,8000
237,2022-04-28,6.06000,6.06000,5.91000,5.97000,5600
238,2022-04-27,6.09000,6.20000,5.89000,5.89000,7400
239,2022-04-26,6.15000,6.15000,5.91000,6.03000,7100
240,2022-04-25,6.18000,6.18000,6.18000,6.18000,1400
241,2022-04-22,6.28000,6.28000,6.11000,6.11000,2900
242,2022-04-21,6.20000,6.20000,6.18000,6.18000,1400
243,2022-04-20,6.40000,6.40000,6.01000,6.11000,3400
244,2022-04-19,6.14000,6.59000,6.14000,6.27000,6400
245,2022-04-18,6.45000,6.66000,6.17000,6.45000,19400
246,2022-04-14,6.28000,6.28000,6.11000,6.23000,7100
247,2022-04-13,6.26000,6.26000,6.21000,6.25000,1000
248,2022-04-12,6.27000,6.28000,6.24000,6.24000,3800
249,2022-04-11,6.21000,6.28000,6.21000,6.24000,11600
250,2022-04-08,6.23000,6.23000,6.22000,6.22000,3400
251,2022-04-07,6.23000,6.28000,6.15000,6.23000,4300
252,2022-04-06,6.35000,6.39000,6.23000,6.24000,6800
253,2022-04-05,6.35000,6.45000,6.28000,6.30000,10500
254,2022-04-04,6.30000,6.44000,6.20000,6.38000,13100
255,2022-04-01,6.38000,6.43000,6.18000,6.42000,12200
256,2022-03-31,6.28000,6.36000,6.16000,6.34000,21700
257,2022-03-30,6.04000,6.20000,6.04000,6.16000,6400
258,2022-03-29,5.95000,6.21000,5.93000,6.19000,15100
259,2022-03-28,6.10000,6.10000,5.86000,5.92000,6300
260,2022-03-25,6.02000,6.02000,5.86000,5.96000,6300
261,2022-03-24,6.02000,6.03000,5.85000,5.88000,12300
262,2022-03-23,6.07000,6.07000,5.93000,5.93000,900
263,2022-03-22,5.96000,6.02000,5.95000,5.98000,11900
264,2022-03-21,5.84000,6.00000,5.84000,5.85000,1900
265,2022-03-18,5.86000,5.96000,5.81000,5.92000,3900
266,2022-03-17,6.00000,6.04000,5.90000,5.90000,2800
267,2022-03-16,5.85000,6.14000,5.85000,6.02000,5700
268,2022-03-15,6.00000,6.00000,5.81000,5.97000,3000
269,2022-03-14,5.85000,6.08000,5.85000,5.85000,8700
270,2022-03-11,6.06000,6.06000,5.90000,5.90000,5800
271,2022-03-10,5.95000,5.99000,5.94000,5.94000,1000
272,2022-03-09,5.97000,5.97000,5.97000,5.97000,500
273,2022-03-08,6.00000,6.04000,5.81000,5.86000,18400
274,2022-03-07,5.86000,6.05000,5.86000,5.90000,10100
275,2022-03-04,6.10000,6.19000,5.90000,5.96000,11300
276,2022-03-03,6.22000,6.28000,6.16000,6.19000,4000
277,2022-03-02,6.28000,6.28000,6.17000,6.17000,1000
278,2022-03-01,6.07000,6.28000,6.03000,6.03000,11200
279,2022-02-28,6.20000,6.25000,5.92000,6.00000,5500
280,2022-02-25,5.79000,6.11000,5.79000,6.04000,5300
281,2022-02-24,5.75000,5.98000,5.75000,5.86000,14000
282,2022-02-23,6.11000,6.19000,5.69000,5.84000,33900
283,2022-02-22,6.13000,6.28000,6.05000,6.12000,6200
284,2022-02-18,6.05000,6.33000,6.05000,6.19000,6300
285,2022-02-17,6.16000,6.18000,6.11000,6.13000,2000
286,2022-02-16,6.23000,6.23000,6.06000,6.13000,7800
287,2022-02-15,6.22000,6.33000,6.20000,6.27000,1700
288,2022-02-14,6.25000,6.27000,6.13000,6.23000,9900
289,2022-02-11,6.50000,6.50000,6.19000,6.33000,4800
290,2022-02-10,6.32000,6.46000,6.30000,6.46000,10000
291,2022-02-09,6.46000,6.50000,6.29000,6.50000,9500
292,2022-02-08,6.21000,6.38000,6.21000,6.35000,9500
293,2022-02-07,6.59000,6.60000,6.01000,6.19000,28800
294,2022-02-04,6.41000,6.49000,6.32000,6.36000,10300
295,2022-02-03,6.51000,6.55000,6.22000,6.32000,5200
296,2022-02-02,6.55000,6.59000,6.55000,6.56000,2100
297,2022-02-01,6.52000,6.55000,6.21000,6.50000,11300
298,2022-01-31,6.11000,6.49000,6.11000,6.44000,9900
299,2022-01-28,6.15000,6.30000,5.97000,6.30000,9900
300,2022-01-27,6.14000,6.20000,6.02000,6.10000,4400
301,2022-01-26,6.15000,6.15000,5.96000,6.04000,6000
302,2022-01-25,6.35000,6.35000,6.00000,6.00000,21600
303,2022-01-24,6.42000,6.42000,6.05000,6.17000,37900
304,2022-01-21,6.71000,6.71000,6.42000,6.48000,18100
305,2022-01-20,6.80000,6.84000,6.59000,6.83000,21000
306,2022-01-19,6.68000,7.00000,6.55000,7.00000,22000
307,2022-01-18,6.70000,6.70000,6.54000,6.64000,20300
308,2022-01-14,6.66000,6.99000,6.60000,6.60000,10000
309,2022-01-13,6.66000,6.75000,6.60000,6.71000,9000
310,2022-01-12,6.59000,6.73000,6.59000,6.73000,11600
311,2022-01-11,6.75000,6.75000,6.48000,6.48000,27400
312,2022-01-10,6.59000,6.64000,6.59000,6.64000,9000
313,2022-01-07,6.59000,6.75000,6.59000,6.62000,18400
314,2022-01-06,6.73000,6.73000,6.66000,6.70000,3200
315,2022-01-05,6.69000,6.72000,6.61000,6.61000,20700
316,2022-01-04,6.83000,6.99000,6.41000,6.69000,79800
317,2022-01-03,6.92000,7.18000,6.87000,6.94000,25800
318,2021-12-31,6.96000,6.96000,6.73000,6.85000,11100
319,2021-12-30,6.86000,6.90000,6.83000,6.86000,6100
320,2021-12-29,6.83000,6.83000,6.72000,6.82000,5300
321,2021-12-28,6.72000,6.87000,6.72000,6.83000,12400
322,2021-12-27,6.68000,6.70000,6.61000,6.69000,6200
323,2021-12-23,6.62000,6.68000,6.62000,6.66000,3100
324,2021-12-22,6.54000,6.65000,6.52000,6.65000,9200
325,2021-12-21,6.70000,6.70000,6.50000,6.65000,10500
326,2021-12-20,6.65000,6.66000,6.46000,6.54000,11800
327,2021-12-17,6.67000,6.69000,6.56000,6.67000,7700
328,2021-12-16,6.74000,6.74000,6.60000,6.70000,3900
329,2021-12-15,6.69000,6.90000,6.69000,6.71000,5800
330,2021-12-14,6.85000,6.85000,6.65000,6.79000,6000
331,2021-12-13,6.92000,6.92000,6.80000,6.86000,11300
332,2021-12-10,6.78000,6.91000,6.78000,6.91000,4200
333,2021-12-09,6.76000,6.89000,6.75000,6.89000,18600
334,2021-12-08,6.79000,6.89000,6.77000,6.89000,8000
335,2021-12-07,6.88000,6.88000,6.75000,6.87000,6300
336,2021-12-06,6.78000,6.79000,6.72000,6.72000,6600
337,2021-12-03,6.85000,6.88000,6.58000,6.70000,22300
338,2021-12-02,6.80000,6.86000,6.78000,6.78000,5400
339,2021-12-01,6.70000,6.81000,6.69000,6.72000,10700
340,2021-11-30,6.79000,6.81000,6.65000,6.68000,14900
341,2021-11-29,6.61000,6.79000,6.61000,6.73000,22800
342,2021-11-26,6.67000,6.74000,6.63000,6.70000,8900
343,2021-11-24,6.78000,6.78000,6.72000,6.77000,4300
344,2021-11-23,6.77000,6.80000,6.66000,6.76000,25900
345,2021-11-22,6.72000,6.79000,6.60000,6.76000,9300
346,2021-11-19,6.77000,6.77000,6.73000,6.75000,18000
347,2021-11-18,6.80000,6.81000,6.76000,6.76000,6200
348,2021-11-17,6.91000,6.91000,6.75000,6.83000,8600
349,2021-11-16,6.90000,6.91000,6.83000,6.87000,11300
350,2021-11-15,6.87000,6.92000,6.87000,6.90000,4100
351,2021-11-12,6.94000,6.97000,6.88000,6.92000,9600
352,2021-11-11,6.88000,6.94000,6.86000,6.90000,15300
353,2021-11-10,6.83000,6.86000,6.81000,6.84000,8000
354,2021-11-09,6.83000,6.86000,6.82000,6.86000,13700
355,2021-11-08,6.76000,6.90000,6.76000,6.82000,23600
356,2021-11-05,6.82000,6.90000,6.82000,6.90000,2900
357,2021-11-04,6.89000,6.89000,6.80000,6.82000,2700
358,2021-11-03,6.80000,6.92000,6.78000,6.92000,11400
359,2021-11-02,6.88000,6.88000,6.76000,6.87000,14500
360,2021-11-01,6.75000,6.88000,6.72000,6.87000,10200
361,2021-10-29,6.86000,6.86000,6.74000,6.77000,7000
362,2021-10-28,6.72000,6.81000,6.72000,6.81000,13200
363,2021-10-27,6.80000,6.80000,6.72000,6.80000,4600
364,2021-10-26,6.74000,6.80000,6.74000,6.79000,9200
365,2021-10-25,6.76000,6.76000,6.72000,6.75000,4300
366,2021-10-22,6.77000,6.77000,6.73000,6.77000,5400
367,2021-10-21,6.76000,6.77000,6.72000,6.75000,5900
368,2021-10-20,6.77000,6.78000,6.74000,6.76000,9200
369,2021-10-19,6.74000,6.77000,6.72000,6.74000,1400
370,2021-10-18,6.64000,6.69000,6.61000,6.69000,6200
371,2021-10-15,6.77000,6.78000,6.65000,6.70000,10800
372,2021-10-14,6.80000,6.80000,6.66000,6.72000,15000
373,2021-10-13,6.71000,6.79000,6.70000,6.77000,7000
374,2021-10-12,6.68000,6.68000,6.63000,6.68000,13200
375,2021-10-11,6.80000,6.80000,6.72000,6.75000,10400
376,2021-10-08,6.70000,6.80000,6.70000,6.70000,7200
377,2021-10-07,6.64000,6.80000,6.64000,6.66000,7000
378,2021-10-06,6.69000,6.74000,6.67000,6.68000,5700
379,2021-10-05,6.69000,6.72000,6.66000,6.69000,3200
380,2021-10-04,6.63000,6.68000,6.61000,6.67000,2900
381,2021-10-01,6.73000,6.73000,6.60000,6.67000,7900
382,2021-09-30,6.69000,6.75000,6.63000,6.65000,7800
383,2021-09-29,6.57000,6.76000,6.57000,6.67000,5500
384,2021-09-28,6.75000,6.75000,6.54000,6.64000,10800
385,2021-09-27,6.72000,6.80000,6.65000,6.67000,5700
386,2021-09-24,6.75000,6.75000,6.64000,6.70000,4800
387,2021-09-23,6.70000,6.70000,6.55000,6.61000,6000
388,2021-09-22,6.54000,6.69000,6.54000,6.60000,8300
389,2021-09-21,6.53000,6.76000,6.53000,6.57000,14700
390,2021-09-20,6.60000,6.60000,6.54000,6.54000,25600
391,2021-09-17,6.74000,6.74000,6.60000,6.64000,7900
392,2021-09-16,6.66000,6.78000,6.59000,6.78000,17800
393,2021-09-15,6.79000,6.80000,6.67000,6.76000,8400
394,2021-09-14,6.80000,6.80000,6.70000,6.79000,9800
395,2021-09-13,6.59000,6.80000,6.59000,6.80000,21100
396,2021-09-10,6.79000,6.80000,6.55000,6.78000,44800
397,2021-09-09,6.55000,6.80000,6.34000,6.43000,16900
398,2021-09-08,6.80000,6.80000,6.55000,6.56000,10700
399,2021-09-07,6.50000,6.65000,6.50000,6.57000,16100
400,2021-09-03,6.57000,6.59000,6.55000,6.55000,4100
401,2021-09-02,6.53000,6.70000,6.42000,6.60000,19700
402,2021-09-01,6.70000,6.70000,6.40000,6.53000,60400
403,2021-08-31,6.62000,6.70000,6.54000,6.69000,10600
404,2021-08-30,6.66000,6.66000,6.54000,6.56000,5200
405,2021-08-27,6.60000,6.70000,6.54000,6.61000,8500
406,2021-08-26,6.67000,6.69000,6.54000,6.55000,2800
407,2021-08-25,6.60000,6.69000,6.58000,6.62000,4000
408,2021-08-24,6.57000,6.68000,6.51000,6.52000,5400
409,2021-08-23,6.46000,6.67000,6.46000,6.60000,4600
410,2021-08-20,6.52000,6.70000,6.37000,6.37000,13600
411,2021-08-19,6.56000,6.74000,6.37000,6.38000,14700
412,2021-08-18,6.84000,6.91000,6.67000,6.67000,5100
413,2021-08-17,6.85000,7.00000,6.83000,6.92000,21400
414,2021-08-16,6.89000,6.93000,6.70000,6.88000,20800
415,2021-08-13,6.77000,6.88000,6.69000,6.88000,12700
416,2021-08-12,6.88000,6.88000,6.67000,6.72000,7300
417,2021-08-11,6.69000,6.76000,6.69000,6.75000,10000
418,2021-08-10,6.72000,6.79000,6.68000,6.74000,12500
419,2021-08-09,6.65000,6.71000,6.60000,6.71000,24500
420,2021-08-06,6.65000,6.65000,6.56000,6.65000,11900
421,2021-08-05,6.58000,6.61000,6.52000,6.61000,5900
422,2021-08-04,6.61000,6.61000,6.55000,6.55000,9700
423,2021-08-03,6.63000,6.63000,6.50000,6.57000,2900
424,2021-08-02,6.61000,6.63000,6.45000,6.60000,2500
425,2021-07-30,6.59000,6.60000,6.27000,6.60000,25700
426,2021-07-29,6.50000,6.57000,6.46000,6.52000,15700
427,2021-07-28,6.56000,6.60000,6.26000,6.60000,12200
428,2021-07-27,6.50000,6.50000,6.26000,6.49000,6700
429,2021-07-26,6.59000,6.59000,6.42000,6.49000,7000
430,2021-07-23,6.51000,6.52000,6.39000,6.52000,14900
431,2021-07-22,6.59000,6.64000,6.36000,6.44000,18900
432,2021-07-21,6.41000,6.59000,6.38000,6.43000,19900
433,2021-07-20,6.47000,6.57000,6.35000,6.45000,45300
434,2021-07-19,6.33000,6.59000,6.16000,6.41000,40800
435,2021-07-16,6.52000,6.62000,6.25000,6.46000,80100
436,2021-07-15,6.79000,6.79000,6.59000,6.63000,59900
437,2021-07-14,6.83000,6.85000,6.78000,6.80000,28500
438,2021-07-13,6.81000,6.88000,6.78000,6.79000,9700
439,2021-07-12,6.84000,6.88000,6.78000,6.80000,46600
440,2021-07-09,6.75000,6.85000,6.75000,6.85000,8100
441,2021-07-08,6.82000,6.85000,6.79000,6.85000,5900
442,2021-07-07,6.90000,6.95000,6.82000,6.85000,5000
443,2021-07-06,6.88000,6.90000,6.80000,6.84000,11700
444,2021-07-02,6.86000,6.92000,6.77000,6.79000,13100
445,2021-07-01,6.87000,6.87000,6.77000,6.78000,24600
446,2021-06-30,7.07000,7.07000,6.83000,6.84000,21400
447,2021-06-29,6.80000,6.83000,6.80000,6.83000,8300
448,2021-06-28,6.80000,6.80000,6.75000,6.80000,4300
449,2021-06-25,6.80000,6.80000,6.64000,6.77000,4200
450,2021-06-24,6.78000,6.80000,6.68000,6.79000,8100
451,2021-06-23,6.73000,6.80000,6.62000,6.74000,32200
452,2021-06-22,6.63000,6.67000,6.57000,6.61000,20100
453,2021-06-21,6.60000,6.67000,6.56000,6.56000,10600
454,2021-06-18,6.65000,6.80000,6.52000,6.62000,29100
455,2021-06-17,6.68000,6.69000,6.60000,6.67000,9000
456,2021-06-16,6.59000,6.79000,6.59000,6.69000,12100
457,2021-06-15,6.81000,6.81000,6.64000,6.65000,7400
458,2021-06-14,6.80000,6.80000,6.70000,6.79000,12300
459,2021-06-11,6.73000,6.73000,6.63000,6.70000,5700
460,2021-06-10,6.65000,6.80000,6.65000,6.77000,8900
461,2021-06-09,6.67000,6.67000,6.62000,6.65000,5000
462,2021-06-08,6.67000,6.67000,6.58000,6.62000,18000
463,2021-06-07,6.69000,6.69000,6.63000,6.67000,10200
464,2021-06-04,6.70000,6.73000,6.64000,6.69000,5700
465,2021-06-03,6.66000,6.66000,6.60000,6.65000,3700
466,2021-06-02,6.60000,6.72000,6.59000,6.64000,8400
467,2021-06-01,6.60000,6.60000,6.57000,6.59000,12500
468,2021-05-28,6.59000,6.60000,6.52000,6.56000,14800
469,2021-05-27,6.59000,6.59000,6.53000,6.56000,6500
470,2021-05-26,6.60000,6.60000,6.56000,6.56000,9800
471,2021-05-25,6.52000,6.66000,6.51000,6.57000,7100
472,2021-05-24,6.59000,6.60000,6.52000,6.52000,12400
473,2021-05-21,6.64000,6.66000,6.51000,6.51000,4900
474,2021-05-20,6.63000,6.79000,6.52000,6.54000,9300
475,2021-05-19,6.60000,6.79000,6.50000,6.70000,10600
476,2021-05-18,6.54000,6.60000,6.54000,6.58000,11300
477,2021-05-17,6.48000,6.65000,6.40000,6.65000,14900
478,2021-05-14,6.57000,6.74000,6.55000,6.56000,6900
479,2021-05-13,6.50000,6.63000,6.48000,6.52000,13900
480,2021-05-12,6.63000,6.64000,6.50000,6.50000,10300
481,2021-05-11,6.55000,6.64000,6.55000,6.63000,6900
482,2021-05-10,6.56000,6.60000,6.55000,6.56000,6800
483,2021-05-07,6.60000,6.60000,6.55000,6.56000,9000
484,2021-05-06,6.54000,6.56000,6.54000,6.56000,4100
485,2021-05-05,6.54000,6.61000,6.54000,6.60000,9500
486,2021-05-04,6.75000,6.75000,6.53000,6.56000,7200
487,2021-05-03,6.53000,6.97000,6.53000,6.67000,22400
488,2021-04-30,6.44000,6.57000,6.44000,6.54000,12600
489,2021-04-29,6.46000,6.54000,6.46000,6.48000,7400
490,2021-04-28,6.48000,6.57000,6.46000,6.50000,8000
491,2021-04-27,6.55000,6.57000,6.41000,6.42000,14300
492,2021-04-26,6.39000,6.54000,6.38000,6.49000,9100
493,2021-04-23,6.43000,6.43000,6.40000,6.43000,12400
494,2021-04-22,6.45000,6.53000,6.43000,6.45000,19100
495,2021-04-21,6.50000,6.51000,6.45000,6.45000,9300
496,2021-04-20,6.50000,6.54000,6.43000,6.43000,17100
497,2021-04-19,6.54000,6.54000,6.35000,6.39000,19200
498,2021-04-16,6.47000,6.47000,6.38000,6.42000,5900
499,2021-04-15,6.45000,6.49000,6.38000,6.38000,2500
500,2021-04-14,6.35000,6.49000,6.35000,6.44000,2300
501,2021-04-13,6.42000,6.42000,6.38000,6.38000,8300
502,2021-04-12,6.34000,6.48000,6.29000,6.39000,20500
503,2021-04-09,6.48000,6.48000,6.40000,6.40000,11800
504,2021-04-08,6.41000,6.41000,6.32000,6.32000,9000
505,2021-04-07,6.32000,6.36000,6.32000,6.34000,7000
506,2021-04-06,6.30000,6.36000,6.28000,6.35000,7600
507,2021-04-05,6.25000,6.37000,6.25000,6.28000,14700
508,2021-04-01,6.13000,6.25000,6.13000,6.22000,15600
509,2021-03-31,6.28000,6.28000,6.13000,6.14000,17400
510,2021-03-30,6.24000,6.24000,6.18000,6.20000,11100
511,2021-03-29,6.11000,6.24000,6.11000,6.24000,6500
512,2021-03-26,6.17000,6.17000,6.14000,6.16000,13500
513,2021-03-25,6.14000,6.17000,6.11000,6.17000,18600
514,2021-03-24,6.15000,6.17000,6.12000,6.13000,5200
515,2021-03-23,6.09000,6.28000,6.09000,6.11000,5400
516,2021-03-22,6.14000,6.16000,6.09000,6.09000,8900
517,2021-03-19,6.17000,6.17000,6.15000,6.15000,1400
518,2021-03-18,6.22000,6.22000,6.11000,6.15000,9400
519,2021-03-17,6.35000,6.35000,6.17000,6.19000,5700
520,2021-03-16,6.37000,6.41000,6.30000,6.31000,3300
521,2021-03-15,6.34000,6.42000,6.24000,6.42000,8900
522,2021-03-12,6.28000,6.28000,6.15000,6.17000,13100
523,2021-03-12,6.28000,6.28000,6.15000,6.17000,13100
524,2021-03-11,6.23000,6.30000,6.20000,6.29000,15000
525,2021-03-11,6.23000,6.30000,6.20000,6.29000,15000
526,2021-03-10,6.23000,6.23000,6.20000,6.23000,4400
527,2021-03-10,6.23000,6.23000,6.20000,6.23000,4400
528,2021-03-09,6.12000,6.23000,6.12000,6.21000,25400
529,2021-03-09,6.12000,6.23000,6.12000,6.21000,25400
530,2021-03-08,6.10000,6.20000,6.10000,6.16000,18600
531,2021-03-08,6.10000,6.20000,6.10000,6.16000,18600
532,2021-03-05,6.07000,6.12000,6.05000,6.05000,4800
533,2021-03-05,6.07000,6.12000,6.05000,6.05000,4800
534,2021-03-04,6.12000,6.12000,6.04000,6.04000,19400
535,2021-03-04,6.12000,6.12000,6.04000,6.04000,19400
536,2021-03-03,6.18000,6.32000,6.08000,6.09000,12700
537,2021-03-03,6.18000,6.32000,6.08000,6.09000,12700
538,2021-03-02,6.11000,6.16000,6.09000,6.11000,9000
539,2021-03-02,6.11000,6.16000,6.09000,6.11000,9000
540,2021-03-01,6.10000,6.20000,6.10000,6.11000,15700
541,2021-03-01,6.10000,6.20000,6.10000,6.11000,15700
542,2021-02-26,6.20000,6.21000,6.06000,6.12000,16000
543,2021-02-26,6.20000,6.21000,6.06000,6.12000,16000
544,2021-02-25,6.14000,6.18000,6.07000,6.11000,14500
545,2021-02-25,6.14000,6.18000,6.07000,6.11000,14500
546,2021-02-24,6.06000,6.16000,6.06000,6.13000,5300
547,2021-02-24,6.06000,6.16000,6.06000,6.13000,5300
548,2021-02-23,6.15000,6.15000,6.09000,6.09000,20700
549,2021-02-23,6.15000,6.15000,6.09000,6.09000,20700
550,2021-02-22,6.16000,6.20000,6.11000,6.15000,13500
551,2021-02-22,6.16000,6.20000,6.11000,6.15000,13500
552,2021-02-19,6.12000,6.21000,6.11000,6.14000,16900
553,2021-02-19,6.12000,6.21000,6.11000,6.14000,16900
554,2021-02-18,6.25000,6.32000,6.12000,6.12000,27400
555,2021-02-18,6.25000,6.32000,6.12000,6.12000,27400
556,2021-02-17,6.11000,6.32000,6.11000,6.25000,24200
557,2021-02-17,6.11000,6.32000,6.11000,6.25000,24200
558,2021-02-16,6.09000,6.16000,6.05000,6.12000,15900
559,2021-02-16,6.09000,6.16000,6.05000,6.12000,15900
560,2021-02-12,6.30000,6.30000,6.05000,6.20000,26900
561,2021-02-12,6.30000,6.30000,6.05000,6.20000,26900
562,2021-02-11,6.14000,6.30000,6.12000,6.28000,21300
563,2021-02-11,6.14000,6.30000,6.12000,6.28000,21300
564,2021-02-10,6.13000,6.20000,6.00000,6.18000,13700
565,2021-02-10,6.13000,6.20000,6.00000,6.18000,13700
566,2021-02-09,6.02000,6.19000,6.01000,6.14000,34800
567,2021-02-09,6.02000,6.19000,6.01000,6.14000,34800
568,2021-02-08,5.97000,6.19000,5.93000,6.17000,31000
569,2021-02-08,5.97000,6.19000,5.93000,6.17000,31000
570,2021-02-05,5.77000,5.95000,5.77000,5.86000,19100
571,2021-02-05,5.77000,5.95000,5.77000,5.86000,19100
572,2021-02-04,5.89000,5.92000,5.60000,5.67000,24500
573,2021-02-04,5.89000,5.92000,5.60000,5.67000,24500
574,2021-02-03,5.85000,5.96000,5.80000,5.82000,10200
575,2021-02-03,5.85000,5.96000,5.80000,5.82000,10200
576,2021-02-02,5.83000,5.94000,5.77000,5.84000,24800
577,2021-02-02,5.83000,5.94000,5.77000,5.84000,24800
578,2021-02-01,5.83000,5.89000,5.71000,5.78000,18300
579,2021-02-01,5.83000,5.89000,5.71000,5.78000,18300
580,2021-01-29,5.93000,5.95000,5.76000,5.83000,11300
581,2021-01-29,5.93000,5.95000,5.76000,5.83000,11300
582,2021-01-28,5.80000,5.88000,5.75000,5.88000,4100
583,2021-01-28,5.80000,5.88000,5.75000,5.88000,4100
584,2021-01-27,5.80000,5.91000,5.74000,5.79000,21800
585,2021-01-27,5.80000,5.91000,5.74000,5.79000,21800
586,2021-01-26,5.87000,5.88000,5.87000,5.88000,5200
587,2021-01-26,5.87000,5.88000,5.87000,5.88000,5200
588,2021-01-25,5.84000,5.91000,5.83000,5.89000,7800
589,2021-01-25,5.84000,5.91000,5.83000,5.89000,7800
590,2021-01-22,5.90000,5.95000,5.90000,5.90000,3200
591,2021-01-22,5.90000,5.95000,5.90000,5.90000,3200
592,2021-01-21,5.97000,5.97000,5.91000,5.91000,9200
593,2021-01-21,5.97000,5.97000,5.91000,5.91000,9200
594,2021-01-20,6.05000,6.05000,5.91000,5.95000,4700
595,2021-01-20,6.05000,6.05000,5.91000,5.95000,4700
596,2021-01-19,5.92000,5.95000,5.87000,5.91000,11700
597,2021-01-19,5.92000,5.95000,5.87000,5.91000,11700
598,2021-01-15,6.00000,6.10000,5.85000,5.92000,11000
599,2021-01-15,6.00000,6.10000,5.85000,5.92000,11000
600,2021-01-14,6.13000,6.13000,5.93000,6.04000,14700
601,2021-01-14,6.13000,6.13000,5.93000,6.04000,14700
602,2021-01-13,5.88000,6.23000,5.85000,6.11000,24900
603,2021-01-13,5.88000,6.23000,5.85000,6.11000,24900
604,2021-01-12,5.86000,5.88000,5.82000,5.86000,10300
605,2021-01-12,5.86000,5.88000,5.82000,5.86000,10300
606,2021-01-11,5.88000,5.90000,5.77000,5.83000,18000
607,2021-01-11,5.88000,5.90000,5.77000,5.83000,18000
608,2021-01-08,5.74000,5.93000,5.74000,5.83000,13300
609,2021-01-08,5.74000,5.93000,5.74000,5.83000,13300
610,2021-01-07,5.70000,5.85000,5.65000,5.74000,44000
611,2021-01-07,5.70000,5.85000,5.65000,5.74000,44000
612,2021-01-06,5.75000,5.75000,5.72000,5.75000,1500
613,2021-01-06,5.75000,5.75000,5.72000,5.75000,1500
614,2021-01-05,5.72000,5.83000,5.60000,5.72000,22700
615,2021-01-05,5.72000,5.83000,5.60000,5.72000,22700
616,2021-01-04,5.75000,5.91000,5.68000,5.78000,15900
617,2021-01-04,5.75000,5.91000,5.68000,5.78000,15900
618,2020-12-31,5.73000,5.77000,5.71000,5.75000,31500
619,2020-12-31,5.73000,5.77000,5.71000,5.75000,31500
620,2020-12-30,5.75000,5.75000,5.60000,5.71000,57200
621,2020-12-30,5.75000,5.75000,5.60000,5.71000,57200
622,2020-12-29,5.80000,5.80000,5.69000,5.73000,8100
623,2020-12-29,5.80000,5.80000,5.69000,5.73000,8100
624,2020-12-28,5.73000,5.83000,5.71000,5.71000,13200
625,2020-12-28,5.73000,5.83000,5.71000,5.71000,13200
626,2020-12-24,5.76000,5.78000,5.75000,5.78000,8700
627,2020-12-24,5.76000,5.78000,5.75000,5.78000,8700
628,2020-12-23,5.83000,5.83000,5.74000,5.77000,10100
629,2020-12-23,5.83000,5.83000,5.74000,5.77000,10100
630,2020-12-22,5.90000,5.92000,5.75000,5.79000,12700
631,2020-12-22,5.90000,5.92000,5.75000,5.79000,12700
632,2020-12-21,5.88000,5.88000,5.75000,5.86000,12100
633,2020-12-21,5.88000,5.88000,5.75000,5.86000,12100
634,2020-12-18,5.89000,5.90000,5.80000,5.90000,8400
635,2020-12-18,5.89000,5.90000,5.80000,5.90000,8400
636,2020-12-17,5.80000,5.84000,5.80000,5.84000,9400
637,2020-12-17,5.80000,5.84000,5.80000,5.84000,9400
638,2020-12-16,5.87000,5.87000,5.82000,5.86000,9200
639,2020-12-16,5.87000,5.87000,5.82000,5.86000,9200
640,2020-12-15,6.13000,6.13000,5.69000,5.90000,43900
641,2020-12-15,6.13000,6.13000,5.69000,5.90000,43900
642,2020-12-14,6.10000,6.24000,6.10000,6.15000,27100
643,2020-12-14,6.10000,6.24000,6.10000,6.15000,27100
644,2020-12-11,6.02000,6.24000,6.02000,6.21000,29400
645,2020-12-11,6.02000,6.24000,6.02000,6.21000,29400
646,2020-12-10,6.04000,6.08000,6.00000,6.02000,2900
647,2020-12-10,6.04000,6.08000,6.00000,6.02000,2900
648,2020-12-09,6.00000,6.12000,5.99000,6.09000,15200
649,2020-12-09,6.00000,6.12000,5.99000,6.09000,15200
650,2020-12-08,5.87000,6.00000,5.87000,5.99000,18700
651,2020-12-08,5.87000,6.00000,5.87000,5.99000,18700
652,2020-12-07,5.93000,5.98000,5.90000,5.90000,17600
653,2020-12-07,5.93000,5.98000,5.90000,5.90000,17600
654,2020-12-04,5.89000,5.91000,5.85000,5.89000,2700
655,2020-12-04,5.89000,5.91000,5.85000,5.89000,2700
656,2020-12-03,5.90000,5.95000,5.86000,5.91000,25200
657,2020-12-03,5.90000,5.95000,5.86000,5.91000,25200
658,2020-12-02,5.90000,5.91000,5.89000,5.90000,5900
659,2020-12-02,5.90000,5.91000,5.89000,5.90000,5900
660,2020-12-01,5.89000,5.91000,5.86000,5.88000,10000
661,2020-12-01,5.89000,5.91000,5.86000,5.88000,10000
662,2020-11-30,5.90000,5.96000,5.80000,5.87000,18400
663,2020-11-30,5.90000,5.96000,5.80000,5.87000,18400
664,2020-11-27,5.80000,5.84000,5.76000,5.78000,25000
665,2020-11-27,5.80000,5.84000,5.76000,5.78000,25000
666,2020-11-25,5.77000,5.80000,5.76000,5.77000,11200
667,2020-11-25,5.77000,5.80000,5.76000,5.77000,11200
668,2020-11-24,5.69000,5.75000,5.62000,5.74000,8900
669,2020-11-24,5.69000,5.75000,5.62000,5.74000,8900
670,2020-11-23,5.63000,5.77000,5.39000,5.73000,19800
671,2020-11-23,5.63000,5.77000,5.39000,5.73000,19800
672,2020-11-20,5.61000,5.80000,5.61000,5.80000,8300
673,2020-11-20,5.61000,5.80000,5.61000,5.80000,8300
674,2020-11-19,5.70000,5.70000,5.66000,5.68000,5200
675,2020-11-19,5.70000,5.70000,5.66000,5.68000,5200
676,2020-11-18,5.68000,5.70000,5.63000,5.67000,6800
677,2020-11-18,5.68000,5.70000,5.63000,5.67000,6800
678,2020-11-17,5.80000,5.80000,5.63000,5.68000,23300
679,2020-11-17,5.80000,5.80000,5.63000,5.68000,23300
680,2020-11-16,5.56000,5.68000,5.56000,5.66000,37600
681,2020-11-16,5.56000,5.68000,5.56000,5.66000,37600
682,2020-11-13,5.56000,5.62000,5.54000,5.60000,12800
683,2020-11-13,5.56000,5.62000,5.54000,5.60000,12800
684,2020-11-12,5.59000,5.62000,5.55000,5.57000,7000
685,2020-11-12,5.59000,5.62000,5.55000,5.57000,7000
686,2020-11-11,5.59000,5.61000,5.56000,5.59000,15100
687,2020-11-11,5.59000,5.61000,5.56000,5.59000,15100
688,2020-11-10,5.49000,5.50000,5.47000,5.50000,10600
689,2020-11-10,5.49000,5.50000,5.47000,5.50000,10600
690,2020-11-09,5.43000,5.49000,5.43000,5.48000,19700
691,2020-11-09,5.43000,5.49000,5.43000,5.48000,19700
692,2020-11-06,5.43000,5.43000,5.36000,5.36000,9400
693,2020-11-06,5.43000,5.43000,5.36000,5.36000,9400
694,2020-11-05,5.35000,5.40000,5.35000,5.36000,20500
695,2020-11-05,5.35000,5.40000,5.35000,5.36000,20500
696,2020-11-04,5.25000,5.30000,5.25000,5.30000,13200
697,2020-11-04,5.25000,5.30000,5.25000,5.30000,13200
698,2020-11-03,5.15000,5.25000,5.15000,5.25000,13900
699,2020-11-03,5.15000,5.25000,5.15000,5.25000,13900
700,2020-11-02,5.11000,5.21000,5.11000,5.18000,32600
701,2020-11-02,5.11000,5.21000,5.11000,5.18000,32600
702,2020-10-30,5.27000,5.30000,5.18000,5.25000,34100
703,2020-10-29,5.29000,5.29000,5.19000,5.19000,6600
704,2020-10-28,5.35000,5.35000,5.20000,5.23000,14300
705,2020-10-27,5.30000,5.30000,5.27000,5.27000,6700
706,2020-10-26,5.29000,5.39000,5.26000,5.26000,12800
707,2020-10-23,5.34000,5.35000,5.30000,5.32000,6100
708,2020-10-22,5.36000,5.36000,5.34000,5.35000,5700
709,2020-10-21,5.35000,5.40000,5.33000,5.37000,9700
710,2020-10-20,5.29000,5.38000,5.28000,5.35000,5400
711,2020-10-19,5.30000,5.34000,5.30000,5.34000,4500
712,2020-10-16,5.40000,5.40000,5.26000,5.34000,18800
713,2020-10-15,5.40000,5.41000,5.37000,5.40000,5600
714,2020-10-14,5.42000,5.49000,5.36000,5.44000,26800
715,2020-10-13,5.44000,5.45000,5.39000,5.41000,17400
716,2020-10-12,5.39000,5.47000,5.39000,5.47000,5900
717,2020-10-09,5.42000,5.45000,5.38000,5.44000,8000
718,2020-10-08,5.40000,5.44000,5.35000,5.38000,13800
719,2020-10-07,5.39000,5.39000,5.33000,5.33000,10900
720,2020-10-06,5.37000,5.37000,5.28000,5.28000,29900
721,2020-10-05,5.34000,5.36000,5.33000,5.36000,3500
722,2020-10-02,5.24000,5.33000,5.24000,5.29000,1800
723,2020-10-01,5.24000,5.33000,5.24000,5.33000,12200
724,2020-09-30,5.46000,5.46000,5.31000,5.31000,17400
725,2020-09-29,5.24000,5.35000,5.20000,5.31000,22300
726,2020-09-28,5.33000,5.33000,5.27000,5.28000,8300
727,2020-09-25,5.19000,5.23000,5.19000,5.23000,5400
728,2020-09-24,5.23000,5.27000,5.22000,5.22000,11100
729,2020-09-23,5.31000,5.35000,5.20000,5.23000,33300
730,2020-09-22,5.32000,5.33000,5.28000,5.30000,54800
731,2020-09-21,5.32000,5.38000,5.32000,5.32000,21100
732,2020-09-18,5.40000,5.40000,5.35000,5.35000,6500
733,2020-09-17,5.34000,5.37000,5.32000,5.35000,15000
734,2020-09-16,5.35000,5.41000,5.35000,5.35000,13700
735,2020-09-15,5.41000,5.41000,5.35000,5.37000,18700
736,2020-09-14,5.39000,5.39000,5.36000,5.36000,28500
737,2020-09-11,5.39000,5.39000,5.34000,5.34000,18400
738,2020-09-10,5.34000,5.38000,5.33000,5.36000,25300
739,2020-09-09,5.34000,5.38000,5.33000,5.34000,32800
740,2020-09-08,5.33000,5.33000,5.27000,5.28000,8400
741,2020-09-04,5.35000,5.40000,5.27000,5.37000,12900
742,2020-09-03,5.41000,5.50000,5.35000,5.41000,12900
743,2020-09-02,5.41000,5.41000,5.38000,5.39000,9600
744,2020-09-01,5.36000,5.38000,5.35000,5.38000,4900
745,2020-08-31,5.40000,5.40000,5.34000,5.38000,15200
746,2020-08-28,5.33000,5.36000,5.31000,5.36000,14100
747,2020-08-27,5.28000,5.32000,5.27000,5.29000,9700
748,2020-08-26,5.31000,5.31000,5.28000,5.29000,8200
749,2020-08-25,5.28000,5.29000,5.28000,5.29000,1800
750,2020-08-24,5.30000,5.31000,5.27000,5.28000,3900
751,2020-08-21,5.28000,5.29000,5.24000,5.28000,20900
752,2020-08-20,5.27000,5.30000,5.27000,5.27000,10400
753,2020-08-19,5.29000,5.32000,5.27000,5.28000,17800
754,2020-08-18,5.32000,5.32000,5.28000,5.29000,19300
755,2020-08-17,5.40000,5.61000,5.34000,5.39000,40100
756,2020-08-14,5.37000,5.37000,5.30000,5.36000,19400
757,2020-08-13,5.34000,5.35000,5.33000,5.35000,15900
758,2020-08-12,5.32000,5.35000,5.32000,5.33000,87400
759,2020-08-11,5.34000,5.34000,5.30000,5.31000,84700
760,2020-08-10,5.38000,5.39000,5.32000,5.33000,42100
761,2020-08-07,5.35000,5.37000,5.33000,5.34000,10600
762,2020-08-06,5.37000,5.39000,5.30000,5.31000,16800
763,2020-08-05,5.41000,5.44000,5.20000,5.32000,38900
764,2020-08-04,5.40000,5.42000,5.37000,5.41000,6600
765,2020-08-03,5.36000,5.45000,5.36000,5.42000,20000
766,2020-07-31,5.49000,5.49000,5.39000,5.42000,23100
767,2020-07-30,5.40000,5.45000,5.39000,5.45000,12200
768,2020-07-29,5.44000,5.44000,5.39000,5.39000,13400
769,2020-07-28,5.40000,5.42000,5.38000,5.39000,7100
770,2020-07-27,5.43000,5.43000,5.35000,5.37000,10200
771,2020-07-24,5.44000,5.44000,5.34000,5.39000,19200
772,2020-07-23,5.38000,5.40000,5.38000,5.38000,2200
773,2020-07-22,5.34000,5.39000,5.34000,5.39000,2900
774,2020-07-21,5.38000,5.38000,5.34000,5.36000,13400
775,2020-07-20,5.32000,5.34000,5.32000,5.34000,2100
776,2020-07-17,5.35000,5.36000,5.32000,5.34000,16000
777,2020-07-16,5.35000,5.42000,5.33000,5.33000,9900
778,2020-07-15,5.34000,5.40000,5.34000,5.38000,10200
779,2020-07-14,5.43000,5.45000,5.31000,5.35000,12800
780,2020-07-13,5.44000,5.45000,5.37000,5.45000,10300
781,2020-07-10,5.37000,5.45000,5.34000,5.45000,12500
782,2020-07-09,5.33000,5.38000,5.30000,5.35000,15400
783,2020-07-08,5.32000,5.37000,5.32000,5.36000,6400
784,2020-07-07,5.30000,5.41000,5.30000,5.36000,12500
785,2020-07-06,5.38000,5.43000,5.36000,5.36000,31700
786,2020-07-02,5.43000,5.45000,5.36000,5.42000,15200
787,2020-07-01,5.40000,5.43000,5.37000,5.43000,26200
788,2020-06-30,5.36000,5.41000,5.31000,5.38000,17600
789,2020-06-29,5.31000,5.31000,5.23000,5.31000,7500
790,2020-06-26,5.29000,5.47000,5.25000,5.47000,12300
791,2020-06-25,5.28000,5.28000,5.25000,5.27000,8900
792,2020-06-24,5.25000,5.34000,5.25000,5.27000,17900
793,2020-06-23,5.35000,5.36000,5.35000,5.36000,1400
794,2020-06-22,5.25000,5.32000,5.24000,5.31000,9300
795,2020-06-19,5.33000,5.39000,5.27000,5.28000,15600
796,2020-06-18,5.34000,5.44000,5.31000,5.36000,18700
797,2020-06-17,5.45000,5.49000,5.40000,5.44000,11200
798,2020-06-16,5.45000,5.45000,5.36000,5.41000,13500
799,2020-06-15,5.15000,5.42000,5.15000,5.40000,11100
800,2020-06-12,5.35000,5.51000,5.35000,5.36000,9200
801,2020-06-11,5.35000,5.40000,5.28000,5.30000,67300
802,2020-06-10,5.51000,5.52000,5.47000,5.47000,26500
803,2020-06-09,5.52000,5.56000,5.43000,5.48000,11000
804,2020-06-08,5.54000,5.57000,5.48000,5.52000,15000
805,2020-06-05,5.43000,5.92000,5.41000,5.46000,28900
806,2020-06-04,5.32000,5.35000,5.32000,5.34000,3500
807,2020-06-03,5.31000,5.33000,5.27000,5.33000,9200
808,2020-06-02,5.24000,5.29000,5.24000,5.24000,19400
809,2020-06-01,5.18000,5.25000,5.18000,5.22000,8500
810,2020-05-29,5.19000,5.20000,5.15000,5.19000,15800
811,2020-05-28,5.15000,5.24000,5.03000,5.17000,19100
812,2020-05-27,5.13000,5.15000,5.10000,5.13000,9900
813,2020-05-26,5.08000,5.16000,5.08000,5.12000,18800
814,2020-05-22,4.94000,5.14000,4.94000,5.00000,7800
815,2020-05-21,5.02000,5.03000,5.00000,5.02000,8800
816,2020-05-20,4.95000,5.00000,4.95000,4.97000,6300
817,2020-05-19,4.94000,4.95000,4.86000,4.94000,18400
818,2020-05-18,4.91000,4.94000,4.88000,4.94000,7700
819,2020-05-15,4.73000,4.84000,4.73000,4.82000,16800
820,2020-05-14,4.72000,4.84000,4.65000,4.82000,10800
821,2020-05-13,4.87000,4.93000,4.82000,4.83000,27100
822,2020-05-12,5.07000,5.07000,4.95000,4.95000,6600
823,2020-05-11,4.98000,5.03000,4.96000,5.00000,17800
824,2020-05-08,4.91000,5.02000,4.91000,4.97000,33600
825,2020-05-07,4.98000,4.98000,4.91000,4.95000,11600
826,2020-05-06,4.94000,4.96000,4.91000,4.93000,7400
827,2020-05-05,4.86000,5.02000,4.86000,4.90000,40600
828,2020-05-04,4.92000,4.92000,4.83000,4.90000,20100
829,2020-05-01,4.85000,4.90000,4.85000,4.88000,10400
830,2020-04-30,5.00000,5.00000,4.89000,4.93000,6700
831,2020-04-29,4.85000,4.96000,4.85000,4.95000,13200
832,2020-04-28,4.90000,4.94000,4.84000,4.85000,8600
833,2020-04-27,4.86000,4.86000,4.85000,4.85000,11400
834,2020-04-24,4.84000,4.85000,4.79000,4.84000,5200
835,2020-04-23,4.70000,4.83000,4.70000,4.79000,8900
836,2020-04-22,4.70000,4.85000,4.70000,4.74000,30600
837,2020-04-21,4.75000,4.79000,4.52000,4.76000,70200
838,2020-04-20,4.94000,5.02000,4.71000,4.89000,8200
839,2020-04-17,5.13000,5.13000,4.92000,4.95000,32900
840,2020-04-16,4.96000,5.00000,4.93000,4.93000,25700
841,2020-04-15,4.85000,4.92000,4.85000,4.89000,2300
842,2020-04-14,4.83000,4.99000,4.83000,4.93000,20900
843,2020-04-13,4.87000,4.91000,4.81000,4.87000,58800
844,2020-04-09,4.92000,5.08000,4.86000,4.89000,26300
845,2020-04-08,4.65000,4.87000,4.63000,4.87000,42900
846,2020-04-07,4.54000,4.70000,4.43000,4.64000,59700
847,2020-04-06,4.30000,4.66000,4.30000,4.43000,62500
848,2020-04-03,4.51000,4.51000,4.22000,4.26000,24500
849,2020-04-02,4.35000,4.57000,4.35000,4.52000,11700
850,2020-04-01,4.64000,4.77000,4.38000,4.45000,31300
851,2020-03-31,4.74000,4.92000,4.74000,4.80000,12200
852,2020-03-30,4.80000,4.89000,4.75000,4.83000,6100
853,2020-03-27,4.95000,4.95000,4.71000,4.82000,14100
854,2020-03-26,4.50000,5.11000,4.49000,4.98000,30300
855,2020-03-25,4.24000,4.50000,4.10000,4.43000,40900
856,2020-03-24,3.75000,4.11000,3.75000,3.96000,28600
857,2020-03-23,4.19000,4.19000,3.47000,3.55000,50300
858,2020-03-20,4.15000,4.34000,4.02000,4.05000,39200
859,2020-03-19,3.39000,3.81000,3.39000,3.81000,50500
860,2020-03-18,4.16000,4.31000,3.14000,3.26000,101400
861,2020-03-17,5.01000,5.15000,4.95000,4.95000,16900
862,2020-03-16,5.20000,5.30000,5.01000,5.01000,24100
863,2020-03-13,5.05000,5.40000,5.00000,5.40000,52500
864,2020-03-12,5.45000,5.47000,5.05000,5.08000,31700
865,2020-03-11,5.75000,5.75000,5.45000,5.55000,13600
866,2020-03-10,5.78000,6.08000,5.58000,5.75000,42200
867,2020-03-09,6.17000,6.17000,5.75000,5.77000,27300
868,2020-03-06,6.23000,6.31000,6.00000,6.27000,13500
869,2020-03-06,6.23000,6.31000,6.00000,6.27000,13500
870,2020-03-05,6.32000,6.39000,6.22000,6.38000,23300
871,2020-03-05,6.32000,6.39000,6.22000,6.38000,23300
872,2020-03-04,6.30000,6.33000,6.27000,6.33000,24100
873,2020-03-04,6.30000,6.33000,6.27000,6.33000,24100
874,2020-03-03,6.33000,6.33000,6.22000,6.23000,22000
875,2020-03-03,6.33000,6.33000,6.22000,6.23000,22000
876,2020-03-02,6.06000,6.22000,5.98000,6.15000,18900
877,2020-03-02,6.06000,6.22000,5.98000,6.15000,18900
878,2020-02-28,6.34000,6.35000,5.79000,6.04000,59200
879,2020-02-28,6.34000,6.35000,5.79000,6.04000,59200
880,2020-02-27,6.53000,6.59000,6.43000,6.52000,45800
881,2020-02-27,6.53000,6.59000,6.43000,6.52000,45800
882,2020-02-26,6.76000,6.78000,6.65000,6.72000,23400
883,2020-02-26,6.76000,6.78000,6.65000,6.72000,23400
884,2020-02-25,6.87000,6.95000,6.68000,6.78000,32300
885,2020-02-25,6.87000,6.95000,6.68000,6.78000,32300
886,2020-02-24,6.97000,7.01000,6.81000,6.81000,34800
887,2020-02-24,6.97000,7.01000,6.81000,6.81000,34800
888,2020-02-21,7.04000,7.06000,6.94000,7.03000,22900
889,2020-02-21,7.04000,7.06000,6.94000,7.03000,22900
890,2020-02-20,6.92000,7.00000,6.92000,6.99000,24000
891,2020-02-20,6.92000,7.00000,6.92000,6.99000,24000
892,2020-02-19,7.05000,7.05000,6.86000,6.92000,72000
893,2020-02-19,7.05000,7.05000,6.86000,6.92000,72000
894,2020-02-18,6.90000,7.05000,6.87000,7.04000,31900
895,2020-02-18,6.90000,7.05000,6.87000,7.04000,31900
896,2020-02-14,6.98000,7.10000,6.98000,7.07000,14500
897,2020-02-14,6.98000,7.10000,6.98000,7.07000,14500
898,2020-02-13,6.96000,7.05000,6.96000,7.03000,11400
899,2020-02-13,6.96000,7.05000,6.96000,7.03000,11400
900,2020-02-12,6.95000,7.07000,6.95000,7.01000,11300
901,2020-02-12,6.95000,7.07000,6.95000,7.01000,11300
902,2020-02-11,7.10000,7.10000,6.98000,7.04000,12500
903,2020-02-11,7.10000,7.10000,6.98000,7.04000,12500
904,2020-02-10,7.10000,7.10000,6.95000,7.04000,26000
905,2020-02-10,7.10000,7.10000,6.95000,7.04000,26000
906,2020-02-07,6.99000,7.08000,6.91000,7.07000,41800
907,2020-02-07,6.99000,7.08000,6.91000,7.07000,41800
908,2020-02-06,6.93000,7.10000,6.88000,6.90000,16800
909,2020-02-06,6.93000,7.10000,6.88000,6.90000,16800
910,2020-02-05,6.84000,7.00000,6.80000,6.81000,21100
911,2020-02-05,6.84000,7.00000,6.80000,6.81000,21100
912,2020-02-04,6.85000,6.97000,6.79000,6.88000,38400
913,2020-02-04,6.85000,6.97000,6.79000,6.88000,38400
914,2020-02-03,6.95000,6.95000,6.70000,6.89000,27100
915,2020-02-03,6.95000,6.95000,6.70000,6.89000,27100
916,2020-01-31,6.77000,7.00000,6.77000,6.85000,27000
917,2020-01-31,6.77000,7.00000,6.77000,6.85000,27000
918,2020-01-30,6.85000,6.90000,6.65000,6.77000,11700
919,2020-01-30,6.85000,6.90000,6.65000,6.77000,11700
920,2020-01-29,6.78000,6.89000,6.75000,6.81000,13000
921,2020-01-29,6.78000,6.89000,6.75000,6.81000,13000
922,2020-01-28,6.65000,6.87000,6.65000,6.67000,5600
923,2020-01-28,6.65000,6.87000,6.65000,6.67000,5600
924,2020-01-27,6.93000,6.93000,6.62000,6.65000,40000
925,2020-01-27,6.93000,6.93000,6.62000,6.65000,40000
926,2020-01-24,6.95000,7.08000,6.82000,6.85000,9600
927,2020-01-24,6.95000,7.08000,6.82000,6.85000,9600
928,2020-01-23,6.85000,7.01000,6.82000,6.84000,22600
929,2020-01-23,6.85000,7.01000,6.82000,6.84000,22600
930,2020-01-22,6.98000,7.16000,6.74000,6.88000,40700
931,2020-01-22,6.98000,7.16000,6.74000,6.88000,40700
932,2020-01-21,6.76000,6.95000,6.70000,6.87000,10500
933,2020-01-21,6.76000,6.95000,6.70000,6.87000,10500
934,2020-01-17,6.75000,7.00000,6.70000,6.75000,13600
935,2020-01-17,6.75000,7.00000,6.70000,6.75000,13600
936,2020-01-16,6.68000,6.82000,6.68000,6.69000,5200
937,2020-01-16,6.68000,6.82000,6.68000,6.69000,5200
938,2020-01-15,6.80000,6.80000,6.60000,6.72000,26900
939,2020-01-15,6.80000,6.80000,6.60000,6.72000,26900
940,2020-01-14,6.68000,6.80000,6.68000,6.80000,18100
941,2020-01-14,6.68000,6.80000,6.68000,6.80000,18100
942,2020-01-13,6.62000,6.68000,6.55000,6.68000,11900
943,2020-01-13,6.62000,6.68000,6.55000,6.68000,11900
944,2020-01-10,6.63000,6.63000,6.50000,6.54000,9600
945,2020-01-10,6.63000,6.63000,6.50000,6.54000,9600
946,2020-01-09,6.59000,6.59000,6.57000,6.58000,5600
947,2020-01-09,6.59000,6.59000,6.57000,6.58000,5600
948,2020-01-08,6.49000,6.55000,6.45000,6.55000,8300
949,2020-01-08,6.49000,6.55000,6.45000,6.55000,8300
950,2020-01-07,6.56000,6.61000,6.56000,6.56000,18700
951,2020-01-07,6.56000,6.61000,6.56000,6.56000,18700
952,2020-01-06,6.49000,6.64000,6.49000,6.49000,4900
953,2020-01-06,6.49000,6.64000,6.49000,6.49000,4900
954,2020-01-03,6.57000,6.58000,6.54000,6.58000,2100
955,2020-01-03,6.57000,6.58000,6.54000,6.58000,2100
956,2020-01-02,6.45000,6.60000,6.45000,6.51000,25400
957,2020-01-02,6.45000,6.60000,6.45000,6.51000,25400
958,2019-12-31,6.61000,6.63000,6.45000,6.45000,17400
959,2019-12-31,6.61000,6.63000,6.45000,6.45000,17400
960,2019-12-30,6.45000,6.57000,6.44000,6.57000,22900
961,2019-12-30,6.45000,6.57000,6.44000,6.57000,22900
962,2019-12-27,6.59000,6.59000,6.51000,6.51000,9100
963,2019-12-27,6.59000,6.59000,6.51000,6.51000,9100
964,2019-12-26,6.49000,6.53000,6.44000,6.53000,2400
965,2019-12-26,6.49000,6.53000,6.44000,6.53000,2400
966,2019-12-24,6.50000,6.55000,6.47000,6.49000,13500
967,2019-12-24,6.50000,6.55000,6.47000,6.49000,13500
968,2019-12-23,6.45000,6.46000,6.41000,6.44000,6500
969,2019-12-23,6.45000,6.46000,6.41000,6.44000,6500
970,2019-12-20,6.46000,6.51000,6.46000,6.50000,7300
971,2019-12-20,6.46000,6.51000,6.46000,6.50000,7300
972,2019-12-19,6.45000,6.50000,6.45000,6.48000,4800
973,2019-12-19,6.45000,6.50000,6.45000,6.48000,4800
974,2019-12-18,6.44000,6.45000,6.41000,6.45000,8300
975,2019-12-18,6.44000,6.45000,6.41000,6.45000,8300
976,2019-12-17,6.35000,6.44000,6.35000,6.44000,7900
977,2019-12-17,6.35000,6.44000,6.35000,6.44000,7900
978,2019-12-16,6.27000,6.45000,6.27000,6.41000,33700
979,2019-12-16,6.27000,6.45000,6.27000,6.41000,33700
980,2019-12-13,6.32000,6.45000,6.25000,6.39000,33700
981,2019-12-13,6.32000,6.45000,6.25000,6.39000,33700
982,2019-12-12,6.62000,6.62000,6.35000,6.45000,40100
983,2019-12-12,6.62000,6.62000,6.35000,6.45000,40100
984,2019-12-11,6.88000,7.00000,6.75000,6.75000,58200
985,2019-12-11,6.88000,7.00000,6.75000,6.75000,58200
986,2019-12-10,6.69000,6.75000,6.59000,6.75000,17700
987,2019-12-10,6.69000,6.75000,6.59000,6.75000,17700
988,2019-12-09,6.67000,6.70000,6.63000,6.70000,28200
989,2019-12-09,6.67000,6.70000,6.63000,6.70000,28200
990,2019-12-06,6.70000,6.70000,6.51000,6.52000,17100
991,2019-12-06,6.70000,6.70000,6.51000,6.52000,17100
992,2019-12-05,6.66000,6.67000,6.42000,6.55000,14400
993,2019-12-05,6.66000,6.67000,6.42000,6.55000,14400
994,2019-12-04,6.70000,6.70000,6.62000,6.64000,27900
995,2019-12-04,6.70000,6.70000,6.62000,6.64000,27900
996,2019-12-03,6.44000,6.66000,6.40000,6.66000,35100
997,2019-12-03,6.44000,6.66000,6.40000,6.66000,35100
998,2019-12-02,6.54000,6.54000,6.28000,6.47000,25200
999,2019-12-02,6.54000,6.54000,6.28000,6.47000,25200
1000,2019-11-29,6.50000,6.52000,6.40000,6.50000,4400
1001,2019-11-29,6.50000,6.52000,6.40000,6.50000,4400
1002,2019-11-27,6.27000,6.50000,6.13000,6.50000,19900
1003,2019-11-27,6.27000,6.50000,6.13000,6.50000,19900
1004,2019-11-26,6.55000,6.55000,6.30000,6.42000,22600
1005,2019-11-26,6.55000,6.55000,6.30000,6.42000,22600
1006,2019-11-25,6.24000,6.50000,6.24000,6.50000,37600
1007,2019-11-25,6.24000,6.50000,6.24000,6.50000,37600
1008,2019-11-22,6.32000,6.39000,6.26000,6.37000,8400
1009,2019-11-22,6.32000,6.39000,6.26000,6.37000,8400
1010,2019-11-21,6.32000,6.40000,6.26000,6.26000,3400
1011,2019-11-21,6.32000,6.40000,6.26000,6.26000,3400
1012,2019-11-20,6.28000,6.37000,6.25000,6.35000,8300
1013,2019-11-20,6.28000,6.37000,6.25000,6.35000,8300
1014,2019-11-19,6.30000,6.40000,6.24000,6.32000,15100
1015,2019-11-19,6.30000,6.40000,6.24000,6.32000,15100
1016,2019-11-18,6.19000,6.29000,6.19000,6.24000,11800
1017,2019-11-18,6.19000,6.29000,6.19000,6.24000,11800
1018,2019-11-15,6.24000,6.32000,6.16000,6.30000,12000
1019,2019-11-15,6.24000,6.32000,6.16000,6.30000,12000
1020,2019-11-14,6.13000,6.24000,6.13000,6.24000,11900
1021,2019-11-14,6.13000,6.24000,6.13000,6.24000,11900
1022,2019-11-13,6.02000,6.17000,6.02000,6.03000,6300
1023,2019-11-13,6.02000,6.17000,6.02000,6.03000,6300
1024,2019-11-12,6.35000,6.35000,6.03000,6.11000,19800
1025,2019-11-12,6.35000,6.35000,6.03000,6.11000,19800
1026,2019-11-11,6.27000,6.29000,6.16000,6.28000,31800
1027,2019-11-11,6.27000,6.29000,6.16000,6.28000,31800
1028,2019-11-08,6.17000,6.23000,6.06000,6.16000,74600
1029,2019-11-08,6.17000,6.23000,6.06000,6.16000,74600
1030,2019-11-07,6.28000,6.28000,6.12000,6.15000,26500
1031,2019-11-07,6.28000,6.28000,6.12000,6.15000,26500
1032,2019-11-06,6.29000,6.37000,6.25000,6.30000,21800
1033,2019-11-06,6.29000,6.37000,6.25000,6.30000,21800
1034,2019-11-05,6.31000,6.38000,6.31000,6.35000,10200
1035,2019-11-05,6.31000,6.38000,6.31000,6.35000,10200
1036,2019-11-04,6.50000,6.53000,6.33000,6.33000,30300
1037,2019-11-04,6.50000,6.53000,6.33000,6.33000,30300
1038,2019-11-01,6.60000,6.60000,6.41000,6.53000,15300
1039,2019-10-31,6.58000,6.58000,6.44000,6.48000,14100
1040,2019-10-30,6.49000,6.57000,6.38000,6.46000,16700
1041,2019-10-29,6.54000,6.55000,6.31000,6.50000,33300
1042,2019-10-28,6.50000,6.50000,6.31000,6.45000,21100
1043,2019-10-25,6.48000,6.48000,6.10000,6.39000,19400
1044,2019-10-24,6.27000,6.40000,6.16000,6.39000,17400
1045,2019-10-23,6.22000,6.32000,6.20000,6.32000,9600
1046,2019-10-22,6.36000,6.36000,6.15000,6.32000,23700
1047,2019-10-21,6.12000,6.40000,6.12000,6.38000,48900
1048,2019-10-18,6.16000,6.20000,6.10000,6.14000,13200
1049,2019-10-17,6.12000,6.50000,6.02000,6.18000,26600
1050,2019-10-16,6.17000,6.23000,6.01000,6.08000,40300
1051,2019-10-15,6.28000,6.75000,5.99000,6.39000,42900
1052,2019-10-14,6.28000,6.33000,6.24000,6.26000,47200
1053,2019-10-11,6.28000,6.33000,6.13000,6.33000,17700
1054,2019-10-10,6.19000,6.34000,6.09000,6.33000,16400
1055,2019-10-09,6.08000,6.20000,6.01000,6.13000,17300
1056,2019-10-08,6.00000,6.15000,5.95000,6.15000,9400
1057,2019-10-07,6.15000,6.27000,5.95000,6.12000,17800
1058,2019-10-04,5.96000,6.11000,5.94000,6.11000,18900
1059,2019-10-03,5.87000,5.97000,5.87000,5.96000,12700
1060,2019-10-02,6.00000,6.01000,5.89000,5.99000,17000
1061,2019-10-01,5.99000,6.02000,5.95000,6.02000,10700
1062,2019-09-30,6.01000,6.02000,5.99000,6.02000,11900
1063,2019-09-27,5.99000,6.01000,5.91000,6.01000,7200
1064,2019-09-26,5.99000,6.02000,5.95000,6.02000,23400
1065,2019-09-25,5.96000,6.01000,5.94000,5.97000,6100
1066,2019-09-24,5.94000,6.02000,5.91000,5.97000,9500
1067,2019-09-23,5.94000,6.02000,5.94000,6.00000,5200
1068,2019-09-20,5.98000,6.00000,5.87000,5.97000,5300
1069,2019-09-19,5.97000,6.02000,5.90000,6.01000,23800
1070,2019-09-18,5.90000,6.49000,5.72000,6.05000,36800
1071,2019-09-17,5.87000,5.90000,5.70000,5.90000,22700
1072,2019-09-16,5.84000,5.87000,5.84000,5.86000,14300
1073,2019-09-13,5.86000,5.86000,5.81000,5.81000,7300
1074,2019-09-12,5.84000,5.89000,5.79000,5.80000,13900
1075,2019-09-11,5.85000,5.88000,5.73000,5.77000,8900
1076,2019-09-10,5.77000,5.83000,5.77000,5.77000,14700
1077,2019-09-09,5.76000,5.82000,5.76000,5.77000,8400
1078,2019-09-06,5.83000,5.83000,5.69000,5.75000,26300
1079,2019-09-05,5.90000,5.90000,5.73000,5.76000,32000
1080,2019-09-04,5.88000,5.90000,5.86000,5.88000,5300
1081,2019-09-03,5.77000,5.90000,5.72000,5.76000,38400
1082,2019-08-30,5.74000,5.86000,5.73000,5.74000,11500
1083,2019-08-29,5.74000,5.74000,5.66000,5.70000,8300
1084,2019-08-28,5.72000,5.73000,5.68000,5.68000,10200
1085,2019-08-27,5.74000,5.74000,5.63000,5.68000,4200
1086,2019-08-26,5.64000,5.74000,5.64000,5.67000,7800
1087,2019-08-23,5.67000,5.71000,5.67000,5.70000,3600
1088,2019-08-22,5.72000,5.75000,5.65000,5.65000,7900
1089,2019-08-21,5.73000,5.80000,5.65000,5.67000,37200
1090,2019-08-20,5.72000,5.77000,5.69000,5.76000,22200
1091,2019-08-19,5.71000,5.84000,5.71000,5.71000,9500
1092,2019-08-16,5.75000,5.81000,5.67000,5.67000,13400
1093,2019-08-15,5.79000,5.84000,5.71000,5.80000,18400
1094,2019-08-14,5.66000,5.89000,5.66000,5.89000,11700
1095,2019-08-13,5.66000,5.92000,5.66000,5.90000,10300
1096,2019-08-12,5.93000,5.93000,5.85000,5.93000,10100
1097,2019-08-09,5.93000,5.93000,5.82000,5.82000,2000
1098,2019-08-08,5.84000,5.95000,5.75000,5.95000,28500
1099,2019-08-07,5.75000,5.77000,5.70000,5.74000,6000
1100,2019-08-06,5.76000,5.81000,5.76000,5.78000,9200
1101,2019-08-05,5.85000,5.90000,5.66000,5.75000,19700
1102,2019-08-02,5.93000,5.93000,5.82000,5.90000,12900
1103,2019-08-01,5.90000,5.98000,5.88000,5.88000,21800
1104,2019-07-31,5.96000,5.98000,5.85000,5.95000,7800
1105,2019-07-30,5.89000,5.99000,5.87000,5.93000,33400
1106,2019-07-29,5.83000,5.95000,5.83000,5.85000,13400
1107,2019-07-26,5.86000,5.88000,5.83000,5.85000,6300
1108,2019-07-25,5.86000,5.90000,5.82000,5.89000,7400
1109,2019-07-24,5.75000,5.84000,5.73000,5.83000,15300
1110,2019-07-23,5.80000,5.90000,5.80000,5.82000,32000
1111,2019-07-22,5.74000,5.80000,5.74000,5.78000,6800
1112,2019-07-19,5.78000,5.78000,5.73000,5.77000,4100
1113,2019-07-18,5.80000,5.80000,5.74000,5.76000,16200
1114,2019-07-17,5.75000,5.75000,5.72000,5.72000,9600
1115,2019-07-16,5.85000,5.85000,5.72000,5.78000,16200
1116,2019-07-15,5.80000,5.80000,5.78000,5.80000,4900
1117,2019-07-12,5.81000,5.83000,5.77000,5.77000,14300
1118,2019-07-11,5.76000,5.86000,5.71000,5.86000,30400
1119,2019-07-10,5.75000,5.77000,5.72000,5.72000,12900
1120,2019-07-09,5.77000,5.77000,5.70000,5.70000,9100
1121,2019-07-08,5.74000,5.76000,5.70000,5.71000,17300
1122,2019-07-05,5.74000,5.74000,5.71000,5.71000,2400
1123,2019-07-03,5.74000,5.74000,5.74000,5.74000,400
1124,2019-07-02,5.74000,5.74000,5.70000,5.71000,11400
1125,2019-07-01,5.74000,5.74000,5.70000,5.70000,15800
1126,2019-06-28,5.71000,5.75000,5.71000,5.74000,13800
1127,2019-06-27,5.71000,5.71000,5.69000,5.71000,4800
1128,2019-06-26,5.71000,5.71000,5.69000,5.70000,21400
1129,2019-06-25,5.70000,5.73000,5.69000,5.69000,4400
1130,2019-06-24,5.74000,5.75000,5.71000,5.71000,11600
1131,2019-06-21,5.73000,5.74000,5.69000,5.73000,6300
1132,2019-06-20,5.71000,5.74000,5.71000,5.71000,2400
1133,2019-06-19,5.70000,5.74000,5.68000,5.72000,19100
1134,2019-06-18,5.70000,5.73000,5.70000,5.72000,3700
1135,2019-06-17,5.75000,5.75000,5.73000,5.73000,19000
1136,2019-06-14,5.75000,5.75000,5.73000,5.74000,1100
1137,2019-06-13,5.75000,5.75000,5.72000,5.74000,7800
1138,2019-06-12,5.72000,5.72000,5.70000,5.71000,6400
1139,2019-06-11,5.73000,5.74000,5.66000,5.72000,17200
1140,2019-06-10,5.72000,5.75000,5.67000,5.67000,6800
1141,2019-06-07,5.72000,5.75000,5.67000,5.72000,7200
1142,2019-06-06,5.69000,5.74000,5.66000,5.70000,2500
1143,2019-06-05,5.68000,5.69000,5.66000,5.68000,8600
1144,2019-06-04,5.75000,5.75000,5.60000,5.68000,16000
1145,2019-06-03,5.68000,5.75000,5.67000,5.67000,21700
1146,2019-05-31,5.75000,5.75000,5.67000,5.72000,5100
1147,2019-05-30,5.68000,5.75000,5.68000,5.72000,2800
1148,2019-05-29,5.75000,5.75000,5.69000,5.71000,6600
1149,2019-05-28,5.69000,5.75000,5.69000,5.75000,7200
1150,2019-05-24,5.78000,5.78000,5.65000,5.73000,9200
1151,2019-05-23,5.66000,5.70000,5.66000,5.70000,5600
1152,2019-05-22,5.65000,5.70000,5.65000,5.69000,5200
1153,2019-05-21,5.69000,5.70000,5.65000,5.70000,5100
1154,2019-05-20,5.68000,5.70000,5.65000,5.66000,13600
1155,2019-05-17,5.64000,5.67000,5.64000,5.67000,1500
1156,2019-05-16,5.69000,5.78000,5.63000,5.64000,20800
1157,2019-05-15,5.58000,5.66000,5.58000,5.65000,19200
1158,2019-05-14,5.72000,5.77000,5.68000,5.74000,14400
1159,2019-05-13,5.76000,5.77000,5.72000,5.73000,29300
1160,2019-05-10,5.78000,5.78000,5.72000,5.73000,5300
1161,2019-05-09,5.79000,5.80000,5.71000,5.78000,19800
1162,2019-05-08,5.72000,5.80000,5.69000,5.76000,7300
1163,2019-05-07,5.69000,5.77000,5.69000,5.77000,6300
1164,2019-05-06,5.86000,5.86000,5.70000,5.75000,17700
1165,2019-05-03,5.68000,5.74000,5.67000,5.70000,12900
1166,2019-05-02,5.67000,5.70000,5.65000,5.69000,18200
1167,2019-05-01,5.75000,5.83000,5.62000,5.62000,13200
1168,2019-04-30,5.67000,5.75000,5.67000,5.75000,5700
1169,2019-04-29,5.66000,5.70000,5.62000,5.64000,6900
1170,2019-04-26,5.66000,5.72000,5.64000,5.71000,10800
1171,2019-04-25,5.60000,5.64000,5.59000,5.62000,2100
1172,2019-04-24,5.65000,5.67000,5.59000,5.59000,17600
1173,2019-04-23,5.63000,5.63000,5.56000,5.60000,14400
1174,2019-04-22,5.65000,5.65000,5.54000,5.58000,9000
1175,2019-04-18,5.49000,5.65000,5.49000,5.65000,8500
1176,2019-04-17,5.60000,5.62000,5.57000,5.59000,11900
1177,2019-04-16,5.53000,5.64000,5.53000,5.60000,17200
1178,2019-04-15,5.56000,5.65000,5.56000,5.62000,8900
1179,2019-04-12,5.58000,5.63000,5.56000,5.56000,5500
1180,2019-04-11,5.58000,5.61000,5.58000,5.59000,14500
1181,2019-04-10,5.60000,5.60000,5.60000,5.60000,600
1182,2019-04-09,5.60000,5.60000,5.60000,5.60000,400
1183,2019-04-08,5.57000,5.59000,5.56000,5.56000,21900
1184,2019-04-05,5.56000,5.59000,5.56000,5.58000,23700
1185,2019-04-04,5.56000,5.57000,5.55000,5.56000,3800
1186,2019-04-03,5.58000,5.58000,5.54000,5.56000,27100
1187,2019-04-02,5.54000,5.55000,5.52000,5.55000,3900
1188,2019-04-01,5.56000,5.56000,5.52000,5.54000,11000
1189,2019-03-29,5.54000,5.54000,5.51000,5.52000,3600
1190,2019-03-28,5.50000,5.51000,5.48000,5.51000,2400
1191,2019-03-27,5.44000,5.48000,5.37000,5.47000,19500
1192,2019-03-26,5.52000,5.52000,5.01000,5.46000,45800
1193,2019-03-25,5.57000,5.58000,5.50000,5.50000,20600
1194,2019-03-22,5.55000,5.59000,5.55000,5.56000,15300
1195,2019-03-21,5.56000,5.60000,5.50000,5.56000,8900
1196,2019-03-20,5.56000,5.56000,5.55000,5.56000,3300
1197,2019-03-19,5.59000,5.60000,5.56000,5.57000,9600
1198,2019-03-18,5.57000,5.60000,5.56000,5.57000,13400
1199,2019-03-15,5.53000,5.60000,5.53000,5.55000,12600
1200,2019-03-14,5.55000,5.55000,5.53000,5.53000,8900
1201,2019-03-13,5.54000,5.54000,5.52000,5.52000,4600
1202,2019-03-12,5.56000,5.57000,5.53000,5.54000,4500
1203,2019-03-11,5.59000,5.59000,5.53000,5.58000,4300
1204,2019-03-08,5.52000,5.55000,5.48000,5.55000,4700
1205,2019-03-08,5.52000,5.55000,5.48000,5.55000,4700
1206,2019-03-07,5.53000,5.55000,5.52000,5.53000,2700
1207,2019-03-07,5.53000,5.55000,5.52000,5.53000,2700
1208,2019-03-06,5.58000,5.58000,5.53000,5.53000,7500
1209,2019-03-06,5.58000,5.58000,5.53000,5.53000,7500
1210,2019-03-05,5.58000,5.60000,5.58000,5.60000,8400
1211,2019-03-05,5.58000,5.60000,5.58000,5.60000,8400
1212,2019-03-04,5.58000,5.60000,5.58000,5.59000,16000
1213,2019-03-04,5.58000,5.60000,5.58000,5.59000,16000
1214,2019-03-01,5.62000,5.62000,5.59000,5.60000,4200
1215,2019-03-01,5.62000,5.62000,5.59000,5.60000,4200
1216,2019-02-28,5.60000,5.60000,5.56000,5.60000,9000
1217,2019-02-28,5.60000,5.60000,5.56000,5.60000,9000
1218,2019-02-27,5.57000,5.59000,5.55000,5.57000,7000
1219,2019-02-27,5.57000,5.59000,5.55000,5.57000,7000
1220,2019-02-26,5.55000,5.55000,5.54000,5.55000,3600
1221,2019-02-26,5.55000,5.55000,5.54000,5.55000,3600
1222,2019-02-25,5.54000,5.54000,5.51000,5.52000,12500
1223,2019-02-25,5.54000,5.54000,5.51000,5.52000,12500
1224,2019-02-22,5.52000,5.53000,5.50000,5.53000,7500
1225,2019-02-22,5.52000,5.53000,5.50000,5.53000,7500
1226,2019-02-21,5.50000,5.52000,5.50000,5.50000,3300
1227,2019-02-21,5.50000,5.52000,5.50000,5.50000,3300
1228,2019-02-20,5.47000,5.49000,5.47000,5.49000,5100
1229,2019-02-20,5.47000,5.49000,5.47000,5.49000,5100
1230,2019-02-19,5.45000,5.49000,5.45000,5.48000,4200
1231,2019-02-19,5.45000,5.49000,5.45000,5.48000,4200
1232,2019-02-15,5.50000,5.50000,5.43000,5.43000,17900
1233,2019-02-15,5.50000,5.50000,5.43000,5.43000,17900
1234,2019-02-14,5.48000,5.50000,5.39000,5.45000,31200
1235,2019-02-14,5.48000,5.50000,5.39000,5.45000,31200
1236,2019-02-13,5.45000,5.45000,5.42000,5.44000,1800
1237,2019-02-13,5.45000,5.45000,5.42000,5.44000,1800
1238,2019-02-12,5.50000,5.50000,5.42000,5.42000,3500
1239,2019-02-12,5.50000,5.50000,5.42000,5.42000,3500
1240,2019-02-11,5.44000,5.45000,5.42000,5.45000,6900
1241,2019-02-11,5.44000,5.45000,5.42000,5.45000,6900
1242,2019-02-08,5.45000,5.45000,5.43000,5.45000,2700
1243,2019-02-08,5.45000,5.45000,5.43000,5.45000,2700
1244,2019-02-07,5.46000,5.46000,5.41000,5.41000,12000
1245,2019-02-07,5.46000,5.46000,5.41000,5.41000,12000
1246,2019-02-06,5.46000,5.46000,5.44000,5.44000,1600
1247,2019-02-06,5.46000,5.46000,5.44000,5.44000,1600
1248,2019-02-05,5.51000,5.51000,5.44000,5.44000,4200
1249,2019-02-05,5.51000,5.51000,5.44000,5.44000,4200
1250,2019-02-04,5.45000,5.45000,5.39000,5.41000,6300
1251,2019-02-04,5.45000,5.45000,5.39000,5.41000,6300
1252,2019-02-01,5.38000,5.49000,5.34000,5.41000,35500
1253,2019-02-01,5.38000,5.49000,5.34000,5.41000,35500
1254,2019-01-31,5.30000,5.45000,5.30000,5.36000,27000
1255,2019-01-31,5.30000,5.45000,5.30000,5.36000,27000
1256,2019-01-30,5.22000,5.40000,5.22000,5.29000,11200
1257,2019-01-30,5.22000,5.40000,5.22000,5.29000,11200
1258,2019-01-29,5.22000,5.22000,5.20000,5.22000,7100
1259,2019-01-29,5.22000,5.22000,5.20000,5.22000,7100
1260,2019-01-28,5.20000,5.20000,5.18000,5.19000,6300
1261,2019-01-28,5.20000,5.20000,5.18000,5.19000,6300
1262,2019-01-25,5.19000,5.19000,5.17000,5.18000,12600
1263,2019-01-25,5.19000,5.19000,5.17000,5.18000,12600
1264,2019-01-24,5.16000,5.17000,5.13000,5.16000,28400
1265,2019-01-24,5.16000,5.17000,5.13000,5.16000,28400
1266,2019-01-23,5.11000,5.17000,5.11000,5.14000,15000
1267,2019-01-23,5.11000,5.17000,5.11000,5.14000,15000
1268,2019-01-22,5.20000,5.21000,5.12000,5.15000,21800
1269,2019-01-22,5.20000,5.21000,5.12000,5.15000,21800
1270,2019-01-18,5.18000,5.21000,5.17000,5.18000,13000
1271,2019-01-18,5.18000,5.21000,5.17000,5.18000,13000
1272,2019-01-17,5.20000,5.20000,5.16000,5.18000,3700
1273,2019-01-17,5.20000,5.20000,5.16000,5.18000,3700
1274,2019-01-16,5.21000,5.21000,5.14000,5.18000,10900
1275,2019-01-16,5.21000,5.21000,5.14000,5.18000,10900
1276,2019-01-15,5.15000,5.17000,5.14000,5.16000,4600
1277,2019-01-15,5.15000,5.17000,5.14000,5.16000,4600
1278,2019-01-14,5.15000,5.18000,5.14000,5.18000,17000
1279,2019-01-14,5.15000,5.18000,5.14000,5.18000,17000
1280,2019-01-11,5.18000,5.18000,5.15000,5.16000,10300
1281,2019-01-11,5.18000,5.18000,5.15000,5.16000,10300
1282,2019-01-10,5.17000,5.18000,5.14000,5.18000,7200
1283,2019-01-10,5.17000,5.18000,5.14000,5.18000,7200
1284,2019-01-09,5.16000,5.18000,5.05000,5.18000,12300
1285,2019-01-09,5.16000,5.18000,5.05000,5.18000,12300
1286,2019-01-08,5.20000,5.20000,5.11000,5.18000,21000
1287,2019-01-08,5.20000,5.20000,5.11000,5.18000,21000
1288,2019-01-07,5.20000,5.20000,5.13000,5.19000,17200
1289,2019-01-07,5.20000,5.20000,5.13000,5.19000,17200
1290,2019-01-04,5.02000,5.13000,5.02000,5.11000,36600
1291,2019-01-04,5.02000,5.13000,5.02000,5.11000,36600
1292,2019-01-03,5.03000,5.04000,5.01000,5.04000,11500
1293,2019-01-03,5.03000,5.04000,5.01000,5.04000,11500
1294,2019-01-02,4.96000,5.05000,4.94000,5.04000,12300
1295,2019-01-02,4.96000,5.05000,4.94000,5.04000,12300
1296,2018-12-31,4.87000,4.98000,4.87000,4.96000,34100
1297,2018-12-31,4.87000,4.98000,4.87000,4.96000,34100
1298,2018-12-28,4.85000,4.93000,4.85000,4.90000,14700
1299,2018-12-28,4.85000,4.93000,4.85000,4.90000,14700
1300,2018-12-27,4.81000,4.84000,4.72000,4.84000,15900
1301,2018-12-27,4.81000,4.84000,4.72000,4.84000,15900
1302,2018-12-26,4.76000,4.81000,4.67000,4.81000,22700
1303,2018-12-26,4.76000,4.81000,4.67000,4.81000,22700
1304,2018-12-24,4.57000,4.72000,4.50000,4.65000,21400
1305,2018-12-24,4.57000,4.72000,4.50000,4.65000,21400
1306,2018-12-21,4.84000,4.87000,4.65000,4.65000,27000
1307,2018-12-21,4.84000,4.87000,4.65000,4.65000,27000
1308,2018-12-20,4.98000,4.98000,4.60000,4.89000,51200
1309,2018-12-20,4.98000,4.98000,4.60000,4.89000,51200
1310,2018-12-19,5.12000,5.12000,5.06000,5.06000,6100
1311,2018-12-19,5.12000,5.12000,5.06000,5.06000,6100
1312,2018-12-18,5.15000,5.15000,5.09000,5.09000,15100
1313,2018-12-18,5.15000,5.15000,5.09000,5.09000,15100
1314,2018-12-17,5.41000,5.41000,5.16000,5.16000,39900
1315,2018-12-17,5.41000,5.41000,5.16000,5.16000,39900
1316,2018-12-14,5.41000,5.43000,5.40000,5.40000,15100
1317,2018-12-14,5.41000,5.43000,5.40000,5.40000,15100
1318,2018-12-13,5.50000,5.50000,5.40000,5.45000,9900
1319,2018-12-13,5.50000,5.50000,5.40000,5.45000,9900
1320,2018-12-12,5.42000,5.57000,5.42000,5.49000,7200
1321,2018-12-12,5.42000,5.57000,5.42000,5.49000,7200
1322,2018-12-11,5.53000,5.53000,5.40000,5.44000,14500
1323,2018-12-11,5.53000,5.53000,5.40000,5.44000,14500
1324,2018-12-10,5.51000,5.58000,5.43000,5.43000,15200
1325,2018-12-10,5.51000,5.58000,5.43000,5.43000,15200
1326,2018-12-07,5.56000,5.56000,5.43000,5.46000,5500
1327,2018-12-07,5.56000,5.56000,5.43000,5.46000,5500
1328,2018-12-06,5.57000,5.57000,5.42000,5.42000,29500
1329,2018-12-06,5.57000,5.57000,5.42000,5.42000,29500
1330,2018-12-04,5.55000,5.60000,5.45000,5.60000,3700
1331,2018-12-04,5.55000,5.60000,5.45000,5.60000,3700
1332,2018-12-03,5.50000,5.60000,5.49000,5.56000,20300
1333,2018-12-03,5.50000,5.60000,5.49000,5.56000,20300
1334,2018-11-30,5.50000,5.50000,5.44000,5.50000,2600
1335,2018-11-30,5.50000,5.50000,5.44000,5.50000,2600
1336,2018-11-29,5.44000,5.49000,5.43000,5.49000,6800
1337,2018-11-29,5.44000,5.49000,5.43000,5.49000,6800
1338,2018-11-28,5.44000,5.49000,5.44000,5.48000,7600
1339,2018-11-28,5.44000,5.49000,5.44000,5.48000,7600
1340,2018-11-27,5.46000,5.47000,5.40000,5.40000,9500
1341,2018-11-27,5.46000,5.47000,5.40000,5.40000,9500
1342,2018-11-26,5.45000,5.60000,5.45000,5.48000,2400
1343,2018-11-26,5.45000,5.60000,5.45000,5.48000,2400
1344,2018-11-23,5.43000,5.46000,5.43000,5.46000,14000
1345,2018-11-23,5.43000,5.46000,5.43000,5.46000,14000
1346,2018-11-21,5.40000,5.43000,5.36000,5.37000,14800
1347,2018-11-21,5.40000,5.43000,5.36000,5.37000,14800
1348,2018-11-20,5.46000,5.48000,5.43000,5.43000,3000
1349,2018-11-20,5.46000,5.48000,5.43000,5.43000,3000
1350,2018-11-19,5.48000,5.48000,5.40000,5.41000,3100
1351,2018-11-19,5.48000,5.48000,5.40000,5.41000,3100
1352,2018-11-16,5.45000,5.49000,5.41000,5.49000,6400
1353,2018-11-16,5.45000,5.49000,5.41000,5.49000,6400
1354,2018-11-15,5.44000,5.46000,5.40000,5.41000,5500
1355,2018-11-15,5.44000,5.46000,5.40000,5.41000,5500
1356,2018-11-14,5.53000,5.54000,5.42000,5.45000,17000
1357,2018-11-14,5.53000,5.54000,5.42000,5.45000,17000
1358,2018-11-13,5.59000,5.60000,5.50000,5.51000,23000
1359,2018-11-13,5.59000,5.60000,5.50000,5.51000,23000
1360,2018-11-12,5.50000,5.58000,5.48000,5.58000,6500
1361,2018-11-12,5.50000,5.58000,5.48000,5.58000,6500
1362,2018-11-09,5.54000,5.59000,5.54000,5.56000,3600
1363,2018-11-09,5.54000,5.59000,5.54000,5.56000,3600
1364,2018-11-08,5.55000,5.65000,5.55000,5.59000,6300
1365,2018-11-08,5.55000,5.65000,5.55000,5.59000,6300
1366,2018-11-07,5.64000,5.64000,5.57000,5.58000,2600
1367,2018-11-07,5.64000,5.64000,5.57000,5.58000,2600
1368,2018-11-06,5.50000,5.56000,5.50000,5.54000,10800
1369,2018-11-06,5.50000,5.56000,5.50000,5.54000,10800
1370,2018-11-05,5.43000,5.65000,5.43000,5.56000,42900
1371,2018-11-05,5.43000,5.65000,5.43000,5.56000,42900
1372,2018-11-02,5.49000,5.49000,5.41000,5.41000,10900
1373,2018-11-01,5.50000,5.50000,5.46000,5.48000,8800
1374,2018-10-31,5.42000,5.49000,5.42000,5.49000,4800
1375,2018-10-30,5.40000,5.42000,5.37000,5.40000,22700
1376,2018-10-29,5.39000,5.48000,5.39000,5.48000,20300
1377,2018-10-26,5.56000,5.56000,5.35000,5.41000,30700
1378,2018-10-25,5.46000,5.52000,5.42000,5.43000,5000
1379,2018-10-24,5.42000,5.51000,5.41000,5.41000,10400
1380,2018-10-23,5.45000,5.45000,5.42000,5.43000,7900
1381,2018-10-22,5.55000,5.55000,5.45000,5.49000,2300
1382,2018-10-19,5.46000,5.52000,5.46000,5.52000,7600
1383,2018-10-18,5.52000,5.52000,5.44000,5.47000,10000
1384,2018-10-17,5.49000,5.58000,5.49000,5.49000,2900
1385,2018-10-16,5.46000,5.58000,5.44000,5.49000,3700
1386,2018-10-15,5.44000,5.52000,5.42000,5.48000,42200
1387,2018-10-12,5.50000,5.52000,5.43000,5.46000,18300
1388,2018-10-11,5.40000,5.44000,5.38000,5.39000,19000
1389,2018-10-10,5.51000,5.51000,5.41000,5.44000,28300
1390,2018-10-09,5.55000,5.56000,5.50000,5.50000,6100
1391,2018-10-08,5.47000,5.56000,5.47000,5.53000,6400
1392,2018-10-05,5.63000,5.63000,5.49000,5.50000,24100
1393,2018-10-04,5.62000,5.65000,5.59000,5.59000,8800
1394,2018-10-03,5.61000,5.64000,5.58000,5.61000,37000
1395,2018-10-02,5.63000,5.65000,5.63000,5.63000,7300
1396,2018-10-01,5.71000,5.71000,5.64000,5.67000,21500
1397,2018-09-28,5.68000,5.80000,5.62000,5.73000,20600
1398,2018-09-27,5.64000,5.68000,5.63000,5.68000,8400
1399,2018-09-26,5.70000,5.72000,5.65000,5.67000,12800
1400,2018-09-25,5.67000,5.67000,5.64000,5.66000,4700
1401,2018-09-24,5.62000,5.66000,5.62000,5.63000,12100
1402,2018-09-21,5.65000,5.67000,5.65000,5.67000,10000
1403,2018-09-20,5.67000,5.73000,5.67000,5.69000,6100
1404,2018-09-19,5.73000,5.73000,5.65000,5.67000,9800
1405,2018-09-18,5.70000,5.70000,5.66000,5.67000,18600
1406,2018-09-17,5.73000,5.74000,5.72000,5.72000,14500
1407,2018-09-14,5.73000,5.75000,5.72000,5.73000,10100
1408,2018-09-13,5.75000,5.75000,5.72000,5.74000,16200
1409,2018-09-12,5.72000,5.72000,5.71000,5.72000,3300
1410,2018-09-11,5.70000,5.73000,5.70000,5.70000,4200
1411,2018-09-10,5.69000,5.74000,5.69000,5.73000,20100
1412,2018-09-07,5.67000,5.74000,5.67000,5.73000,16500
1413,2018-09-06,5.68000,5.72000,5.67000,5.71000,32500
1414,2018-09-05,5.69000,5.69000,5.65000,5.67000,13800
1415,2018-09-04,5.61000,5.66000,5.61000,5.66000,20400
1416,2018-08-31,5.60000,5.67000,5.60000,5.63000,17400
1417,2018-08-30,5.59000,5.62000,5.59000,5.62000,4600
1418,2018-08-29,5.69000,5.69000,5.58000,5.59000,31500
1419,2018-08-28,5.57000,5.59000,5.57000,5.58000,7000
1420,2018-08-27,5.59000,5.59000,5.55000,5.57000,11300
1421,2018-08-24,5.58000,5.59000,5.58000,5.59000,8200
1422,2018-08-23,5.57000,5.58000,5.57000,5.57000,1800
1423,2018-08-22,5.56000,5.59000,5.56000,5.59000,8600
1424,2018-08-21,5.58000,5.59000,5.57000,5.59000,16900
1425,2018-08-20,5.55000,5.57000,5.52000,5.56000,13200
1426,2018-08-17,5.52000,5.55000,5.52000,5.53000,5200
1427,2018-08-16,5.49000,5.55000,5.49000,5.54000,13000
1428,2018-08-15,5.46000,5.52000,5.46000,5.48000,18600
1429,2018-08-14,5.54000,5.57000,5.52000,5.52000,20300
1430,2018-08-13,5.56000,5.60000,5.54000,5.55000,40800
1431,2018-08-10,5.63000,5.63000,5.55000,5.56000,31700
1432,2018-08-09,5.58000,5.62000,5.58000,5.59000,20800
1433,2018-08-08,5.63000,5.63000,5.58000,5.58000,7500
1434,2018-08-07,5.47000,5.68000,5.47000,5.62000,22300
1435,2018-08-06,5.69000,5.69000,5.57000,5.62000,37300
1436,2018-08-03,5.56000,5.58000,5.53000,5.58000,13400
1437,2018-08-02,5.54000,5.54000,5.49000,5.53000,20000
1438,2018-08-01,5.55000,5.60000,5.52000,5.58000,68100
1439,2018-07-31,5.55000,5.55000,5.45000,5.51000,18100
1440,2018-07-30,5.49000,5.51000,5.48000,5.51000,29100
1441,2018-07-27,5.42000,5.50000,5.42000,5.50000,10900
1442,2018-07-26,5.42000,5.47000,5.42000,5.46000,22700
1443,2018-07-25,5.38000,5.47000,5.38000,5.42000,39100
1444,2018-07-24,5.44000,5.47000,5.39000,5.41000,49300
1445,2018-07-23,5.41000,5.48000,5.40000,5.44000,34900
1446,2018-07-20,5.46000,5.50000,5.34000,5.43000,52100
1447,2018-07-19,5.54000,5.54000,5.42000,5.48000,44200
1448,2018-07-18,5.60000,5.65000,5.48000,5.56000,45000
1449,2018-07-17,5.67000,5.72000,5.55000,5.63000,36400
1450,2018-07-16,5.72000,5.74000,5.72000,5.74000,22700
1451,2018-07-13,5.77000,5.77000,5.73000,5.75000,15500
1452,2018-07-12,5.73000,5.77000,5.73000,5.76000,1200
1453,2018-07-11,5.77000,5.78000,5.74000,5.75000,10100
1454,2018-07-10,5.77000,5.80000,5.74000,5.77000,13100
1455,2018-07-09,5.71000,5.79000,5.70000,5.78000,21500
1456,2018-07-06,5.72000,5.72000,5.70000,5.72000,3100
1457,2018-07-05,5.72000,5.72000,5.68000,5.71000,23100
1458,2018-07-03,5.72000,5.72000,5.64000,5.65000,6700
1459,2018-07-02,5.62000,5.68000,5.62000,5.68000,31900
1460,2018-06-29,5.78000,5.78000,5.65000,5.65000,36600
1461,2018-06-28,5.68000,5.80000,5.64000,5.80000,7300
1462,2018-06-27,5.67000,5.67000,5.63000,5.67000,9700
1463,2018-06-26,5.63000,5.68000,5.62000,5.62000,35600
1464,2018-06-25,5.65000,5.76000,5.65000,5.68000,8600
1465,2018-06-22,5.65000,5.68000,5.65000,5.68000,24200
1466,2018-06-21,5.65000,5.68000,5.65000,5.65000,10700
1467,2018-06-20,5.65000,5.70000,5.65000,5.65000,10900
1468,2018-06-19,5.63000,5.68000,5.63000,5.68000,1100
1469,2018-06-18,5.63000,5.70000,5.63000,5.69000,24700
1470,2018-06-15,5.70000,5.70000,5.64000,5.66000,7000
1471,2018-06-14,5.68000,5.70000,5.66000,5.69000,20300
1472,2018-06-13,5.71000,5.72000,5.64000,5.67000,17900
1473,2018-06-12,5.69000,5.69000,5.63000,5.64000,17500
1474,2018-06-11,5.67000,5.70000,5.67000,5.69000,13000
1475,2018-06-08,5.62000,5.66000,5.56000,5.66000,41400
1476,2018-06-07,5.69000,5.69000,5.59000,5.66000,26100
1477,2018-06-06,5.58000,5.64000,5.58000,5.62000,31800
1478,2018-06-05,5.70000,5.70000,5.63000,5.64000,17100
1479,2018-06-04,5.72000,5.72000,5.63000,5.70000,15700
1480,2018-06-01,5.68000,5.69000,5.63000,5.64000,3800
1481,2018-05-31,5.68000,5.68000,5.61000,5.66000,27500
1482,2018-05-30,5.60000,5.63000,5.55000,5.63000,20300
1483,2018-05-29,5.56000,5.62000,5.55000,5.58000,18400
1484,2018-05-25,5.72000,5.72000,5.50000,5.64000,26400
1485,2018-05-24,5.65000,5.71000,5.62000,5.65000,10100
1486,2018-05-23,5.70000,5.75000,5.49000,5.61000,71300
1487,2018-05-22,5.79000,5.79000,5.74000,5.74000,6900
1488,2018-05-21,5.74000,5.76000,5.73000,5.75000,14400
1489,2018-05-18,5.75000,5.77000,5.71000,5.73000,23400
1490,2018-05-17,5.83000,5.83000,5.70000,5.78000,25600
1491,2018-05-16,5.85000,5.85000,5.79000,5.80000,11300
1492,2018-05-15,5.90000,5.92000,5.72000,5.80000,45500
1493,2018-05-14,6.00000,6.03000,5.93000,5.99000,17100
1494,2018-05-11,5.97000,6.02000,5.97000,5.99000,9900
1495,2018-05-10,5.97000,5.98000,5.96000,5.97000,9000
1496,2018-05-09,5.98000,5.99000,5.95000,5.97000,8400
1497,2018-05-08,5.95000,5.96000,5.95000,5.96000,7900
1498,2018-05-07,5.96000,5.96000,5.93000,5.95000,14500
1499,2018-05-04,5.96000,5.97000,5.92000,5.95000,7800
1500,2018-05-03,5.90000,5.95000,5.90000,5.94000,8900
1501,2018-05-02,5.92000,5.95000,5.92000,5.94000,19700
1502,2018-05-01,6.01000,6.01000,5.90000,5.96000,45400
1503,2018-04-30,6.06000,6.06000,5.95000,6.01000,18000
1504,2018-04-27,6.01000,6.11000,5.99000,6.01000,23000
1505,2018-04-26,6.05000,6.10000,6.00000,6.07000,22600
1506,2018-04-25,6.01000,6.02000,5.99000,6.00000,6100
1507,2018-04-24,6.05000,6.05000,5.98000,5.99000,14000
1508,2018-04-23,6.19000,6.22000,5.91000,5.94000,47300
1509,2018-04-20,6.45000,6.45000,6.16000,6.20000,58600
1510,2018-04-19,6.60000,6.60000,6.42000,6.45000,55700
1511,2018-04-18,6.66000,6.66000,6.56000,6.60000,15100
1512,2018-04-17,6.59000,6.62000,6.57000,6.62000,15700
1513,2018-04-16,6.64000,6.66000,6.58000,6.66000,21200
1514,2018-04-13,6.58000,6.68000,6.58000,6.68000,12400
1515,2018-04-12,6.64000,6.67000,6.57000,6.58000,23300
1516,2018-04-11,6.68000,6.69000,6.62000,6.66000,21100
1517,2018-04-10,6.65000,6.77000,6.57000,6.67000,23200
1518,2018-04-09,6.52000,6.56000,6.52000,6.56000,3600
1519,2018-04-06,6.69000,6.69000,6.48000,6.55000,5000
1520,2018-04-05,6.55000,6.60000,6.43000,6.43000,31100
1521,2018-04-04,6.49000,6.55000,6.41000,6.51000,29600
1522,2018-04-03,6.39000,6.46000,6.38000,6.42000,21500
1523,2018-04-02,6.36000,6.40000,6.32000,6.40000,13200
1524,2018-03-29,6.23000,6.44000,6.20000,6.41000,64800
1525,2018-03-28,6.17000,6.22000,6.15000,6.19000,9300
1526,2018-03-27,6.16000,6.21000,6.12000,6.16000,7800
1527,2018-03-26,6.12000,6.18000,6.12000,6.17000,11800
1528,2018-03-23,6.14000,6.22000,6.10000,6.13000,24600
1529,2018-03-22,6.14000,6.14000,6.12000,6.13000,6600
1530,2018-03-21,6.14000,6.14000,6.10000,6.12000,5500
1531,2018-03-20,6.10000,6.15000,6.09000,6.09000,5300
1532,2018-03-19,6.10000,6.10000,6.05000,6.07000,6200
1533,2018-03-16,6.13000,6.14000,6.10000,6.10000,8600
1534,2018-03-15,6.15000,6.15000,6.15000,6.15000,1800
1535,2018-03-14,6.16000,6.17000,6.14000,6.15000,6800
1536,2018-03-13,6.18000,6.18000,6.11000,6.16000,10800
1537,2018-03-12,6.18000,6.18000,6.09000,6.12000,6600
1538,2018-03-09,6.13000,6.17000,6.12000,6.17000,7100
1539,2018-03-09,6.13000,6.17000,6.12000,6.17000,7100
1540,2018-03-08,6.08000,6.08000,6.08000,6.08000,5100
1541,2018-03-08,6.08000,6.08000,6.08000,6.08000,5100
1542,2018-03-07,6.05000,6.12000,6.03000,6.06000,4100
1543,2018-03-07,6.05000,6.12000,6.03000,6.06000,4100
1544,2018-03-06,6.07000,6.14000,6.03000,6.03000,13500
1545,2018-03-06,6.07000,6.14000,6.03000,6.03000,13500
1546,2018-03-05,6.10000,6.13000,6.05000,6.09000,11500
1547,2018-03-05,6.10000,6.13000,6.05000,6.09000,11500
1548,2018-03-02,6.03000,6.16000,6.03000,6.16000,10700
1549,2018-03-02,6.03000,6.16000,6.03000,6.16000,10700
1550,2018-03-01,6.12000,6.12000,6.00000,6.01000,21100
1551,2018-03-01,6.12000,6.12000,6.00000,6.01000,21100
1552,2018-02-28,6.14000,6.15000,6.09000,6.10000,7300
1553,2018-02-28,6.14000,6.15000,6.09000,6.10000,7300
1554,2018-02-27,6.10000,6.10000,6.04000,6.10000,1800
1555,2018-02-27,6.10000,6.10000,6.04000,6.10000,1800
1556,2018-02-26,6.05000,6.11000,6.01000,6.07000,17000
1557,2018-02-26,6.05000,6.11000,6.01000,6.07000,17000
1558,2018-02-23,5.99000,6.02000,5.99000,6.02000,15100
1559,2018-02-23,5.99000,6.02000,5.99000,6.02000,15100
1560,2018-02-22,6.02000,6.10000,6.01000,6.04000,7200
1561,2018-02-22,6.02000,6.10000,6.01000,6.04000,7200
1562,2018-02-21,6.08000,6.08000,6.02000,6.02000,9600
1563,2018-02-21,6.08000,6.08000,6.02000,6.02000,9600
1564,2018-02-20,6.15000,6.15000,6.04000,6.04000,26000
1565,2018-02-20,6.15000,6.15000,6.04000,6.04000,26000
1566,2018-02-16,6.11000,6.18000,6.10000,6.11000,10000
1567,2018-02-16,6.11000,6.18000,6.10000,6.11000,10000
1568,2018-02-15,6.14000,6.20000,6.14000,6.17000,3000
1569,2018-02-15,6.14000,6.20000,6.14000,6.17000,3000
1570,2018-02-14,5.96000,6.14000,5.96000,6.07000,23800
1571,2018-02-14,5.96000,6.14000,5.96000,6.07000,23800
1572,2018-02-13,6.21000,6.26000,6.03000,6.03000,34500
1573,2018-02-13,6.21000,6.26000,6.03000,6.03000,34500
1574,2018-02-12,6.23000,6.34000,6.23000,6.27000,25900
1575,2018-02-12,6.23000,6.34000,6.23000,6.27000,25900
1576,2018-02-09,6.20000,6.28000,6.15000,6.22000,25300
1577,2018-02-09,6.20000,6.28000,6.15000,6.22000,25300
1578,2018-02-08,6.14000,6.30000,6.10000,6.15000,15500
1579,2018-02-08,6.14000,6.30000,6.10000,6.15000,15500
1580,2018-02-07,6.05000,6.16000,6.02000,6.14000,13800
1581,2018-02-07,6.05000,6.16000,6.02000,6.14000,13800
1582,2018-02-06,5.90000,6.10000,5.90000,6.04000,21200
1583,2018-02-06,5.90000,6.10000,5.90000,6.04000,21200
1584,2018-02-05,6.27000,6.27000,6.05000,6.10000,30300
1585,2018-02-05,6.27000,6.27000,6.05000,6.10000,30300
1586,2018-02-02,6.38000,6.38000,6.15000,6.16000,41000
1587,2018-02-02,6.38000,6.38000,6.15000,6.16000,41000
1588,2018-02-01,6.21000,6.30000,6.20000,6.30000,11200
1589,2018-02-01,6.21000,6.30000,6.20000,6.30000,11200
1590,2018-01-31,6.24000,6.26000,6.18000,6.23000,21500
1591,2018-01-31,6.24000,6.26000,6.18000,6.23000,21500
1592,2018-01-30,6.33000,6.33000,6.14000,6.18000,21000
1593,2018-01-30,6.33000,6.33000,6.14000,6.18000,21000
1594,2018-01-29,6.15000,6.39000,6.12000,6.39000,54300
1595,2018-01-29,6.15000,6.39000,6.12000,6.39000,54300
1596,2018-01-26,6.06000,6.13000,6.06000,6.11000,20100
1597,2018-01-26,6.06000,6.13000,6.06000,6.11000,20100
1598,2018-01-25,6.24000,6.24000,6.06000,6.10000,31500
1599,2018-01-25,6.24000,6.24000,6.06000,6.10000,31500
1600,2018-01-24,6.05000,6.25000,6.05000,6.12000,33700
1601,2018-01-24,6.05000,6.25000,6.05000,6.12000,33700
1602,2018-01-23,6.01000,6.10000,6.01000,6.04000,31200
1603,2018-01-23,6.01000,6.10000,6.01000,6.04000,31200
1604,2018-01-22,6.08000,6.08000,6.00000,6.00000,29400
1605,2018-01-22,6.08000,6.08000,6.00000,6.00000,29400
1606,2018-01-19,6.04000,6.08000,6.00000,6.00000,11400
1607,2018-01-19,6.04000,6.08000,6.00000,6.00000,11400
1608,2018-01-18,6.07000,6.08000,6.00000,6.00000,38400
1609,2018-01-18,6.07000,6.08000,6.00000,6.00000,38400
1610,2018-01-17,6.04000,6.09000,6.04000,6.09000,19100
1611,2018-01-17,6.04000,6.09000,6.04000,6.09000,19100
1612,2018-01-16,6.13000,6.19000,6.07000,6.07000,32900
1613,2018-01-16,6.13000,6.19000,6.07000,6.07000,32900
1614,2018-01-12,6.15000,6.16000,6.13000,6.14000,27400
1615,2018-01-12,6.15000,6.16000,6.13000,6.14000,27400
1616,2018-01-11,6.06000,6.14000,6.06000,6.13000,24800
1617,2018-01-11,6.06000,6.14000,6.06000,6.13000,24800
1618,2018-01-10,6.04000,6.07000,6.03000,6.06000,20000
1619,2018-01-10,6.04000,6.07000,6.03000,6.06000,20000
1620,2018-01-09,6.05000,6.07000,6.02000,6.07000,27500
1621,2018-01-09,6.05000,6.07000,6.02000,6.07000,27500
1622,2018-01-08,6.01000,6.05000,6.01000,6.04000,18600
1623,2018-01-08,6.01000,6.05000,6.01000,6.04000,18600
1624,2018-01-05,5.95000,6.02000,5.95000,6.01000,38800
1625,2018-01-05,5.95000,6.02000,5.95000,6.01000,38800
1626,2018-01-04,5.97000,6.00000,5.96000,5.96000,20800
1627,2018-01-04,5.97000,6.00000,5.96000,5.96000,20800
1628,2018-01-03,5.96000,5.98000,5.94000,5.97000,22300
1629,2018-01-03,5.96000,5.98000,5.94000,5.97000,22300
1630,2018-01-02,5.91000,5.96000,5.91000,5.93000,28800
1631,2018-01-02,5.91000,5.96000,5.91000,5.93000,28800
1632,2017-12-29,5.94000,5.96000,5.79000,5.92000,49200
1633,2017-12-29,5.94000,5.96000,5.79000,5.92000,49200
1634,2017-12-28,5.91000,5.95000,5.87000,5.91000,16000
1635,2017-12-28,5.91000,5.95000,5.87000,5.91000,16000
1636,2017-12-27,5.90000,5.95000,5.71000,5.89000,146800
1637,2017-12-27,5.90000,5.95000,5.71000,5.89000,146800
1638,2017-12-26,6.15000,6.21000,5.94000,5.97000,37700
1639,2017-12-26,6.15000,6.21000,5.94000,5.97000,37700
1640,2017-12-22,6.31000,6.31000,6.05000,6.18000,83500
1641,2017-12-22,6.31000,6.31000,6.05000,6.18000,83500
1642,2017-12-21,6.34000,6.36000,6.34000,6.35000,14600
1643,2017-12-21,6.34000,6.36000,6.34000,6.35000,14600
1644,2017-12-20,6.33000,6.37000,6.32000,6.35000,5500
1645,2017-12-20,6.33000,6.37000,6.32000,6.35000,5500
1646,2017-12-19,6.44000,6.50000,6.20000,6.20000,10900
1647,2017-12-19,6.44000,6.50000,6.20000,6.20000,10900
1648,2017-12-18,6.44000,6.54000,6.44000,6.51000,22100
1649,2017-12-18,6.44000,6.54000,6.44000,6.51000,22100
1650,2017-12-15,6.51000,6.53000,6.44000,6.44000,28000
1651,2017-12-15,6.51000,6.53000,6.44000,6.44000,28000
1652,2017-12-14,6.51000,6.51000,6.51000,6.51000,0
1653,2017-12-13,6.51000,6.51000,6.51000,6.51000,2800
1654,2017-12-13,6.51000,6.51000,6.51000,6.51000,2800
1655,2017-12-12,6.49000,6.55000,6.49000,6.54000,2000
1656,2017-12-12,6.49000,6.55000,6.49000,6.54000,2000
1657,2017-12-11,6.52000,6.55000,6.46000,6.49000,21800
1658,2017-12-11,6.52000,6.55000,6.46000,6.49000,21800
1659,2017-12-08,6.56000,6.56000,6.55000,6.55000,5800
1660,2017-12-08,6.56000,6.56000,6.55000,6.55000,5800
1661,2017-12-07,6.54000,6.55000,6.52000,6.54000,4200
1662,2017-12-07,6.54000,6.55000,6.52000,6.54000,4200
1663,2017-12-06,6.53000,6.53000,6.52000,6.52000,2500
1664,2017-12-06,6.53000,6.53000,6.52000,6.52000,2500
1665,2017-12-05,6.55000,6.56000,6.51000,6.51000,4500
1666,2017-12-05,6.55000,6.56000,6.51000,6.51000,4500
1667,2017-12-04,6.53000,6.61000,6.51000,6.55000,9100
1668,2017-12-04,6.53000,6.61000,6.51000,6.55000,9100
1669,2017-12-01,6.52000,6.54000,6.52000,6.54000,6600
1670,2017-12-01,6.52000,6.54000,6.52000,6.54000,6600
1671,2017-11-30,6.55000,6.55000,6.52000,6.52000,8300
1672,2017-11-30,6.55000,6.55000,6.52000,6.52000,8300
1673,2017-11-29,6.52000,6.58000,6.49000,6.52000,21200
1674,2017-11-29,6.52000,6.58000,6.49000,6.52000,21200
1675,2017-11-28,6.48000,6.56000,6.48000,6.53000,10800
1676,2017-11-28,6.48000,6.56000,6.48000,6.53000,10800
1677,2017-11-27,6.54000,6.54000,6.48000,6.51000,11900
1678,2017-11-27,6.54000,6.54000,6.48000,6.51000,11900
1679,2017-11-24,6.51000,6.52000,6.51000,6.51000,1400
1680,2017-11-24,6.51000,6.52000,6.51000,6.51000,1400
1681,2017-11-22,6.48000,6.50000,6.47000,6.48000,24000
1682,2017-11-22,6.48000,6.50000,6.47000,6.48000,24000
1683,2017-11-21,6.44000,6.49000,6.44000,6.48000,9800
1684,2017-11-21,6.44000,6.49000,6.44000,6.48000,9800
1685,2017-11-20,6.42000,6.50000,6.42000,6.46000,14900
1686,2017-11-20,6.42000,6.50000,6.42000,6.46000,14900
1687,2017-11-17,6.54000,6.59000,6.42000,6.45000,52700
1688,2017-11-17,6.54000,6.59000,6.42000,6.45000,52700
1689,2017-11-16,6.74000,6.74000,6.56000,6.58000,26300
1690,2017-11-16,6.74000,6.74000,6.56000,6.58000,26300
1691,2017-11-15,6.63000,6.79000,6.60000,6.79000,15300
1692,2017-11-15,6.63000,6.79000,6.60000,6.79000,15300
1693,2017-11-14,6.73000,6.77000,6.70000,6.73000,6900
1694,2017-11-14,6.73000,6.77000,6.70000,6.73000,6900
1695,2017-11-13,6.69000,6.84000,6.69000,6.80000,20100
1696,2017-11-13,6.69000,6.84000,6.69000,6.80000,20100
1697,2017-11-10,6.65000,6.69000,6.65000,6.69000,4300
1698,2017-11-10,6.65000,6.69000,6.65000,6.69000,4300
1699,2017-11-09,6.60000,6.71000,6.60000,6.69000,13100
1700,2017-11-09,6.60000,6.71000,6.60000,6.69000,13100
1701,2017-11-08,6.69000,6.71000,6.67000,6.71000,13300
1702,2017-11-08,6.69000,6.71000,6.67000,6.71000,13300
1703,2017-11-07,6.69000,6.69000,6.66000,6.66000,3100
1704,2017-11-07,6.69000,6.69000,6.66000,6.66000,3100
1705,2017-11-06,6.65000,6.67000,6.64000,6.65000,2700
1706,2017-11-06,6.65000,6.67000,6.64000,6.65000,2700
1707,2017-11-03,6.64000,6.69000,6.64000,6.66000,11500
1708,2017-11-02,6.60000,6.65000,6.60000,6.63000,7700
1709,2017-11-01,6.61000,6.65000,6.61000,6.63000,9900
1710,2017-10-31,6.65000,6.68000,6.61000,6.63000,13200
1711,2017-10-30,6.63000,6.65000,6.60000,6.62000,6100
1712,2017-10-27,6.63000,6.65000,6.59000,6.65000,17200
1713,2017-10-26,6.54000,6.63000,6.54000,6.62000,20500
1714,2017-10-25,6.60000,6.60000,6.54000,6.55000,20800
1715,2017-10-24,6.61000,6.62000,6.58000,6.59000,7100
1716,2017-10-23,6.59000,6.61000,6.58000,6.61000,4300
1717,2017-10-20,6.61000,6.63000,6.60000,6.62000,14100
1718,2017-10-19,6.59000,6.62000,6.59000,6.62000,3000
1719,2017-10-18,6.63000,6.63000,6.59000,6.62000,5800
1720,2017-10-17,6.59000,6.66000,6.59000,6.62000,8600
1721,2017-10-16,6.66000,6.71000,6.60000,6.60000,21800
1722,2017-10-13,6.64000,6.65000,6.62000,6.63000,9400
1723,2017-10-12,6.63000,6.65000,6.60000,6.64000,17000
1724,2017-10-11,6.61000,6.61000,6.59000,6.59000,22900
1725,2017-10-10,6.64000,6.67000,6.61000,6.62000,30800
1726,2017-10-09,6.75000,6.75000,6.64000,6.65000,3700
1727,2017-10-06,6.79000,6.79000,6.62000,6.67000,20200
1728,2017-10-05,6.65000,6.66000,6.50000,6.59000,53200
1729,2017-10-04,6.64000,6.65000,6.61000,6.65000,18500
1730,2017-10-03,6.61000,6.63000,6.59000,6.63000,18900
1731,2017-10-02,6.63000,6.63000,6.60000,6.60000,27700
1732,2017-09-29,6.63000,6.63000,6.58000,6.59000,13700
1733,2017-09-28,6.62000,6.63000,6.58000,6.63000,10700
1734,2017-09-27,6.71000,6.71000,6.58000,6.63000,31900
1735,2017-09-26,6.60000,6.60000,6.48000,6.57000,9900
1736,2017-09-25,6.50000,6.57000,6.50000,6.57000,25600
1737,2017-09-22,6.53000,6.66000,6.53000,6.55000,19700
1738,2017-09-21,6.53000,6.56000,6.53000,6.55000,5900
1739,2017-09-20,6.63000,6.63000,6.53000,6.53000,25200
1740,2017-09-19,6.63000,6.63000,6.58000,6.60000,11500
1741,2017-09-18,6.64000,6.67000,6.61000,6.62000,13100
1742,2017-09-15,6.64000,6.66000,6.55000,6.62000,6300
1743,2017-09-14,6.58000,6.66000,6.55000,6.61000,6600
1744,2017-09-13,6.60000,6.62000,6.59000,6.59000,5800
1745,2017-09-12,6.67000,6.67000,6.60000,6.60000,9500
1746,2017-09-11,6.65000,6.68000,6.63000,6.64000,10100
1747,2017-09-08,6.61000,6.64000,6.61000,6.63000,7400
1748,2017-09-07,6.63000,6.68000,6.60000,6.62000,5500
1749,2017-09-06,6.61000,6.68000,6.59000,6.61000,24000
1750,2017-09-05,6.53000,6.70000,6.51000,6.61000,21300
1751,2017-09-01,6.64000,6.65000,6.53000,6.59000,15600
1752,2017-08-31,6.49000,6.65000,6.49000,6.54000,21600
1753,2017-08-30,6.50000,6.55000,6.46000,6.52000,11100
1754,2017-08-29,6.54000,6.54000,6.43000,6.53000,18900
1755,2017-08-28,6.62000,6.62000,6.39000,6.52000,66600
1756,2017-08-25,6.51000,6.51000,6.38000,6.48000,26000
1757,2017-08-24,6.50000,6.57000,6.37000,6.46000,17300
1758,2017-08-23,6.46000,6.49000,6.38000,6.43000,16500
1759,2017-08-22,6.45000,6.57000,6.29000,6.42000,18700
1760,2017-08-21,6.41000,6.43000,6.34000,6.41000,4200
1761,2017-08-18,6.39000,6.39000,6.33000,6.38000,2400
1762,2017-08-17,6.31000,6.48000,6.27000,6.35000,31900
1763,2017-08-16,6.36000,6.36000,6.30000,6.34000,5800
1764,2017-08-15,6.31000,6.35000,6.31000,6.31000,9000
1765,2017-08-14,6.30000,6.36000,6.29000,6.36000,9300
1766,2017-08-11,6.33000,6.34000,6.24000,6.29000,19400
1767,2017-08-10,6.31000,6.40000,6.29000,6.29000,10000
1768,2017-08-09,6.31000,6.36000,6.31000,6.31000,13400
1769,2017-08-08,6.44000,6.44000,6.34000,6.36000,29400
1770,2017-08-07,6.45000,6.45000,6.40000,6.40000,4600
1771,2017-08-04,6.49000,6.49000,6.37000,6.43000,26600
1772,2017-08-03,6.45000,6.49000,6.39000,6.49000,15700
1773,2017-08-02,6.38000,6.55000,6.38000,6.48000,14700
1774,2017-08-01,6.39000,6.45000,6.33000,6.38000,14400
1775,2017-07-31,6.38000,6.40000,6.28000,6.36000,31700
1776,2017-07-28,6.32000,6.42000,6.30000,6.35000,20300
1777,2017-07-27,6.30000,6.43000,6.30000,6.32000,17200
1778,2017-07-26,6.43000,6.44000,6.28000,6.30000,35600
1779,2017-07-25,6.39000,6.42000,6.39000,6.39000,5300
1780,2017-07-24,6.41000,6.46000,6.32000,6.41000,20400
1781,2017-07-21,6.46000,6.46000,6.32000,6.32000,32300
1782,2017-07-20,6.45000,6.51000,6.44000,6.47000,12200
1783,2017-07-19,6.52000,6.57000,6.21000,6.34000,99200
1784,2017-07-18,6.66000,6.66000,6.52000,6.61000,7200
1785,2017-07-17,6.67000,6.69000,6.63000,6.68000,21100
1786,2017-07-14,6.75000,6.75000,6.66000,6.70000,11900
1787,2017-07-13,6.65000,6.68000,6.60000,6.68000,37000
1788,2017-07-12,6.65000,6.68000,6.62000,6.65000,9000
1789,2017-07-11,6.62000,6.66000,6.60000,6.65000,14800
1790,2017-07-10,6.64000,6.68000,6.58000,6.62000,37000
1791,2017-07-07,6.50000,6.80000,6.50000,6.60000,49100
1792,2017-07-06,6.40000,6.48000,6.40000,6.46000,13000
1793,2017-07-05,6.39000,6.47000,6.39000,6.42000,9100
1794,2017-07-03,6.47000,6.47000,6.34000,6.43000,9000
1795,2017-06-30,6.40000,6.44000,6.32000,6.43000,12900
1796,2017-06-29,6.34000,6.40000,6.33000,6.38000,7000
1797,2017-06-28,6.35000,6.40000,6.35000,6.40000,5900
1798,2017-06-27,6.31000,6.37000,6.30000,6.33000,22500
1799,2017-06-26,6.44000,6.45000,6.33000,6.33000,10300
1800,2017-06-23,6.37000,6.40000,6.30000,6.39000,4700
1801,2017-06-22,6.42000,6.47000,6.36000,6.42000,10700
1802,2017-06-21,6.46000,6.48000,6.22000,6.38000,24600
1803,2017-06-20,6.21000,6.33000,6.21000,6.30000,21900
1804,2017-06-19,6.38000,6.38000,6.23000,6.25000,13800
1805,2017-06-16,6.31000,6.38000,6.31000,6.38000,10800
1806,2017-06-15,6.39000,6.43000,6.31000,6.39000,23500
1807,2017-06-14,6.33000,6.39000,6.28000,6.39000,44900
1808,2017-06-13,6.21000,6.28000,6.21000,6.26000,22300
1809,2017-06-12,6.25000,6.26000,6.12000,6.13000,36800
1810,2017-06-09,6.32000,6.34000,6.18000,6.19000,20100
1811,2017-06-08,6.25000,6.36000,6.17000,6.33000,17900
1812,2017-06-07,6.19000,6.24000,6.16000,6.19000,6300
1813,2017-06-06,6.20000,6.24000,6.16000,6.24000,6300
1814,2017-06-05,6.12000,6.23000,6.12000,6.21000,12800
1815,2017-06-02,6.19000,6.22000,6.15000,6.15000,8500
1816,2017-06-01,6.28000,6.32000,6.12000,6.16000,13800
1817,2017-05-31,6.07000,6.12000,6.03000,6.11000,37400
1818,2017-05-30,6.24000,6.40000,6.07000,6.09000,30000
1819,2017-05-26,6.15000,6.22000,6.15000,6.21000,11200
1820,2017-05-25,6.11000,6.16000,6.04000,6.16000,20400
1821,2017-05-24,6.07000,6.07000,6.06000,6.06000,1400
1822,2017-05-23,6.09000,6.12000,6.03000,6.11000,13600
1823,2017-05-22,5.95000,6.06000,5.95000,6.05000,13800
1824,2017-05-19,6.01000,6.01000,5.97000,5.97000,7600
1825,2017-05-18,5.95000,5.97000,5.94000,5.97000,6200
1826,2017-05-17,6.24000,6.24000,5.90000,5.92000,24300
1827,2017-05-16,5.99000,6.08000,5.99000,6.04000,16100
1828,2017-05-15,6.00000,6.05000,6.00000,6.02000,51300
1829,2017-05-12,5.98000,6.02000,5.98000,5.99000,40100
1830,2017-05-11,6.03000,6.05000,5.98000,5.98000,23400
1831,2017-05-10,5.99000,6.01000,5.96000,5.98000,11200
1832,2017-05-09,6.02000,6.03000,5.99000,5.99000,32900
1833,2017-05-08,6.05000,6.05000,5.99000,6.00000,26300
1834,2017-05-05,5.98000,6.00000,5.98000,6.00000,16300
1835,2017-05-04,5.96000,5.98000,5.95000,5.95000,23700
1836,2017-05-03,6.00000,6.00000,5.97000,5.99000,13500
1837,2017-05-02,5.97000,5.99000,5.95000,5.98000,37000
1838,2017-05-01,5.99000,6.00000,5.96000,5.98000,49900
1839,2017-04-28,5.98000,5.98000,5.94000,5.94000,35000
1840,2017-04-27,5.93000,5.95000,5.92000,5.93000,20500
1841,2017-04-26,5.93000,6.13000,5.91000,5.95000,45300
1842,2017-04-25,5.86000,5.93000,5.86000,5.92000,14500
1843,2017-04-24,5.91000,5.91000,5.85000,5.87000,24200
1844,2017-04-21,5.89000,5.89000,5.85000,5.86000,40400
1845,2017-04-20,5.85000,5.87000,5.85000,5.87000,15200
1846,2017-04-19,5.85000,5.86000,5.84000,5.85000,9200
1847,2017-04-18,5.86000,5.87000,5.82000,5.84000,38500
1848,2017-04-17,5.79000,5.91000,5.79000,5.88000,48500
1849,2017-04-13,5.90000,5.90000,5.87000,5.89000,15800
1850,2017-04-12,5.87000,5.91000,5.85000,5.89000,53300
1851,2017-04-11,5.85000,5.88000,5.84000,5.88000,23300
1852,2017-04-10,5.82000,5.90000,5.82000,5.82000,29100
1853,2017-04-07,5.79000,5.84000,5.79000,5.84000,15700
1854,2017-04-06,5.77000,5.81000,5.77000,5.80000,25300
1855,2017-04-05,5.81000,5.82000,5.77000,5.77000,30600
1856,2017-04-04,5.77000,5.81000,5.77000,5.80000,10100
1857,2017-04-03,5.75000,5.84000,5.75000,5.80000,29400
1858,2017-03-31,5.82000,5.82000,5.79000,5.81000,12100
1859,2017-03-30,5.79000,5.79000,5.77000,5.79000,11500
1860,2017-03-29,5.79000,5.79000,5.77000,5.79000,5100
1861,2017-03-28,5.79000,5.79000,5.76000,5.79000,15600
1862,2017-03-27,5.81000,5.81000,5.76000,5.79000,6000
1863,2017-03-24,5.81000,5.82000,5.78000,5.81000,13400
1864,2017-03-23,5.80000,5.80000,5.75000,5.77000,10000
1865,2017-03-22,5.80000,5.80000,5.75000,5.79000,7100
1866,2017-03-21,5.84000,5.85000,5.76000,5.78000,28900
1867,2017-03-20,5.82000,5.84000,5.79000,5.83000,14700
1868,2017-03-17,5.84000,5.84000,5.80000,5.81000,29900
1869,2017-03-16,5.76000,5.81000,5.76000,5.81000,27400
1870,2017-03-15,5.77000,5.77000,5.70000,5.76000,22500
1871,2017-03-14,5.71000,5.73000,5.57000,5.72000,8900
1872,2017-03-13,5.67000,5.77000,5.67000,5.74000,12800
1873,2017-03-10,5.65000,5.78000,5.59000,5.72000,27900
1874,2017-03-10,5.65000,5.78000,5.59000,5.72000,27900
1875,2017-03-09,5.75000,5.86000,5.69000,5.69000,46100
1876,2017-03-09,5.75000,5.86000,5.69000,5.69000,46100
1877,2017-03-08,5.86000,5.87000,5.80000,5.80000,39100
1878,2017-03-08,5.86000,5.87000,5.80000,5.80000,39100
1879,2017-03-07,5.99000,5.99000,5.86000,5.86000,50600
1880,2017-03-07,5.99000,5.99000,5.86000,5.86000,50600
1881,2017-03-06,5.87000,5.91000,5.87000,5.87000,4900
1882,2017-03-06,5.87000,5.91000,5.87000,5.87000,4900
1883,2017-03-03,5.95000,5.96000,5.91000,5.91000,32700
1884,2017-03-03,5.95000,5.96000,5.91000,5.91000,32700
1885,2017-03-02,5.94000,5.96000,5.89000,5.91000,15200
1886,2017-03-02,5.94000,5.96000,5.89000,5.91000,15200
1887,2017-03-01,5.93000,5.95000,5.89000,5.95000,28100
1888,2017-03-01,5.93000,5.95000,5.89000,5.95000,28100
1889,2017-02-28,5.87000,5.94000,5.85000,5.93000,27200
1890,2017-02-28,5.87000,5.94000,5.85000,5.93000,27200
1891,2017-02-27,5.82000,5.89000,5.81000,5.87000,21300
1892,2017-02-27,5.82000,5.89000,5.81000,5.87000,21300
1893,2017-02-24,5.86000,5.86000,5.80000,5.81000,17200
1894,2017-02-24,5.86000,5.86000,5.80000,5.81000,17200
1895,2017-02-23,5.79000,5.85000,5.75000,5.85000,13700
1896,2017-02-23,5.79000,5.85000,5.75000,5.85000,13700
1897,2017-02-22,5.86000,5.86000,5.77000,5.79000,14200
1898,2017-02-22,5.86000,5.86000,5.77000,5.79000,14200
1899,2017-02-21,5.78000,5.87000,5.77000,5.84000,25700
1900,2017-02-21,5.78000,5.87000,5.77000,5.84000,25700
1901,2017-02-17,5.77000,5.81000,5.71000,5.75000,20300
1902,2017-02-17,5.77000,5.81000,5.71000,5.75000,20300
1903,2017-02-16,5.85000,5.87000,5.80000,5.81000,3800
1904,2017-02-16,5.85000,5.87000,5.80000,5.81000,3800
1905,2017-02-15,5.80000,5.87000,5.79000,5.82000,22400
1906,2017-02-15,5.80000,5.87000,5.79000,5.82000,22400
1907,2017-02-14,5.77000,5.90000,5.71000,5.81000,41400
1908,2017-02-14,5.77000,5.90000,5.71000,5.81000,41400
1909,2017-02-13,5.83000,5.86000,5.75000,5.79000,40000
1910,2017-02-13,5.83000,5.86000,5.75000,5.79000,40000
1911,2017-02-10,5.76000,5.78000,5.75000,5.78000,13400
1912,2017-02-10,5.76000,5.78000,5.75000,5.78000,13400
1913,2017-02-09,5.73000,5.81000,5.73000,5.75000,13800
1914,2017-02-09,5.73000,5.81000,5.73000,5.75000,13800
1915,2017-02-08,5.80000,5.86000,5.77000,5.82000,13200
1916,2017-02-08,5.80000,5.86000,5.77000,5.82000,13200
1917,2017-02-07,5.80000,5.88000,5.75000,5.78000,13200
1918,2017-02-07,5.80000,5.88000,5.75000,5.78000,13200
1919,2017-02-06,5.81000,5.83000,5.78000,5.80000,37500
1920,2017-02-06,5.81000,5.83000,5.78000,5.80000,37500
1921,2017-02-03,5.83000,5.83000,5.79000,5.81000,9300
1922,2017-02-03,5.83000,5.83000,5.79000,5.81000,9300
1923,2017-02-02,5.77000,5.79000,5.72000,5.79000,12200
1924,2017-02-02,5.77000,5.79000,5.72000,5.79000,12200
1925,2017-02-01,5.64000,5.80000,5.63000,5.77000,37500
1926,2017-02-01,5.64000,5.80000,5.63000,5.77000,37500
1927,2017-01-31,5.77000,5.77000,5.67000,5.71000,12500
1928,2017-01-31,5.77000,5.77000,5.67000,5.71000,12500
1929,2017-01-30,5.77000,5.77000,5.66000,5.73000,4600
1930,2017-01-30,5.77000,5.77000,5.66000,5.73000,4600
1931,2017-01-27,5.75000,5.75000,5.71000,5.71000,8200
1932,2017-01-27,5.75000,5.75000,5.71000,5.71000,8200
1933,2017-01-26,5.70000,5.81000,5.69000,5.75000,42300
1934,2017-01-26,5.70000,5.81000,5.69000,5.75000,42300
1935,2017-01-25,5.69000,5.72000,5.65000,5.66000,9800
1936,2017-01-25,5.69000,5.72000,5.65000,5.66000,9800
1937,2017-01-24,5.66000,5.67000,5.65000,5.65000,13100
1938,2017-01-24,5.66000,5.67000,5.65000,5.65000,13100
1939,2017-01-23,5.68000,5.69000,5.66000,5.66000,18000
1940,2017-01-23,5.68000,5.69000,5.66000,5.66000,18000
1941,2017-01-20,5.70000,5.70000,5.60000,5.67000,32300
1942,2017-01-20,5.70000,5.70000,5.60000,5.67000,32300
1943,2017-01-19,5.60000,5.72000,5.59000,5.68000,58900
1944,2017-01-19,5.60000,5.72000,5.59000,5.68000,58900
1945,2017-01-18,5.62000,5.62000,5.53000,5.60000,69100
1946,2017-01-18,5.62000,5.62000,5.53000,5.60000,69100
1947,2017-01-17,5.64000,5.68000,5.63000,5.66000,44800
1948,2017-01-17,5.64000,5.68000,5.63000,5.66000,44800
1949,2017-01-13,5.66000,5.68000,5.63000,5.64000,13200
1950,2017-01-13,5.66000,5.68000,5.63000,5.64000,13200
1951,2017-01-12,5.65000,5.65000,5.62000,5.62000,7400
1952,2017-01-12,5.65000,5.65000,5.62000,5.62000,7400
1953,2017-01-11,5.68000,5.68000,5.63000,5.66000,17600
1954,2017-01-11,5.68000,5.68000,5.63000,5.66000,17600
1955,2017-01-10,5.66000,5.66000,5.61000,5.65000,2400
1956,2017-01-10,5.66000,5.66000,5.61000,5.65000,2400
1957,2017-01-09,5.60000,5.62000,5.60000,5.61000,2800
1958,2017-01-09,5.60000,5.62000,5.60000,5.61000,2800
1959,2017-01-06,5.61000,5.69000,5.59000,5.59000,16800
1960,2017-01-06,5.61000,5.69000,5.59000,5.59000,16800
1961,2017-01-05,5.61000,5.63000,5.60000,5.60000,4700
1962,2017-01-05,5.61000,5.63000,5.60000,5.60000,4700
1963,2017-01-04,5.62000,5.64000,5.61000,5.61000,11200
1964,2017-01-04,5.62000,5.64000,5.61000,5.61000,11200
1965,2017-01-03,5.56000,5.64000,5.55000,5.62000,26600
1966,2017-01-03,5.56000,5.64000,5.55000,5.62000,26600
1967,2016-12-30,5.55000,5.60000,5.55000,5.57000,16400
1968,2016-12-30,5.55000,5.60000,5.55000,5.57000,16400
1969,2016-12-29,5.61000,5.61000,5.55000,5.58000,9200
1970,2016-12-29,5.61000,5.61000,5.55000,5.58000,9200
1971,2016-12-28,5.57000,5.62000,5.56000,5.60000,11000
1972,2016-12-28,5.57000,5.62000,5.56000,5.60000,11000
1973,2016-12-27,5.55000,5.66000,5.55000,5.64000,10900
1974,2016-12-27,5.55000,5.66000,5.55000,5.64000,10900
1975,2016-12-23,5.56000,5.56000,5.56000,5.56000,2800
1976,2016-12-23,5.56000,5.56000,5.56000,5.56000,2800
1977,2016-12-22,5.62000,5.62000,5.56000,5.56000,6100
1978,2016-12-22,5.62000,5.62000,5.56000,5.56000,6100
1979,2016-12-21,5.52000,5.58000,5.52000,5.53000,5400
1980,2016-12-21,5.52000,5.58000,5.52000,5.53000,5400
1981,2016-12-20,5.65000,5.65000,5.52000,5.56000,35800
1982,2016-12-20,5.65000,5.65000,5.52000,5.56000,35800
1983,2016-12-19,5.62000,5.70000,5.62000,5.66000,17700
1984,2016-12-19,5.62000,5.70000,5.62000,5.66000,17700
1985,2016-12-16,5.60000,5.67000,5.60000,5.62000,18900
1986,2016-12-16,5.60000,5.67000,5.60000,5.62000,18900
1987,2016-12-15,5.59000,5.62000,5.52000,5.54000,13600
1988,2016-12-15,5.59000,5.62000,5.52000,5.54000,13600
1989,2016-12-14,5.57000,5.57000,5.57000,5.57000,3500
1990,2016-12-14,5.57000,5.57000,5.57000,5.57000,3500
1991,2016-12-13,5.60000,5.66000,5.55000,5.55000,17700
1992,2016-12-13,5.60000,5.66000,5.55000,5.55000,17700
1993,2016-12-12,5.60000,5.66000,5.60000,5.66000,11000
1994,2016-12-12,5.60000,5.66000,5.60000,5.66000,11000
1995,2016-12-09,5.60000,5.60000,5.58000,5.59000,5100
1996,2016-12-09,5.60000,5.60000,5.58000,5.59000,5100
1997,2016-12-08,5.59000,5.60000,5.58000,5.59000,2500
1998,2016-12-08,5.59000,5.60000,5.58000,5.59000,2500
1999,2016-12-07,5.60000,5.61000,5.58000,5.61000,36400
2000,2016-12-07,5.60000,5.61000,5.58000,5.61000,36400
2001,2016-12-06,5.58000,5.58000,5.47000,5.55000,7400
2002,2016-12-06,5.58000,5.58000,5.47000,5.55000,7400
2003,2016-12-05,5.52000,5.53000,5.49000,5.50000,9300
2004,2016-12-05,5.52000,5.53000,5.49000,5.50000,9300
2005,2016-12-02,5.50000,5.57000,5.50000,5.51000,9600
2006,2016-12-02,5.50000,5.57000,5.50000,5.51000,9600
2007,2016-12-01,5.50000,5.59000,5.48000,5.59000,12100
2008,2016-12-01,5.50000,5.59000,5.48000,5.59000,12100
2009,2016-11-30,5.50000,5.50000,5.45000,5.49000,5300
2010,2016-11-30,5.50000,5.50000,5.45000,5.49000,5300
2011,2016-11-29,5.50000,5.50000,5.43000,5.48000,3700
2012,2016-11-29,5.50000,5.50000,5.43000,5.48000,3700
2013,2016-11-28,5.42000,5.49000,5.42000,5.47000,8300
2014,2016-11-28,5.42000,5.49000,5.42000,5.47000,8300
2015,2016-11-25,5.41000,5.50000,5.39000,5.48000,9500
2016,2016-11-25,5.41000,5.50000,5.39000,5.48000,9500
2017,2016-11-23,5.45000,5.45000,5.43000,5.43000,3300
2018,2016-11-23,5.45000,5.45000,5.43000,5.43000,3300
2019,2016-11-22,5.47000,5.49000,5.46000,5.47000,10400
2020,2016-11-22,5.47000,5.49000,5.46000,5.47000,10400
2021,2016-11-21,5.44000,5.48000,5.44000,5.48000,6900
2022,2016-11-21,5.44000,5.48000,5.44000,5.48000,6900
2023,2016-11-18,5.40000,5.44000,5.40000,5.44000,5200
2024,2016-11-18,5.40000,5.44000,5.40000,5.44000,5200
2025,2016-11-17,5.39000,5.48000,5.38000,5.40000,7600
2026,2016-11-17,5.39000,5.48000,5.38000,5.40000,7600
2027,2016-11-16,5.43000,5.49000,5.38000,5.42000,25000
2028,2016-11-16,5.43000,5.49000,5.38000,5.42000,25000
2029,2016-11-15,5.40000,5.49000,5.40000,5.42000,4800
2030,2016-11-15,5.40000,5.49000,5.40000,5.42000,4800
2031,2016-11-14,5.50000,5.50000,5.35000,5.43000,10500
2032,2016-11-14,5.50000,5.50000,5.35000,5.43000,10500
2033,2016-11-11,5.42000,5.46000,5.42000,5.45000,3400
2034,2016-11-11,5.42000,5.46000,5.42000,5.45000,3400
2035,2016-11-10,5.42000,5.51000,5.42000,5.47000,7100
2036,2016-11-10,5.42000,5.51000,5.42000,5.47000,7100
2037,2016-11-09,5.36000,5.49000,5.34000,5.46000,19300
2038,2016-11-09,5.36000,5.49000,5.34000,5.46000,19300
2039,2016-11-08,5.39000,5.52000,5.38000,5.49000,7800
2040,2016-11-08,5.39000,5.52000,5.38000,5.49000,7800
2041,2016-11-07,5.41000,5.45000,5.34000,5.44000,22400
2042,2016-11-07,5.41000,5.45000,5.34000,5.44000,22400
2043,2016-11-04,5.36000,5.46000,5.36000,5.40000,17900
2044,2016-11-03,5.42000,5.45000,5.36000,5.43000,16600
2045,2016-11-02,5.52000,5.52000,5.32000,5.47000,71300
2046,2016-11-01,5.53000,5.59000,5.50000,5.57000,28500
2047,2016-10-31,5.56000,5.58000,5.49000,5.50000,7900
2048,2016-10-28,5.56000,5.60000,5.49000,5.52000,11000
2049,2016-10-27,5.54000,5.61000,5.50000,5.59000,31400
2050,2016-10-26,5.60000,5.61000,5.55000,5.60000,7800
2051,2016-10-25,5.53000,5.61000,5.53000,5.58000,16300
2052,2016-10-24,5.64000,5.64000,5.56000,5.62000,11900
2053,2016-10-21,5.63000,5.63000,5.57000,5.58000,5200
2054,2016-10-20,5.62000,5.63000,5.54000,5.56000,11600
2055,2016-10-19,5.52000,5.60000,5.52000,5.60000,6700
2056,2016-10-18,5.59000,5.59000,5.46000,5.54000,16800
2057,2016-10-17,5.59000,5.66000,5.52000,5.52000,25900
2058,2016-10-14,5.57000,5.62000,5.57000,5.60000,5400
2059,2016-10-13,5.53000,5.64000,5.51000,5.59000,26000
2060,2016-10-12,5.64000,5.65000,5.60000,5.60000,5300
2061,2016-10-11,5.64000,5.67000,5.64000,5.64000,7600
2062,2016-10-10,5.71000,5.71000,5.63000,5.64000,9000
2063,2016-10-07,5.67000,5.69000,5.67000,5.67000,4300
2064,2016-10-06,5.70000,5.70000,5.67000,5.69000,10400
2065,2016-10-05,5.70000,5.71000,5.66000,5.70000,21700
2066,2016-10-04,5.70000,5.70000,5.63000,5.68000,8800
2067,2016-10-03,5.65000,5.74000,5.61000,5.72000,14500
2068,2016-09-30,5.63000,5.69000,5.59000,5.69000,10900
2069,2016-09-29,5.71000,5.73000,5.56000,5.61000,38900
2070,2016-09-28,5.59000,5.74000,5.53000,5.66000,19000
2071,2016-09-27,5.59000,5.74000,5.58000,5.59000,57300
2072,2016-09-26,5.52000,5.58000,5.50000,5.57000,45700
2073,2016-09-23,5.54000,5.62000,5.52000,5.61000,45000
2074,2016-09-22,5.59000,5.60000,5.54000,5.59000,6500
2075,2016-09-21,5.52000,5.57000,5.52000,5.57000,4700
2076,2016-09-20,5.47000,5.56000,5.47000,5.52000,5700
2077,2016-09-19,5.54000,5.66000,5.54000,5.55000,16100
2078,2016-09-16,5.52000,5.56000,5.50000,5.53000,8800
2079,2016-09-15,5.57000,5.62000,5.57000,5.57000,36000
2080,2016-09-14,5.59000,5.61000,5.56000,5.58000,66600
2081,2016-09-13,5.66000,5.66000,5.54000,5.57000,30200
2082,2016-09-12,5.65000,5.68000,5.61000,5.65000,31100
2083,2016-09-09,5.69000,5.70000,5.66000,5.67000,16200
2084,2016-09-08,5.72000,5.74000,5.69000,5.73000,31200
2085,2016-09-07,5.70000,5.73000,5.69000,5.72000,32600
2086,2016-09-06,5.69000,5.73000,5.69000,5.71000,18600
2087,2016-09-02,5.73000,5.73000,5.69000,5.70000,27200
2088,2016-09-01,5.63000,5.73000,5.63000,5.71000,58600
2089,2016-08-31,5.62000,5.66000,5.60000,5.65000,8300
2090,2016-08-30,5.63000,5.66000,5.61000,5.63000,8000
2091,2016-08-29,5.64000,5.66000,5.62000,5.65000,16800
2092,2016-08-26,5.63000,5.66000,5.62000,5.65000,5100
2093,2016-08-25,5.67000,5.67000,5.60000,5.61000,26300
2094,2016-08-24,5.67000,5.68000,5.61000,5.68000,6400
2095,2016-08-23,5.67000,5.69000,5.63000,5.63000,4800
2096,2016-08-22,5.69000,5.69000,5.61000,5.65000,8600
2097,2016-08-19,5.64000,5.68000,5.60000,5.68000,12800
2098,2016-08-18,5.71000,5.72000,5.63000,5.67000,49000
2099,2016-08-17,5.62000,5.68000,5.60000,5.68000,9900
2100,2016-08-16,5.66000,5.67000,5.60000,5.62000,6600
2101,2016-08-15,5.67000,5.70000,5.65000,5.66000,50100
2102,2016-08-12,5.65000,5.68000,5.64000,5.67000,27100
2103,2016-08-11,5.63000,5.64000,5.62000,5.64000,8700
2104,2016-08-10,5.62000,5.65000,5.61000,5.63000,10600
2105,2016-08-09,5.61000,5.63000,5.58000,5.61000,28300
2106,2016-08-08,5.60000,5.61000,5.56000,5.60000,11900
2107,2016-08-05,5.58000,5.59000,5.56000,5.58000,10100
2108,2016-08-04,5.54000,5.62000,5.54000,5.57000,5000
2109,2016-08-03,5.56000,5.59000,5.51000,5.58000,17500
2110,2016-08-02,5.59000,5.62000,5.59000,5.62000,6500
2111,2016-08-01,5.62000,5.65000,5.58000,5.65000,15900
2112,2016-07-29,5.61000,5.64000,5.59000,5.61000,4500
2113,2016-07-28,5.57000,5.61000,5.54000,5.61000,53400
2114,2016-07-27,5.60000,5.66000,5.57000,5.63000,14100
2115,2016-07-26,5.69000,5.69000,5.55000,5.60000,27300
2116,2016-07-25,5.69000,5.69000,5.64000,5.65000,9700
2117,2016-07-22,5.58000,5.63000,5.58000,5.62000,8400
2118,2016-07-21,5.65000,5.65000,5.63000,5.64000,11200
2119,2016-07-20,5.72000,5.72000,5.55000,5.65000,27000
2120,2016-07-19,5.71000,5.71000,5.60000,5.69000,12400
2121,2016-07-18,5.71000,5.71000,5.65000,5.71000,7000
2122,2016-07-15,5.64000,5.68000,5.64000,5.66000,10200
2123,2016-07-14,5.68000,5.69000,5.57000,5.64000,22400
2124,2016-07-13,5.65000,5.68000,5.64000,5.65000,21900
2125,2016-07-12,5.58000,5.71000,5.58000,5.60000,28300
2126,2016-07-11,5.58000,5.59000,5.58000,5.59000,700
2127,2016-07-08,5.54000,5.59000,5.54000,5.57000,14500
2128,2016-07-07,5.58000,5.62000,5.54000,5.54000,10800
2129,2016-07-06,5.49000,5.89000,5.49000,5.54000,63000
2130,2016-07-05,5.61000,5.61000,5.44000,5.48000,42600
2131,2016-07-01,5.43000,5.67000,5.43000,5.64000,12800
2132,2016-06-30,5.55000,5.55000,5.46000,5.47000,6800
2133,2016-06-29,5.48000,5.51000,5.48000,5.51000,1400
2134,2016-06-28,5.45000,5.50000,5.45000,5.48000,9400
2135,2016-06-27,5.51000,5.59000,5.45000,5.46000,63500
2136,2016-06-24,5.50000,5.53000,5.45000,5.50000,18600
2137,2016-06-23,5.52000,5.60000,5.51000,5.56000,2900
2138,2016-06-22,5.49000,5.66000,5.47000,5.49000,14800
2139,2016-06-21,5.47000,5.48000,5.45000,5.47000,8600
2140,2016-06-20,5.41000,5.48000,5.41000,5.44000,6400
2141,2016-06-17,5.40000,5.40000,5.37000,5.39000,4400
2142,2016-06-16,5.40000,5.40000,5.38000,5.40000,4700
2143,2016-06-15,5.49000,5.49000,5.37000,5.39000,20200
2144,2016-06-14,5.50000,5.51000,5.49000,5.50000,16600
2145,2016-06-13,5.58000,5.58000,5.50000,5.51000,18800
2146,2016-06-10,5.47000,5.56000,5.46000,5.55000,20400
2147,2016-06-09,5.50000,5.50000,5.48000,5.50000,7100
2148,2016-06-08,5.47000,5.50000,5.45000,5.50000,10600
2149,2016-06-07,5.47000,5.50000,5.45000,5.47000,6300
2150,2016-06-06,5.44000,5.47000,5.41000,5.47000,14300
2151,2016-06-03,5.38000,5.43000,5.38000,5.42000,4100
2152,2016-06-02,5.42000,5.44000,5.40000,5.43000,9000
2153,2016-06-01,5.37000,5.44000,5.37000,5.44000,11900
2154,2016-05-31,5.44000,5.44000,5.41000,5.41000,11900
2155,2016-05-27,5.35000,5.40000,5.35000,5.40000,11000
2156,2016-05-26,5.41000,5.42000,5.38000,5.39000,13000
2157,2016-05-25,5.37000,5.42000,5.37000,5.41000,6000
2158,2016-05-24,5.35000,5.38000,5.33000,5.38000,17300
2159,2016-05-23,5.32000,5.39000,5.28000,5.35000,21700
2160,2016-05-20,5.34000,5.34000,5.31000,5.33000,5700
2161,2016-05-19,5.31000,5.33000,5.31000,5.31000,9700
2162,2016-05-18,5.38000,5.38000,5.36000,5.37000,8700
2163,2016-05-17,5.48000,5.48000,5.34000,5.36000,23800
2164,2016-05-16,5.35000,5.44000,5.35000,5.41000,41900
2165,2016-05-13,5.35000,5.39000,5.35000,5.35000,7500
2166,2016-05-12,5.38000,5.39000,5.35000,5.39000,11300
2167,2016-05-11,5.41000,5.41000,5.29000,5.36000,12800
2168,2016-05-10,5.35000,5.39000,5.35000,5.38000,9500
2169,2016-05-09,5.41000,5.41000,5.35000,5.37000,18300
2170,2016-05-06,5.36000,5.40000,5.35000,5.38000,16800
2171,2016-05-05,5.35000,5.37000,5.35000,5.35000,2800
2172,2016-05-04,5.36000,5.37000,5.35000,5.37000,6000
2173,2016-05-03,5.22000,5.39000,5.22000,5.36000,21600
2174,2016-05-02,5.41000,5.41000,5.36000,5.41000,13400
2175,2016-04-29,5.40000,5.40000,5.34000,5.39000,18800
2176,2016-04-28,5.38000,5.38000,5.36000,5.38000,5900
2177,2016-04-27,5.37000,5.38000,5.35000,5.38000,13000
2178,2016-04-26,5.39000,5.39000,5.28000,5.37000,40000
2179,2016-04-25,5.35000,5.37000,5.32000,5.35000,11700
2180,2016-04-22,5.36000,5.40000,5.36000,5.37000,16600
2181,2016-04-21,5.33000,5.36000,5.33000,5.36000,25200
2182,2016-04-20,5.37000,5.38000,5.35000,5.35000,10500
2183,2016-04-19,5.39000,5.40000,5.34000,5.36000,8400
2184,2016-04-18,5.42000,5.43000,5.39000,5.41000,18300
2185,2016-04-15,5.38000,5.40000,5.37000,5.40000,8400
2186,2016-04-14,5.34000,5.38000,5.34000,5.37000,18600
2187,2016-04-13,5.33000,5.33000,5.31000,5.31000,5700
2188,2016-04-12,5.30000,5.31000,5.30000,5.30000,1500
2189,2016-04-11,5.30000,5.32000,5.29000,5.29000,18400
2190,2016-04-08,5.30000,5.33000,5.30000,5.31000,19100
2191,2016-04-07,5.33000,5.35000,5.31000,5.31000,3500
2192,2016-04-06,5.31000,5.32000,5.31000,5.32000,200
2193,2016-04-05,5.30000,5.32000,5.30000,5.31000,14200
2194,2016-04-04,5.30000,5.36000,5.30000,5.31000,7400
2195,2016-04-01,5.29000,5.36000,5.28000,5.35000,39900
2196,2016-03-31,5.31000,5.35000,5.30000,5.33000,16400
2197,2016-03-30,5.27000,5.31000,5.26000,5.31000,8500
2198,2016-03-29,5.23000,5.28000,5.23000,5.28000,14200
2199,2016-03-28,5.28000,5.28000,5.26000,5.28000,13300
2200,2016-03-24,5.25000,5.27000,5.22000,5.26000,10400
2201,2016-03-23,5.27000,5.27000,5.26000,5.26000,800
2202,2016-03-22,5.29000,5.29000,5.26000,5.28000,6500
2203,2016-03-21,5.23000,5.28000,5.23000,5.28000,9000
2204,2016-03-18,5.25000,5.26000,5.19000,5.26000,17400
2205,2016-03-17,5.25000,5.27000,5.25000,5.26000,8700
2206,2016-03-16,5.19000,5.24000,5.19000,5.24000,11400
2207,2016-03-15,5.18000,5.22000,5.18000,5.21000,13700
2208,2016-03-14,5.16000,5.29000,5.16000,5.28000,27000
2209,2016-03-11,5.25000,5.28000,5.24000,5.28000,4600
2210,2016-03-11,5.25000,5.28000,5.24000,5.28000,4600
2211,2016-03-10,5.23000,5.23000,5.20000,5.23000,7900
2212,2016-03-10,5.23000,5.23000,5.20000,5.23000,7900
2213,2016-03-09,5.16000,5.20000,5.16000,5.20000,14000
2214,2016-03-09,5.16000,5.20000,5.16000,5.20000,14000
2215,2016-03-08,5.16000,5.19000,5.16000,5.18000,8900
2216,2016-03-08,5.16000,5.19000,5.16000,5.18000,8900
2217,2016-03-07,5.13000,5.17000,5.13000,5.15000,12100
2218,2016-03-07,5.13000,5.17000,5.13000,5.15000,12100
2219,2016-03-04,5.03000,5.14000,5.03000,5.14000,17100
2220,2016-03-04,5.03000,5.14000,5.03000,5.14000,17100
2221,2016-03-03,5.05000,5.08000,5.05000,5.08000,3600
2222,2016-03-03,5.05000,5.08000,5.05000,5.08000,3600
2223,2016-03-02,5.01000,5.07000,5.01000,5.06000,16500
2224,2016-03-02,5.01000,5.07000,5.01000,5.06000,16500
2225,2016-03-01,4.94000,5.05000,4.94000,5.04000,14600
2226,2016-03-01,4.94000,5.05000,4.94000,5.04000,14600
2227,2016-02-29,5.01000,5.01000,4.92000,4.97000,12900
2228,2016-02-29,5.01000,5.01000,4.92000,4.97000,12900
2229,2016-02-26,4.99000,4.99000,4.92000,4.96000,4900
2230,2016-02-26,4.99000,4.99000,4.92000,4.96000,4900
2231,2016-02-25,4.85000,4.93000,4.85000,4.93000,25100
2232,2016-02-25,4.85000,4.93000,4.85000,4.93000,25100
2233,2016-02-24,4.88000,4.90000,4.85000,4.90000,3400
2234,2016-02-24,4.88000,4.90000,4.85000,4.90000,3400
2235,2016-02-23,4.86000,4.87000,4.85000,4.87000,4100
2236,2016-02-23,4.86000,4.87000,4.85000,4.87000,4100
2237,2016-02-22,4.83000,4.86000,4.83000,4.85000,19000
2238,2016-02-22,4.83000,4.86000,4.83000,4.85000,19000
2239,2016-02-19,4.82000,4.83000,4.79000,4.82000,18300
2240,2016-02-19,4.82000,4.83000,4.79000,4.82000,18300
2241,2016-02-18,4.81000,4.83000,4.80000,4.82000,11200
2242,2016-02-18,4.81000,4.83000,4.80000,4.82000,11200
2243,2016-02-17,4.76000,4.82000,4.76000,4.82000,7800
2244,2016-02-17,4.76000,4.82000,4.76000,4.82000,7800
2245,2016-02-16,4.75000,4.77000,4.75000,4.75000,2100
2246,2016-02-16,4.75000,4.77000,4.75000,4.75000,2100
2247,2016-02-12,4.76000,4.80000,4.74000,4.78000,4600
2248,2016-02-12,4.76000,4.80000,4.74000,4.78000,4600
2249,2016-02-11,4.75000,4.77000,4.73000,4.75000,47000
2250,2016-02-11,4.75000,4.77000,4.73000,4.75000,47000
2251,2016-02-10,4.79000,4.84000,4.79000,4.81000,25800
2252,2016-02-10,4.79000,4.84000,4.79000,4.81000,25800
2253,2016-02-09,4.93000,4.93000,4.77000,4.80000,34200
2254,2016-02-09,4.93000,4.93000,4.77000,4.80000,34200
2255,2016-02-08,4.94000,4.94000,4.85000,4.88000,24100
2256,2016-02-08,4.94000,4.94000,4.85000,4.88000,24100
2257,2016-02-05,5.00000,5.02000,4.97000,4.97000,11500
2258,2016-02-05,5.00000,5.02000,4.97000,4.97000,11500
2259,2016-02-04,5.00000,5.05000,5.00000,5.01000,19100
2260,2016-02-04,5.00000,5.05000,5.00000,5.01000,19100
2261,2016-02-03,5.09000,5.09000,5.00000,5.03000,7400
2262,2016-02-03,5.09000,5.09000,5.00000,5.03000,7400
2263,2016-02-02,5.00000,5.04000,4.99000,5.02000,6300
2264,2016-02-02,5.00000,5.04000,4.99000,5.02000,6300
2265,2016-02-01,4.97000,5.08000,4.96000,5.04000,22000
2266,2016-02-01,4.97000,5.08000,4.96000,5.04000,22000
2267,2016-01-29,5.02000,5.06000,4.95000,5.02000,10400
2268,2016-01-29,5.02000,5.06000,4.95000,5.02000,10400
2269,2016-01-28,4.91000,4.96000,4.91000,4.96000,10400
2270,2016-01-28,4.91000,4.96000,4.91000,4.96000,10400
2271,2016-01-27,4.90000,4.92000,4.87000,4.90000,23500
2272,2016-01-27,4.90000,4.92000,4.87000,4.90000,23500
2273,2016-01-26,4.85000,4.92000,4.83000,4.91000,8500
2274,2016-01-26,4.85000,4.92000,4.83000,4.91000,8500
2275,2016-01-25,4.85000,4.85000,4.78000,4.83000,22600
2276,2016-01-25,4.85000,4.85000,4.78000,4.83000,22600
2277,2016-01-22,4.85000,4.85000,4.81000,4.83000,5000
2278,2016-01-22,4.85000,4.85000,4.81000,4.83000,5000
2279,2016-01-21,4.64000,4.81000,4.64000,4.78000,12100
2280,2016-01-21,4.64000,4.81000,4.64000,4.78000,12100
2281,2016-01-20,4.80000,4.80000,4.64000,4.74000,34900
2282,2016-01-20,4.80000,4.80000,4.64000,4.74000,34900
2283,2016-01-19,4.93000,4.93000,4.80000,4.81000,43700
2284,2016-01-19,4.93000,4.93000,4.80000,4.81000,43700
2285,2016-01-15,5.01000,5.01000,4.87000,4.89000,88100
2286,2016-01-15,5.01000,5.01000,4.87000,4.89000,88100
2287,2016-01-14,5.05000,5.08000,5.00000,5.03000,43400
2288,2016-01-14,5.05000,5.08000,5.00000,5.03000,43400
2289,2016-01-13,5.11000,5.11000,5.07000,5.07000,1600
2290,2016-01-13,5.11000,5.11000,5.07000,5.07000,1600
2291,2016-01-12,5.17000,5.19000,5.11000,5.11000,23300
2292,2016-01-12,5.17000,5.19000,5.11000,5.11000,23300
2293,2016-01-11,5.24000,5.24000,5.18000,5.18000,7000
2294,2016-01-11,5.24000,5.24000,5.18000,5.18000,7000
2295,2016-01-08,5.32000,5.32000,5.22000,5.24000,3100
2296,2016-01-08,5.32000,5.32000,5.22000,5.24000,3100
2297,2016-01-07,5.26000,5.26000,5.22000,5.22000,16800
2298,2016-01-07,5.26000,5.26000,5.22000,5.22000,16800
2299,2016-01-06,5.27000,5.31000,5.27000,5.28000,3200
2300,2016-01-06,5.27000,5.31000,5.27000,5.28000,3200
2301,2016-01-05,5.28000,5.35000,5.28000,5.29000,12900
2302,2016-01-05,5.28000,5.35000,5.28000,5.29000,12900
2303,2016-01-04,5.34000,5.34000,5.22000,5.31000,35000
2304,2016-01-04,5.34000,5.34000,5.22000,5.31000,35000
2305,2015-12-31,5.34000,5.34000,5.27000,5.31000,10100
2306,2015-12-31,5.34000,5.34000,5.27000,5.31000,10100
2307,2015-12-30,5.31000,5.32000,5.27000,5.30000,3300
2308,2015-12-30,5.31000,5.32000,5.27000,5.30000,3300
2309,2015-12-29,5.27000,5.31000,5.25000,5.27000,7600
2310,2015-12-29,5.27000,5.31000,5.25000,5.27000,7600
2311,2015-12-28,5.23000,5.31000,5.23000,5.28000,12300
2312,2015-12-28,5.23000,5.31000,5.23000,5.28000,12300
2313,2015-12-24,5.24000,5.32000,5.24000,5.30000,28200
2314,2015-12-24,5.24000,5.32000,5.24000,5.30000,28200
2315,2015-12-23,5.22000,5.27000,5.22000,5.26000,10900
2316,2015-12-23,5.22000,5.27000,5.22000,5.26000,10900
2317,2015-12-22,5.16000,5.22000,5.15000,5.22000,14800
2318,2015-12-22,5.16000,5.22000,5.15000,5.22000,14800
2319,2015-12-21,5.13000,5.18000,5.13000,5.17000,11900
2320,2015-12-21,5.13000,5.18000,5.13000,5.17000,11900
2321,2015-12-18,5.17000,5.18000,5.14000,5.18000,27200
2322,2015-12-18,5.17000,5.18000,5.14000,5.18000,27200
2323,2015-12-17,5.13000,5.17000,5.13000,5.17000,27400
2324,2015-12-17,5.13000,5.17000,5.13000,5.17000,27400
2325,2015-12-16,4.92000,5.13000,4.92000,5.13000,48400
2326,2015-12-16,4.92000,5.13000,4.92000,5.13000,48400
2327,2015-12-15,4.97000,5.05000,4.97000,5.04000,37700
2328,2015-12-15,4.97000,5.05000,4.97000,5.04000,37700
2329,2015-12-14,5.11000,5.11000,5.00000,5.02000,20700
2330,2015-12-14,5.11000,5.11000,5.00000,5.02000,20700
2331,2015-12-11,5.20000,5.20000,5.06000,5.08000,50300
2332,2015-12-11,5.20000,5.20000,5.06000,5.08000,50300
2333,2015-12-10,5.20000,5.20000,5.14000,5.20000,26000
2334,2015-12-10,5.20000,5.20000,5.14000,5.20000,26000
2335,2015-12-09,5.27000,5.27000,5.21000,5.21000,16100
2336,2015-12-09,5.27000,5.27000,5.21000,5.21000,16100
2337,2015-12-08,5.28000,5.28000,5.23000,5.23000,23500
2338,2015-12-08,5.28000,5.28000,5.23000,5.23000,23500
2339,2015-12-07,5.32000,5.34000,5.21000,5.27000,36000
2340,2015-12-07,5.32000,5.34000,5.21000,5.27000,36000
2341,2015-12-04,5.30000,5.32000,5.28000,5.32000,7900
2342,2015-12-04,5.30000,5.32000,5.28000,5.32000,7900
2343,2015-12-03,5.37000,5.37000,5.27000,5.33000,38000
2344,2015-12-03,5.37000,5.37000,5.27000,5.33000,38000
2345,2015-12-02,5.33000,5.38000,5.31000,5.34000,32100
2346,2015-12-02,5.33000,5.38000,5.31000,5.34000,32100
2347,2015-12-01,5.29000,5.34000,5.29000,5.33000,43800
2348,2015-12-01,5.29000,5.34000,5.29000,5.33000,43800
2349,2015-11-30,5.32000,5.32000,5.27000,5.30000,10700
2350,2015-11-30,5.32000,5.32000,5.27000,5.30000,10700
2351,2015-11-27,5.28000,5.31000,5.27000,5.29000,20200
2352,2015-11-27,5.28000,5.31000,5.27000,5.29000,20200
2353,2015-11-25,5.29000,5.31000,5.24000,5.30000,24400
2354,2015-11-25,5.29000,5.31000,5.24000,5.30000,24400
2355,2015-11-24,5.32000,5.33000,5.28000,5.30000,24700
2356,2015-11-24,5.32000,5.33000,5.28000,5.30000,24700
2357,2015-11-23,5.33000,5.33000,5.30000,5.30000,7500
2358,2015-11-23,5.33000,5.33000,5.30000,5.30000,7500
2359,2015-11-20,5.33000,5.34000,5.30000,5.33000,10900
2360,2015-11-20,5.33000,5.34000,5.30000,5.33000,10900
2361,2015-11-19,5.34000,5.36000,5.27000,5.33000,10000
2362,2015-11-19,5.34000,5.36000,5.27000,5.33000,10000
2363,2015-11-18,5.31000,5.37000,5.31000,5.33000,9800
2364,2015-11-18,5.31000,5.37000,5.31000,5.33000,9800
2365,2015-11-17,5.34000,5.36000,5.31000,5.32000,14500
2366,2015-11-17,5.34000,5.36000,5.31000,5.32000,14500
2367,2015-11-16,5.39000,5.42000,5.37000,5.42000,13100
2368,2015-11-16,5.39000,5.42000,5.37000,5.42000,13100
2369,2015-11-13,5.45000,5.45000,5.35000,5.39000,7400
2370,2015-11-13,5.45000,5.45000,5.35000,5.39000,7400
2371,2015-11-12,5.38000,5.44000,5.34000,5.44000,33300
2372,2015-11-12,5.38000,5.44000,5.34000,5.44000,33300
2373,2015-11-11,5.46000,5.49000,5.46000,5.48000,14000
2374,2015-11-11,5.46000,5.49000,5.46000,5.48000,14000
2375,2015-11-10,5.43000,5.47000,5.43000,5.46000,109800
2376,2015-11-10,5.43000,5.47000,5.43000,5.46000,109800
2377,2015-11-09,5.51000,5.58000,5.48000,5.48000,35300
2378,2015-11-09,5.51000,5.58000,5.48000,5.48000,35300
2379,2015-11-06,5.50000,5.56000,5.50000,5.56000,16300
2380,2015-11-06,5.50000,5.56000,5.50000,5.56000,16300
2381,2015-11-05,5.52000,5.56000,5.52000,5.56000,12700
2382,2015-11-05,5.52000,5.56000,5.52000,5.56000,12700
2383,2015-11-04,5.54000,5.55000,5.53000,5.55000,24900
2384,2015-11-04,5.54000,5.55000,5.53000,5.55000,24900
2385,2015-11-03,5.54000,5.56000,5.53000,5.56000,24300
2386,2015-11-03,5.54000,5.56000,5.53000,5.56000,24300
2387,2015-11-02,5.53000,5.56000,5.51000,5.56000,39800
2388,2015-11-02,5.53000,5.56000,5.51000,5.56000,39800
2389,2015-10-30,5.50000,5.53000,5.48000,5.53000,20100
2390,2015-10-29,5.48000,5.50000,5.40000,5.49000,34400
2391,2015-10-28,5.48000,5.51000,5.48000,5.49000,2300
2392,2015-10-27,5.50000,5.53000,5.47000,5.51000,13900
2393,2015-10-26,5.55000,5.56000,5.53000,5.53000,7000
2394,2015-10-23,5.50000,5.51000,5.50000,5.51000,8800
2395,2015-10-22,5.41000,5.49000,5.41000,5.49000,16800
2396,2015-10-21,5.43000,5.46000,5.43000,5.45000,7600
2397,2015-10-20,5.40000,5.45000,5.40000,5.45000,11400
2398,2015-10-19,5.38000,5.43000,5.38000,5.42000,14100
2399,2015-10-16,5.33000,5.37000,5.33000,5.37000,6300
2400,2015-10-15,5.31000,5.38000,5.31000,5.34000,44900
2401,2015-10-14,5.29000,5.35000,5.29000,5.33000,13100
2402,2015-10-13,5.35000,5.37000,5.32000,5.32000,6200
2403,2015-10-12,5.36000,5.43000,5.36000,5.39000,4900
2404,2015-10-09,5.33000,5.40000,5.33000,5.40000,30200
2405,2015-10-08,5.23000,5.35000,5.23000,5.35000,36700
2406,2015-10-07,5.24000,5.29000,5.24000,5.28000,22400
2407,2015-10-06,5.25000,5.25000,5.18000,5.24000,24800
2408,2015-10-05,5.18000,5.23000,5.12000,5.22000,21300
2409,2015-10-02,5.19000,5.21000,5.15000,5.21000,12700
2410,2015-10-01,5.19000,5.21000,5.16000,5.20000,21100
2411,2015-09-30,5.24000,5.25000,5.09000,5.23000,35700
2412,2015-09-29,5.20000,5.20000,5.15000,5.17000,10500
2413,2015-09-28,5.25000,5.26000,5.09000,5.13000,38600
2414,2015-09-25,5.30000,5.30000,5.26000,5.27000,12400
2415,2015-09-24,5.26000,5.29000,5.26000,5.28000,6800
2416,2015-09-23,5.29000,5.31000,5.29000,5.31000,13100
2417,2015-09-22,5.30000,5.31000,5.29000,5.30000,7600
2418,2015-09-21,5.32000,5.37000,5.27000,5.30000,22900
2419,2015-09-18,5.29000,5.40000,5.29000,5.32000,21700
2420,2015-09-17,5.30000,5.35000,5.25000,5.35000,93600
2421,2015-09-16,5.32000,5.34000,5.32000,5.34000,1700
2422,2015-09-15,5.37000,5.38000,5.25000,5.32000,39200
2423,2015-09-14,5.49000,5.49000,5.39000,5.39000,16000
2424,2015-09-11,5.43000,5.47000,5.43000,5.45000,8500
2425,2015-09-10,5.46000,5.46000,5.43000,5.46000,4800
2426,2015-09-09,5.51000,5.51000,5.44000,5.44000,5400
2427,2015-09-08,5.50000,5.50000,5.40000,5.46000,7200
2428,2015-09-04,5.40000,5.47000,5.40000,5.45000,10700
2429,2015-09-03,5.43000,5.49000,5.43000,5.47000,9100
2430,2015-09-02,5.45000,5.45000,5.40000,5.40000,8100
2431,2015-09-01,5.42000,5.47000,5.33000,5.40000,29100
2432,2015-08-31,5.46000,5.50000,5.38000,5.47000,29900
2433,2015-08-28,5.40000,5.42000,5.37000,5.42000,18800
2434,2015-08-27,5.39000,5.39000,5.34000,5.39000,11700
2435,2015-08-26,5.32000,5.32000,5.20000,5.29000,17700
2436,2015-08-25,5.30000,5.32000,5.25000,5.27000,10900
2437,2015-08-24,5.44000,5.44000,5.25000,5.25000,19500
2438,2015-08-21,5.44000,5.47000,5.35000,5.41000,22100
2439,2015-08-20,5.53000,5.53000,5.46000,5.46000,28700
2440,2015-08-19,5.58000,5.59000,5.54000,5.54000,11500
2441,2015-08-18,5.61000,5.61000,5.57000,5.60000,2100
2442,2015-08-17,5.65000,5.67000,5.63000,5.63000,18000
2443,2015-08-14,5.65000,5.69000,5.65000,5.69000,6500
2444,2015-08-13,5.64000,5.68000,5.63000,5.68000,17100
2445,2015-08-12,5.62000,5.65000,5.60000,5.64000,51500
2446,2015-08-11,5.74000,5.75000,5.68000,5.68000,16000
2447,2015-08-10,5.73000,5.75000,5.72000,5.75000,11100
2448,2015-08-07,5.76000,5.76000,5.70000,5.70000,19400
2449,2015-08-06,5.80000,5.80000,5.76000,5.79000,5800
2450,2015-08-05,5.79000,5.80000,5.78000,5.79000,13600
2451,2015-08-04,5.78000,5.80000,5.78000,5.78000,6200
2452,2015-08-03,5.80000,5.80000,5.76000,5.80000,20600
2453,2015-07-31,5.80000,5.80000,5.77000,5.80000,24300
2454,2015-07-30,5.76000,5.79000,5.73000,5.79000,24300
2455,2015-07-29,5.75000,5.80000,5.72000,5.80000,8800
2456,2015-07-28,5.77000,5.79000,5.73000,5.79000,10800
2457,2015-07-27,5.85000,5.85000,5.57000,5.72000,28600
2458,2015-07-24,5.81000,5.86000,5.81000,5.82000,4400
2459,2015-07-23,5.88000,5.88000,5.84000,5.85000,29900
2460,2015-07-22,5.93000,5.93000,5.86000,5.89000,6400
2461,2015-07-21,5.95000,5.96000,5.89000,5.92000,24200
2462,2015-07-20,5.99000,5.99000,5.88000,5.93000,26300
2463,2015-07-17,5.98000,6.00000,5.89000,5.93000,13900
2464,2015-07-16,5.90000,5.98000,5.89000,5.93000,30300
2465,2015-07-15,5.97000,6.00000,5.90000,5.90000,14300
2466,2015-07-14,6.00000,6.00000,5.96000,5.96000,8900
2467,2015-07-13,6.00000,6.06000,6.00000,6.02000,21600
2468,2015-07-10,6.05000,6.06000,6.03000,6.05000,6500
2469,2015-07-09,6.06000,6.06000,6.01000,6.02000,8000
2470,2015-07-08,6.02000,6.07000,5.99000,6.01000,12200
2471,2015-07-07,6.09000,6.11000,5.91000,6.11000,66300
2472,2015-07-06,6.07000,6.12000,6.04000,6.11000,13600
2473,2015-07-02,6.05000,6.11000,6.01000,6.10000,33800
2474,2015-07-01,6.13000,6.13000,6.04000,6.10000,28700
2475,2015-06-30,6.16000,6.16000,5.84000,6.11000,121200
2476,2015-06-29,6.06000,6.12000,5.94000,5.98000,27000
2477,2015-06-26,6.19000,6.20000,6.15000,6.16000,16500
2478,2015-06-25,6.20000,6.25000,6.16000,6.25000,57000
2479,2015-06-24,6.22000,6.22000,6.13000,6.18000,35800
2480,2015-06-23,6.13000,6.21000,6.11000,6.21000,25300
2481,2015-06-22,6.13000,6.19000,6.12000,6.17000,24600
2482,2015-06-19,6.16000,6.20000,6.15000,6.18000,18000
2483,2015-06-18,6.11000,6.16000,6.11000,6.16000,12800
2484,2015-06-17,6.15000,6.18000,6.11000,6.12000,57400
2485,2015-06-16,6.14000,6.22000,6.14000,6.21000,17000
2486,2015-06-15,6.15000,6.36000,6.15000,6.26000,21800
2487,2015-06-12,6.25000,6.25000,6.22000,6.25000,21800
2488,2015-06-11,6.20000,6.27000,6.20000,6.24000,8600
2489,2015-06-10,6.25000,6.26000,6.23000,6.23000,3300
2490,2015-06-09,6.26000,6.26000,6.22000,6.23000,1900
2491,2015-06-08,6.25000,6.30000,6.22000,6.22000,30400
2492,2015-06-05,6.33000,6.38000,6.31000,6.31000,13200
2493,2015-06-04,6.44000,6.44000,6.39000,6.39000,6400
2494,2015-06-03,6.45000,6.47000,6.37000,6.43000,7700
2495,2015-06-02,6.34000,6.47000,6.34000,6.47000,13300
2496,2015-06-01,6.42000,6.49000,6.41000,6.42000,30900
2497,2015-05-29,6.47000,6.49000,6.46000,6.48000,13200
2498,2015-05-28,6.48000,6.48000,6.41000,6.45000,12600
2499,2015-05-27,6.49000,6.50000,6.47000,6.47000,3100
2500,2015-05-26,6.43000,6.50000,6.43000,6.50000,19800
2501,2015-05-22,6.49000,6.50000,6.46000,6.48000,6300
2502,2015-05-21,6.49000,6.50000,6.48000,6.49000,5100
2503,2015-05-20,6.49000,6.51000,6.47000,6.48000,10300
2504,2015-05-19,6.52000,6.56000,6.44000,6.47000,9400
2505,2015-05-18,6.53000,6.55000,6.49000,6.55000,14900
2506,2015-05-15,6.50000,6.55000,6.50000,6.55000,6200
2507,2015-05-14,6.50000,6.51000,6.49000,6.49000,4000
2508,2015-05-13,6.52000,6.52000,6.50000,6.51000,5500
2509,2015-05-12,6.55000,6.55000,6.50000,6.50000,15500
2510,2015-05-11,6.53000,6.58000,6.53000,6.58000,12300
2511,2015-05-08,6.58000,6.58000,6.54000,6.54000,4600
2512,2015-05-07,6.55000,6.57000,6.54000,6.57000,13700
2513,2015-05-06,6.55000,6.55000,6.52000,6.54000,11900
2514,2015-05-05,6.55000,6.55000,6.51000,6.53000,10700
2515,2015-05-04,6.59000,6.59000,6.53000,6.53000,8900
2516,2015-05-01,6.55000,6.57000,6.52000,6.57000,17300
2517,2015-04-30,6.53000,6.56000,6.51000,6.52000,10400
2518,2015-04-29,6.51000,6.55000,6.51000,6.52000,16500
2519,2015-04-28,6.51000,6.55000,6.51000,6.53000,11700
2520,2015-04-27,6.46000,6.55000,6.46000,6.52000,35300
2521,2015-04-24,6.54000,6.56000,6.51000,6.52000,26100
2522,2015-04-23,6.56000,6.57000,6.50000,6.53000,16500
2523,2015-04-22,6.50000,6.54000,6.50000,6.53000,16300
2524,2015-04-21,6.52000,6.57000,6.45000,6.56000,40400
2525,2015-04-20,6.56000,6.61000,6.56000,6.58000,11200
2526,2015-04-17,6.57000,6.59000,6.55000,6.56000,17200
2527,2015-04-16,6.57000,6.60000,6.57000,6.59000,4100
2528,2015-04-15,6.60000,6.60000,6.58000,6.60000,5800
2529,2015-04-14,6.54000,6.60000,6.54000,6.60000,11800
2530,2015-04-13,6.63000,6.65000,6.63000,6.65000,28300
2531,2015-04-10,6.57000,6.62000,6.57000,6.61000,7700
2532,2015-04-09,6.62000,6.63000,6.50000,6.60000,23000
2533,2015-04-08,6.59000,6.61000,6.59000,6.60000,9300
2534,2015-04-07,6.55000,6.59000,6.53000,6.59000,13100
2535,2015-04-06,6.51000,6.55000,6.50000,6.55000,48200
2536,2015-04-02,6.64000,6.64000,6.55000,6.55000,17000
2537,2015-04-01,6.62000,6.64000,6.54000,6.54000,30000
2538,2015-03-31,6.67000,6.67000,6.60000,6.60000,12600
2539,2015-03-30,6.61000,6.67000,6.61000,6.61000,9300
2540,2015-03-27,6.67000,6.69000,6.66000,6.67000,2200
2541,2015-03-26,6.65000,6.74000,6.64000,6.74000,5600
2542,2015-03-25,6.65000,6.65000,6.62000,6.63000,12100
2543,2015-03-24,6.72000,6.73000,6.69000,6.72000,7100
2544,2015-03-23,6.61000,6.74000,6.61000,6.71000,15700
2545,2015-03-20,6.80000,6.80000,6.56000,6.64000,79000
2546,2015-03-19,6.80000,6.87000,6.80000,6.80000,6100
2547,2015-03-18,6.84000,6.86000,6.80000,6.81000,8500
2548,2015-03-17,6.88000,6.88000,6.82000,6.82000,17300
2549,2015-03-16,6.92000,6.94000,6.90000,6.92000,14000
2550,2015-03-13,6.95000,6.95000,6.95000,6.95000,0
2551,2015-03-12,6.95000,6.95000,6.94000,6.95000,6600
2552,2015-03-11,6.95000,6.99000,6.92000,6.96000,5000
2553,2015-03-10,6.91000,6.96000,6.91000,6.92000,5100
2554,2015-03-09,7.01000,7.04000,6.93000,6.95000,18600
2555,2015-03-06,7.03000,7.03000,6.95000,6.96000,4600
2556,2015-03-06,7.03000,7.03000,6.95000,6.96000,4600
2557,2015-03-05,6.95000,7.02000,6.95000,7.02000,6100
2558,2015-03-05,6.95000,7.02000,6.95000,7.02000,6100
2559,2015-03-04,6.92000,6.98000,6.92000,6.97000,9700
2560,2015-03-04,6.92000,6.98000,6.92000,6.97000,9700
2561,2015-03-03,6.99000,7.00000,6.95000,6.96000,4800
2562,2015-03-03,6.99000,7.00000,6.95000,6.96000,4800
2563,2015-03-02,7.00000,7.03000,6.91000,6.95000,20700
2564,2015-03-02,7.00000,7.03000,6.91000,6.95000,20700
2565,2015-02-27,7.00000,7.03000,6.96000,6.96000,8500
2566,2015-02-27,7.00000,7.03000,6.96000,6.96000,8500
2567,2015-02-26,6.98000,6.99000,6.92000,6.96000,31500
2568,2015-02-26,6.98000,6.99000,6.92000,6.96000,31500
2569,2015-02-25,6.90000,6.98000,6.90000,6.98000,4700
2570,2015-02-25,6.90000,6.98000,6.90000,6.98000,4700
2571,2015-02-24,6.90000,6.98000,6.88000,6.95000,19700
2572,2015-02-24,6.90000,6.98000,6.88000,6.95000,19700
2573,2015-02-23,6.92000,6.93000,6.85000,6.85000,51800
2574,2015-02-23,6.92000,6.93000,6.85000,6.85000,51800
2575,2015-02-20,7.03000,7.03000,6.94000,6.94000,23500
2576,2015-02-20,7.03000,7.03000,6.94000,6.94000,23500
2577,2015-02-19,7.09000,7.12000,6.98000,7.00000,19900
2578,2015-02-19,7.09000,7.12000,6.98000,7.00000,19900
2579,2015-02-18,7.07000,7.15000,7.05000,7.05000,22500
2580,2015-02-18,7.07000,7.15000,7.05000,7.05000,22500
2581,2015-02-17,7.17000,7.17000,7.07000,7.08000,4100
2582,2015-02-17,7.17000,7.17000,7.07000,7.08000,4100
2583,2015-02-13,7.19000,7.21000,7.17000,7.21000,4000
2584,2015-02-13,7.19000,7.21000,7.17000,7.21000,4000
2585,2015-02-12,7.15000,7.16000,7.14000,7.16000,7100
2586,2015-02-12,7.15000,7.16000,7.14000,7.16000,7100
2587,2015-02-11,7.13000,7.18000,7.06000,7.10000,23600
2588,2015-02-11,7.13000,7.18000,7.06000,7.10000,23600
2589,2015-02-10,7.19000,7.24000,7.19000,7.24000,7900
2590,2015-02-10,7.19000,7.24000,7.19000,7.24000,7900
2591,2015-02-09,7.20000,7.23000,7.13000,7.13000,7100
2592,2015-02-09,7.20000,7.23000,7.13000,7.13000,7100
2593,2015-02-06,7.15000,7.20000,7.09000,7.20000,19300
2594,2015-02-06,7.15000,7.20000,7.09000,7.20000,19300
2595,2015-02-05,7.09000,7.10000,7.06000,7.10000,4000
2596,2015-02-05,7.09000,7.10000,7.06000,7.10000,4000
2597,2015-02-04,7.09000,7.09000,7.02000,7.02000,10600
2598,2015-02-04,7.09000,7.09000,7.02000,7.02000,10600
2599,2015-02-03,7.05000,7.09000,7.02000,7.05000,15400
2600,2015-02-03,7.05000,7.09000,7.02000,7.05000,15400
2601,2015-02-02,7.05000,7.09000,7.05000,7.05000,4500
2602,2015-02-02,7.05000,7.09000,7.05000,7.05000,4500
2603,2015-01-30,7.08000,7.13000,7.03000,7.09000,8500
2604,2015-01-30,7.08000,7.13000,7.03000,7.09000,8500
2605,2015-01-29,7.02000,7.07000,6.96000,7.05000,5300
2606,2015-01-29,7.02000,7.07000,6.96000,7.05000,5300
2607,2015-01-28,7.06000,7.09000,7.01000,7.01000,10200
2608,2015-01-28,7.06000,7.09000,7.01000,7.01000,10200
2609,2015-01-27,7.10000,7.24000,7.05000,7.13000,17200
2610,2015-01-27,7.10000,7.24000,7.05000,7.13000,17200
2611,2015-01-26,7.15000,7.18000,7.13000,7.13000,1900
2612,2015-01-26,7.15000,7.18000,7.13000,7.13000,1900
2613,2015-01-23,7.22000,7.22000,7.18000,7.20000,10900
2614,2015-01-23,7.22000,7.22000,7.18000,7.20000,10900
2615,2015-01-22,7.21000,7.22000,7.17000,7.21000,14200
2616,2015-01-22,7.21000,7.22000,7.17000,7.21000,14200
2617,2015-01-21,6.95000,7.18000,6.95000,7.14000,20800
2618,2015-01-21,6.95000,7.18000,6.95000,7.14000,20800
2619,2015-01-20,6.90000,6.94000,6.87000,6.90000,11700
2620,2015-01-20,6.90000,6.94000,6.87000,6.90000,11700
2621,2015-01-16,6.94000,6.98000,6.85000,6.90000,22500
2622,2015-01-16,6.94000,6.98000,6.85000,6.90000,22500
2623,2015-01-15,7.13000,7.13000,6.98000,7.03000,33100
2624,2015-01-15,7.13000,7.13000,6.98000,7.03000,33100
2625,2015-01-14,7.33000,7.33000,7.16000,7.17000,17300
2626,2015-01-14,7.33000,7.33000,7.16000,7.17000,17300
2627,2015-01-13,7.21000,7.50000,7.19000,7.50000,14300
2628,2015-01-13,7.21000,7.50000,7.19000,7.50000,14300
2629,2015-01-12,7.28000,7.36000,7.20000,7.36000,13800
2630,2015-01-12,7.28000,7.36000,7.20000,7.36000,13800
2631,2015-01-09,7.21000,7.28000,7.21000,7.28000,6100
2632,2015-01-09,7.21000,7.28000,7.21000,7.28000,6100
2633,2015-01-08,7.20000,7.25000,7.18000,7.25000,11900
2634,2015-01-08,7.20000,7.25000,7.18000,7.25000,11900
2635,2015-01-07,7.15000,7.22000,7.12000,7.21000,13300
2636,2015-01-07,7.15000,7.22000,7.12000,7.21000,13300
2637,2015-01-06,7.19000,7.20000,7.11000,7.15000,5700
2638,2015-01-06,7.19000,7.20000,7.11000,7.15000,5700
2639,2015-01-05,7.25000,7.25000,7.10000,7.11000,11300
2640,2015-01-05,7.25000,7.25000,7.10000,7.11000,11300
2641,2015-01-02,7.32000,7.35000,7.21000,7.23000,18300
2642,2015-01-02,7.32000,7.35000,7.21000,7.23000,18300
2643,2014-12-31,7.19000,7.35000,7.16000,7.27000,22200
2644,2014-12-31,7.19000,7.35000,7.16000,7.27000,22200
2645,2014-12-30,7.24000,7.33000,7.15000,7.15000,43800
2646,2014-12-30,7.24000,7.33000,7.15000,7.15000,43800
2647,2014-12-29,7.29000,7.29000,7.13000,7.19000,29600
2648,2014-12-29,7.29000,7.29000,7.13000,7.19000,29600
2649,2014-12-26,7.20000,7.33000,7.18000,7.28000,30700
2650,2014-12-26,7.20000,7.33000,7.18000,7.28000,30700
2651,2014-12-24,7.19000,7.20000,7.10000,7.18000,3200
2652,2014-12-24,7.19000,7.20000,7.10000,7.18000,3200
2653,2014-12-23,7.11000,7.20000,7.05000,7.18000,12700
2654,2014-12-23,7.11000,7.20000,7.05000,7.18000,12700
2655,2014-12-22,7.05000,7.14000,7.05000,7.09000,6800
2656,2014-12-22,7.05000,7.14000,7.05000,7.09000,6800
2657,2014-12-19,6.85000,7.04000,6.82000,7.01000,28300
2658,2014-12-19,6.85000,7.04000,6.82000,7.01000,28300
2659,2014-12-18,6.90000,6.90000,6.74000,6.84000,86500
2660,2014-12-18,6.90000,6.90000,6.74000,6.84000,86500
2661,2014-12-17,7.10000,7.18000,6.81000,6.93000,45100
2662,2014-12-17,7.10000,7.18000,6.81000,6.93000,45100
2663,2014-12-16,7.20000,7.27000,7.04000,7.05000,31700
2664,2014-12-16,7.20000,7.27000,7.04000,7.05000,31700
2665,2014-12-15,7.46000,7.46000,7.22000,7.22000,15300
2666,2014-12-15,7.46000,7.46000,7.22000,7.22000,15300
2667,2014-12-12,7.44000,7.46000,7.41000,7.41000,12000
2668,2014-12-12,7.44000,7.46000,7.41000,7.41000,12000
2669,2014-12-11,7.47000,7.59000,7.43000,7.43000,13200
2670,2014-12-11,7.47000,7.59000,7.43000,7.43000,13200
2671,2014-12-10,7.50000,7.54000,7.46000,7.50000,4700
2672,2014-12-10,7.50000,7.54000,7.46000,7.50000,4700
2673,2014-12-09,7.50000,7.55000,7.44000,7.47000,13900
2674,2014-12-09,7.50000,7.55000,7.44000,7.47000,13900
2675,2014-12-08,7.52000,7.55000,7.50000,7.51000,1500
2676,2014-12-08,7.52000,7.55000,7.50000,7.51000,1500
2677,2014-12-05,7.40000,7.55000,7.40000,7.53000,9000
2678,2014-12-05,7.40000,7.55000,7.40000,7.53000,9000
2679,2014-12-04,7.50000,7.57000,7.42000,7.45000,21200
2680,2014-12-04,7.50000,7.57000,7.42000,7.45000,21200
2681,2014-12-03,7.51000,7.60000,7.50000,7.55000,5600
2682,2014-12-03,7.51000,7.60000,7.50000,7.55000,5600
2683,2014-12-02,7.54000,7.62000,7.50000,7.50000,25000
2684,2014-12-02,7.54000,7.62000,7.50000,7.50000,25000
2685,2014-12-01,7.60000,7.64000,7.56000,7.61000,26600
2686,2014-12-01,7.60000,7.64000,7.56000,7.61000,26600
2687,2014-11-28,7.69000,7.69000,7.55000,7.56000,18800
2688,2014-11-28,7.69000,7.69000,7.55000,7.56000,18800
2689,2014-11-26,7.63000,7.65000,7.54000,7.65000,19100
2690,2014-11-26,7.63000,7.65000,7.54000,7.65000,19100
2691,2014-11-25,7.63000,7.64000,7.51000,7.64000,21600
2692,2014-11-25,7.63000,7.64000,7.51000,7.64000,21600
2693,2014-11-24,7.64000,7.69000,7.45000,7.60000,19500
2694,2014-11-24,7.64000,7.69000,7.45000,7.60000,19500
2695,2014-11-21,7.52000,7.55000,7.50000,7.55000,2400
2696,2014-11-21,7.52000,7.55000,7.50000,7.55000,2400
2697,2014-11-20,7.44000,7.50000,7.44000,7.50000,11500
2698,2014-11-20,7.44000,7.50000,7.44000,7.50000,11500
2699,2014-11-19,7.52000,7.52000,7.47000,7.49000,8600
2700,2014-11-19,7.52000,7.52000,7.47000,7.49000,8600
2701,2014-11-18,7.59000,7.59000,7.50000,7.56000,3200
2702,2014-11-18,7.59000,7.59000,7.50000,7.56000,3200
2703,2014-11-17,7.60000,7.63000,7.59000,7.62000,5200
2704,2014-11-17,7.60000,7.63000,7.59000,7.62000,5200
2705,2014-11-14,7.46000,7.57000,7.46000,7.57000,13400
2706,2014-11-14,7.46000,7.57000,7.46000,7.57000,13400
2707,2014-11-13,7.47000,7.47000,7.43000,7.46000,9200
2708,2014-11-13,7.47000,7.47000,7.43000,7.46000,9200
2709,2014-11-12,7.41000,7.47000,7.35000,7.45000,14200
2710,2014-11-12,7.41000,7.47000,7.35000,7.45000,14200
2711,2014-11-11,7.40000,7.47000,7.35000,7.38000,20200
2712,2014-11-11,7.40000,7.47000,7.35000,7.38000,20200
2713,2014-11-10,7.48000,7.49000,7.43000,7.46000,9300
2714,2014-11-10,7.48000,7.49000,7.43000,7.46000,9300
2715,2014-11-07,7.52000,7.53000,7.32000,7.42000,31200
2716,2014-11-07,7.52000,7.53000,7.32000,7.42000,31200
2717,2014-11-06,7.53000,7.64000,7.52000,7.52000,10600
2718,2014-11-06,7.53000,7.64000,7.52000,7.52000,10600
2719,2014-11-05,7.58000,7.60000,7.53000,7.53000,12000
2720,2014-11-05,7.58000,7.60000,7.53000,7.53000,12000
2721,2014-11-04,7.55000,7.66000,7.52000,7.53000,23000
2722,2014-11-04,7.55000,7.66000,7.52000,7.53000,23000
2723,2014-11-03,7.70000,7.70000,7.53000,7.54000,24700
2724,2014-11-03,7.70000,7.70000,7.53000,7.54000,24700
2725,2014-10-31,7.73000,7.73000,7.55000,7.59000,10500
2726,2014-10-30,7.77000,7.77000,7.49000,7.61000,13400
2727,2014-10-29,7.63000,7.63000,7.50000,7.63000,7500
2728,2014-10-28,7.63000,7.69000,7.52000,7.63000,14000
2729,2014-10-27,7.66000,7.72000,7.51000,7.58000,8400
2730,2014-10-24,7.73000,7.73000,7.58000,7.66000,4600
2731,2014-10-23,7.62000,7.78000,7.62000,7.70000,29600
2732,2014-10-22,7.57000,7.62000,7.55000,7.59000,8300
2733,2014-10-21,7.35000,7.52000,7.29000,7.52000,17200
2734,2014-10-20,7.24000,7.37000,7.24000,7.33000,43400
2735,2014-10-17,7.41000,7.53000,7.41000,7.45000,6200
2736,2014-10-16,7.28000,7.40000,7.25000,7.40000,19300
2737,2014-10-15,7.51000,7.55000,7.10000,7.44000,41900
2738,2014-10-14,7.64000,7.68000,7.43000,7.61000,18600
2739,2014-10-13,7.89000,7.89000,7.68000,7.68000,25400
2740,2014-10-10,7.80000,7.90000,7.73000,7.89000,18700
2741,2014-10-09,7.76000,7.80000,7.75000,7.76000,8800
2742,2014-10-08,7.79000,7.85000,7.75000,7.77000,13700
2743,2014-10-07,7.90000,7.90000,7.71000,7.78000,15200
2744,2014-10-06,7.70000,7.75000,7.69000,7.72000,17700
2745,2014-10-03,7.70000,7.75000,7.65000,7.69000,16800
2746,2014-10-02,7.67000,7.73000,7.61000,7.61000,10100
2747,2014-10-01,7.64000,7.68000,7.61000,7.65000,12200
2748,2014-09-30,7.65000,7.68000,7.60000,7.60000,12700
2749,2014-09-29,7.64000,7.64000,7.61000,7.63000,2000
2750,2014-09-26,7.60000,7.65000,7.60000,7.65000,3300
2751,2014-09-25,7.65000,7.65000,7.59000,7.62000,17800
2752,2014-09-24,7.62000,7.64000,7.60000,7.62000,7900
2753,2014-09-23,7.62000,7.65000,7.60000,7.64000,5100
2754,2014-09-22,7.63000,7.64000,7.58000,7.58000,10400
2755,2014-09-19,7.60000,7.64000,7.58000,7.58000,7500
2756,2014-09-18,7.71000,7.71000,7.62000,7.63000,10100
2757,2014-09-17,7.69000,7.69000,7.65000,7.67000,2000
2758,2014-09-16,7.58000,7.71000,7.58000,7.69000,14000
2759,2014-09-15,7.71000,7.73000,7.69000,7.69000,7200
2760,2014-09-12,7.68000,7.74000,7.68000,7.68000,17900
2761,2014-09-11,7.69000,7.70000,7.66000,7.68000,14700
2762,2014-09-10,7.70000,7.75000,7.67000,7.67000,18600
2763,2014-09-09,7.69000,7.75000,7.66000,7.75000,18200
2764,2014-09-08,7.70000,7.71000,7.69000,7.69000,1200
2765,2014-09-05,7.59000,7.71000,7.59000,7.69000,19500
2766,2014-09-04,7.69000,7.70000,7.63000,7.63000,3700
2767,2014-09-03,7.69000,7.69000,7.64000,7.68000,4900
2768,2014-09-02,7.63000,7.69000,7.63000,7.66000,16500
2769,2014-08-29,7.68000,7.68000,7.59000,7.63000,9000
2770,2014-08-28,7.62000,7.66000,7.59000,7.65000,10600
2771,2014-08-27,7.63000,7.68000,7.63000,7.65000,3800
2772,2014-08-26,7.63000,7.70000,7.61000,7.62000,17400
2773,2014-08-25,7.61000,7.66000,7.59000,7.59000,27600
2774,2014-08-22,7.64000,7.66000,7.62000,7.65000,10800
2775,2014-08-21,7.64000,7.65000,7.63000,7.65000,7800
2776,2014-08-20,7.64000,7.73000,7.62000,7.63000,12900
2777,2014-08-19,7.65000,7.65000,7.52000,7.62000,18600
2778,2014-08-18,7.70000,7.71000,7.69000,7.70000,6200
2779,2014-08-15,7.70000,7.71000,7.65000,7.70000,13800
2780,2014-08-14,7.55000,7.67000,7.55000,7.66000,15700
2781,2014-08-13,7.60000,7.64000,7.59000,7.59000,31000
2782,2014-08-12,7.70000,7.71000,7.53000,7.61000,15300
2783,2014-08-11,7.76000,7.78000,7.59000,7.71000,12300
2784,2014-08-08,7.64000,7.66000,7.63000,7.63000,2400
2785,2014-08-07,7.73000,7.77000,7.63000,7.63000,14200
2786,2014-08-06,7.55000,7.77000,7.54000,7.66000,35700
2787,2014-08-05,7.65000,7.65000,7.50000,7.50000,35100
2788,2014-08-04,7.63000,7.67000,7.60000,7.65000,15000
2789,2014-08-01,7.63000,7.71000,7.61000,7.63000,6200
2790,2014-07-31,7.77000,7.77000,7.64000,7.64000,26600
2791,2014-07-30,7.80000,7.82000,7.76000,7.77000,8300
2792,2014-07-29,7.85000,7.85000,7.80000,7.83000,4000
2793,2014-07-28,7.75000,7.79000,7.75000,7.76000,7900
2794,2014-07-25,7.75000,7.77000,7.71000,7.76000,4400
2795,2014-07-24,7.85000,7.85000,7.71000,7.72000,33200
2796,2014-07-23,7.72000,7.84000,7.71000,7.84000,25800
2797,2014-07-22,7.73000,7.74000,7.70000,7.73000,13500
2798,2014-07-21,7.77000,7.77000,7.70000,7.71000,15900
2799,2014-07-18,7.74000,7.76000,7.70000,7.72000,4300
2800,2014-07-17,7.73000,7.77000,7.68000,7.74000,22500
2801,2014-07-16,7.76000,7.76000,7.71000,7.71000,9500
2802,2014-07-15,7.74000,7.79000,7.68000,7.79000,27200
2803,2014-07-14,7.70000,7.78000,7.69000,7.78000,10200
2804,2014-07-11,7.71000,7.73000,7.66000,7.68000,25200
2805,2014-07-10,7.79000,7.80000,7.74000,7.78000,8000
2806,2014-07-09,7.76000,7.76000,7.67000,7.75000,8800
2807,2014-07-08,7.78000,7.78000,7.75000,7.78000,6600
2808,2014-07-07,7.75000,7.76000,7.72000,7.74000,18000
2809,2014-07-03,7.70000,7.72000,7.68000,7.70000,7500
2810,2014-07-02,7.75000,7.76000,7.73000,7.73000,16100
2811,2014-07-01,7.75000,7.76000,7.71000,7.72000,5300
2812,2014-06-30,7.75000,7.76000,7.67000,7.71000,12700
2813,2014-06-27,7.74000,7.74000,7.70000,7.70000,13600
2814,2014-06-26,7.72000,7.75000,7.72000,7.74000,6800
2815,2014-06-25,7.77000,7.79000,7.70000,7.71000,12600
2816,2014-06-24,7.76000,7.79000,7.71000,7.73000,20300
2817,2014-06-23,7.67000,7.75000,7.59000,7.73000,25700
2818,2014-06-20,7.78000,7.78000,7.72000,7.76000,7000
2819,2014-06-19,7.73000,7.75000,7.71000,7.71000,14300
2820,2014-06-18,7.69000,7.76000,7.68000,7.69000,28500
2821,2014-06-17,7.76000,7.82000,7.68000,7.69000,13600
2822,2014-06-16,7.75000,7.80000,7.75000,7.78000,27400
2823,2014-06-13,7.79000,7.84000,7.77000,7.78000,11900
2824,2014-06-12,7.94000,7.94000,7.72000,7.75000,16000
2825,2014-06-11,7.81000,7.95000,7.77000,7.88000,23000
2826,2014-06-10,7.75000,7.79000,7.72000,7.78000,14800
2827,2014-06-09,7.78000,7.83000,7.75000,7.79000,16000
2828,2014-06-06,7.77000,7.78000,7.68000,7.73000,19100
2829,2014-06-05,7.79000,7.80000,7.71000,7.76000,17100
2830,2014-06-04,7.74000,7.75000,7.65000,7.73000,17500
2831,2014-06-03,7.57000,7.75000,7.57000,7.70000,32900
2832,2014-06-02,7.86000,7.94000,7.44000,7.51000,152700
2833,2014-05-30,7.95000,8.13000,7.86000,7.88000,48900
2834,2014-05-29,7.81000,8.02000,7.75000,7.90000,74600
2835,2014-05-28,7.76000,7.80000,7.74000,7.77000,1700
2836,2014-05-27,7.77000,7.83000,7.71000,7.75000,32700
2837,2014-05-23,7.67000,7.73000,7.66000,7.71000,2600
2838,2014-05-22,7.66000,7.73000,7.66000,7.66000,15300
2839,2014-05-21,7.68000,7.69000,7.65000,7.66000,3800
2840,2014-05-20,7.73000,7.74000,7.63000,7.66000,17500
2841,2014-05-19,7.70000,7.71000,7.68000,7.68000,12600
2842,2014-05-16,7.66000,7.71000,7.66000,7.68000,2600
2843,2014-05-15,7.67000,7.75000,7.67000,7.68000,1300
2844,2014-05-14,7.67000,7.74000,7.67000,7.68000,7600
2845,2014-05-13,7.69000,7.70000,7.57000,7.63000,15400
2846,2014-05-12,7.79000,7.79000,7.73000,7.74000,17700
2847,2014-05-09,7.72000,7.82000,7.68000,7.72000,7700
2848,2014-05-08,7.70000,7.76000,7.70000,7.71000,14200
2849,2014-05-07,7.59000,7.70000,7.58000,7.66000,14100
2850,2014-05-06,7.61000,7.67000,7.59000,7.59000,65400
2851,2014-05-05,7.69000,7.75000,7.63000,7.74000,25500
2852,2014-05-02,7.66000,7.68000,7.57000,7.65000,8100
2853,2014-05-01,7.60000,7.67000,7.56000,7.57000,20300
2854,2014-04-30,7.61000,7.64000,7.57000,7.62000,7300
2855,2014-04-29,7.56000,7.67000,7.55000,7.56000,16700
2856,2014-04-28,7.70000,7.78000,7.58000,7.60000,49300
2857,2014-04-25,7.75000,7.85000,7.67000,7.70000,21900
2858,2014-04-24,7.67000,7.77000,7.67000,7.74000,47200
2859,2014-04-23,7.61000,8.29000,7.60000,7.66000,23000
2860,2014-04-22,7.57000,7.60000,7.55000,7.58000,17200
2861,2014-04-21,7.59000,7.64000,7.55000,7.58000,40700
2862,2014-04-17,7.47000,7.56000,7.46000,7.54000,26500
2863,2014-04-16,7.53000,7.55000,7.45000,7.50000,39700
2864,2014-04-15,7.49000,7.63000,7.47000,7.56000,22100
2865,2014-04-14,7.70000,7.70000,7.59000,7.59000,34000
2866,2014-04-11,7.55000,7.68000,7.55000,7.60000,36700
2867,2014-04-10,7.58000,7.61000,7.56000,7.59000,15700
2868,2014-04-09,7.55000,7.59000,7.51000,7.59000,24400
2869,2014-04-08,7.58000,7.58000,7.50000,7.57000,52200
2870,2014-04-07,7.52000,7.62000,7.46000,7.59000,45200
2871,2014-04-04,7.55000,7.57000,7.46000,7.50000,75700
2872,2014-04-03,7.55000,7.67000,7.55000,7.59000,56800
2873,2014-04-02,7.50000,7.55000,7.48000,7.54000,36500
2874,2014-04-01,7.52000,7.52000,7.48000,7.48000,8900
2875,2014-03-31,7.49000,7.49000,7.46000,7.47000,10200
2876,2014-03-28,7.48000,7.50000,7.37000,7.41000,42700
2877,2014-03-27,7.50000,7.50000,7.38000,7.43000,10800
2878,2014-03-26,7.48000,7.55000,7.46000,7.51000,17100
2879,2014-03-25,7.50000,7.55000,7.47000,7.48000,12900
2880,2014-03-24,7.41000,7.53000,7.40000,7.47000,49000
2881,2014-03-21,7.31000,7.48000,7.31000,7.39000,35100
2882,2014-03-20,7.37000,7.47000,7.30000,7.35000,43500
2883,2014-03-19,7.38000,7.49000,7.38000,7.44000,39400
2884,2014-03-18,7.30000,7.43000,7.30000,7.37000,36700
2885,2014-03-17,7.32000,7.39000,7.32000,7.38000,6400
2886,2014-03-14,7.35000,7.35000,7.28000,7.31000,23200
2887,2014-03-13,7.30000,7.41000,7.28000,7.33000,54000
2888,2014-03-12,7.28000,7.33000,7.25000,7.31000,36300
2889,2014-03-11,7.32000,7.32000,7.29000,7.29000,2300
2890,2014-03-10,7.34000,7.34000,7.25000,7.25000,22800
2891,2014-03-07,7.43000,7.50000,7.26000,7.28000,28600
2892,2014-03-07,7.43000,7.50000,7.26000,7.28000,28600
2893,2014-03-06,7.41000,7.49000,7.37000,7.40000,9500
2894,2014-03-06,7.41000,7.49000,7.37000,7.40000,9500
2895,2014-03-05,7.36000,7.43000,7.36000,7.37000,7200
2896,2014-03-05,7.36000,7.43000,7.36000,7.37000,7200
2897,2014-03-04,7.47000,7.47000,7.37000,7.39000,19100
2898,2014-03-04,7.47000,7.47000,7.37000,7.39000,19100
2899,2014-03-03,7.41000,7.42000,7.35000,7.40000,13200
2900,2014-03-03,7.41000,7.42000,7.35000,7.40000,13200
2901,2014-02-28,7.44000,7.48000,7.36000,7.36000,17700
2902,2014-02-28,7.44000,7.48000,7.36000,7.36000,17700
2903,2014-02-27,7.41000,7.48000,7.36000,7.36000,15400
2904,2014-02-27,7.41000,7.48000,7.36000,7.36000,15400
2905,2014-02-26,7.41000,7.50000,7.37000,7.40000,12700
2906,2014-02-26,7.41000,7.50000,7.37000,7.40000,12700
2907,2014-02-25,7.25000,7.56000,7.25000,7.42000,54500
2908,2014-02-25,7.25000,7.56000,7.25000,7.42000,54500
2909,2014-02-24,7.26000,7.31000,7.23000,7.31000,11000
2910,2014-02-24,7.26000,7.31000,7.23000,7.31000,11000
2911,2014-02-21,7.32000,7.32000,7.24000,7.27000,8700
2912,2014-02-21,7.32000,7.32000,7.24000,7.27000,8700
2913,2014-02-20,7.20000,7.29000,7.15000,7.24000,22000
2914,2014-02-20,7.20000,7.29000,7.15000,7.24000,22000
2915,2014-02-19,7.35000,7.35000,7.19000,7.21000,13700
2916,2014-02-19,7.35000,7.35000,7.19000,7.21000,13700
2917,2014-02-18,7.37000,7.37000,7.22000,7.27000,27500
2918,2014-02-18,7.37000,7.37000,7.22000,7.27000,27500
2919,2014-02-14,7.19000,8.02000,7.18000,7.44000,33500
2920,2014-02-14,7.19000,8.02000,7.18000,7.44000,33500
2921,2014-02-13,7.19000,7.19000,7.18000,7.19000,13400
2922,2014-02-13,7.19000,7.19000,7.18000,7.19000,13400
2923,2014-02-12,7.19000,7.19000,7.17000,7.18000,9300
2924,2014-02-12,7.19000,7.19000,7.17000,7.18000,9300
2925,2014-02-11,7.18000,7.19000,7.15000,7.16000,10200
2926,2014-02-11,7.18000,7.19000,7.15000,7.16000,10200
2927,2014-02-10,7.17000,7.18000,7.15000,7.18000,21100
2928,2014-02-10,7.17000,7.18000,7.15000,7.18000,21100
2929,2014-02-07,7.10000,7.16000,7.10000,7.13000,9300
2930,2014-02-07,7.10000,7.16000,7.10000,7.13000,9300
2931,2014-02-06,7.13000,7.13000,7.08000,7.10000,8600
2932,2014-02-06,7.13000,7.13000,7.08000,7.10000,8600
2933,2014-02-05,7.12000,7.14000,7.06000,7.09000,4200
2934,2014-02-05,7.12000,7.14000,7.06000,7.09000,4200
2935,2014-02-04,7.09000,7.15000,7.08000,7.08000,11900
2936,2014-02-04,7.09000,7.15000,7.08000,7.08000,11900
2937,2014-02-03,7.15000,7.17000,7.08000,7.09000,23200
2938,2014-02-03,7.15000,7.17000,7.08000,7.09000,23200
2939,2014-01-31,7.12000,7.15000,7.06000,7.11000,12800
2940,2014-01-31,7.12000,7.15000,7.06000,7.11000,12800
2941,2014-01-30,7.08000,7.12000,6.99000,7.10000,32800
2942,2014-01-30,7.08000,7.12000,6.99000,7.10000,32800
2943,2014-01-29,7.08000,7.08000,7.04000,7.05000,1400
2944,2014-01-29,7.08000,7.08000,7.04000,7.05000,1400
2945,2014-01-28,7.12000,7.12000,7.05000,7.07000,13800
2946,2014-01-28,7.12000,7.12000,7.05000,7.07000,13800
2947,2014-01-27,7.07000,7.10000,7.07000,7.08000,19600
2948,2014-01-27,7.07000,7.10000,7.07000,7.08000,19600
2949,2014-01-24,7.07000,7.13000,7.07000,7.08000,16300
2950,2014-01-24,7.07000,7.13000,7.07000,7.08000,16300
2951,2014-01-23,7.12000,7.14000,7.09000,7.14000,46800
2952,2014-01-23,7.12000,7.14000,7.09000,7.14000,46800
2953,2014-01-22,7.12000,7.14000,7.09000,7.09000,15400
2954,2014-01-22,7.12000,7.14000,7.09000,7.09000,15400
2955,2014-01-21,7.11000,7.13000,7.10000,7.11000,11700
2956,2014-01-21,7.11000,7.13000,7.10000,7.11000,11700
2957,2014-01-17,7.12000,7.14000,7.10000,7.13000,18400
2958,2014-01-17,7.12000,7.14000,7.10000,7.13000,18400
2959,2014-01-16,7.11000,7.12000,7.11000,7.12000,6200
2960,2014-01-16,7.11000,7.12000,7.11000,7.12000,6200
2961,2014-01-15,7.10000,7.12000,7.08000,7.11000,14600
2962,2014-01-15,7.10000,7.12000,7.08000,7.11000,14600
2963,2014-01-14,7.14000,7.14000,7.02000,7.09000,44200
2964,2014-01-14,7.14000,7.14000,7.02000,7.09000,44200
2965,2014-01-13,7.14000,7.18000,7.13000,7.16000,27000
2966,2014-01-13,7.14000,7.18000,7.13000,7.16000,27000
2967,2014-01-10,7.15000,7.15000,7.10000,7.11000,6100
2968,2014-01-10,7.15000,7.15000,7.10000,7.11000,6100
2969,2014-01-09,7.18000,7.18000,7.14000,7.14000,4000
2970,2014-01-09,7.18000,7.18000,7.14000,7.14000,4000
2971,2014-01-08,7.15000,7.18000,7.10000,7.15000,20200
2972,2014-01-08,7.15000,7.18000,7.10000,7.15000,20200
2973,2014-01-07,7.18000,7.18000,7.15000,7.15000,12600
2974,2014-01-07,7.18000,7.18000,7.15000,7.15000,12600
2975,2014-01-06,7.10000,7.16000,7.09000,7.15000,42800
2976,2014-01-06,7.10000,7.16000,7.09000,7.15000,42800
2977,2014-01-03,7.16000,7.16000,7.09000,7.10000,26700
2978,2014-01-03,7.16000,7.16000,7.09000,7.10000,26700
2979,2014-01-02,7.15000,7.15000,7.07000,7.11000,37400
2980,2014-01-02,7.15000,7.15000,7.07000,7.11000,37400
2981,2013-12-31,7.16000,7.16000,7.10000,7.11000,10000
2982,2013-12-31,7.16000,7.16000,7.10000,7.11000,10000
2983,2013-12-30,7.09000,7.13000,7.08000,7.13000,14400
2984,2013-12-30,7.09000,7.13000,7.08000,7.13000,14400
2985,2013-12-27,7.08000,7.13000,7.07000,7.09000,10100
2986,2013-12-27,7.08000,7.13000,7.07000,7.09000,10100
2987,2013-12-26,7.10000,7.12000,7.06000,7.07000,15200
2988,2013-12-26,7.10000,7.12000,7.06000,7.07000,15200
2989,2013-12-24,7.04000,7.10000,7.04000,7.09000,4900
2990,2013-12-24,7.04000,7.10000,7.04000,7.09000,4900
2991,2013-12-23,7.04000,7.10000,7.02000,7.07000,19500
2992,2013-12-23,7.04000,7.10000,7.02000,7.07000,19500
2993,2013-12-20,7.10000,7.10000,7.06000,7.06000,13700
2994,2013-12-20,7.10000,7.10000,7.06000,7.06000,13700
2995,2013-12-19,7.06000,7.14000,7.05000,7.07000,4700
2996,2013-12-19,7.06000,7.14000,7.05000,7.07000,4700
2997,2013-12-18,7.13000,7.14000,7.00000,7.05000,19500
2998,2013-12-18,7.13000,7.14000,7.00000,7.05000,19500
2999,2013-12-17,7.01000,7.14000,7.01000,7.12000,18600
3000,2013-12-17,7.01000,7.14000,7.01000,7.12000,18600
3001,2013-12-16,7.09000,7.14000,7.08000,7.11000,9400
3002,2013-12-16,7.09000,7.14000,7.08000,7.11000,9400
3003,2013-12-13,7.10000,7.14000,7.09000,7.12000,6300
3004,2013-12-13,7.10000,7.14000,7.09000,7.12000,6300
3005,2013-12-12,7.05000,7.09000,6.99000,7.09000,12100
3006,2013-12-12,7.05000,7.09000,6.99000,7.09000,12100
3007,2013-12-11,7.06000,7.12000,7.04000,7.10000,15000
3008,2013-12-11,7.06000,7.12000,7.04000,7.10000,15000
3009,2013-12-10,7.12000,7.16000,7.01000,7.09000,38100
3010,2013-12-10,7.12000,7.16000,7.01000,7.09000,38100
3011,2013-12-09,7.18000,7.24000,7.13000,7.19000,14500
3012,2013-12-09,7.18000,7.24000,7.13000,7.19000,14500
3013,2013-12-06,7.16000,7.18000,7.12000,7.16000,29200
3014,2013-12-06,7.16000,7.18000,7.12000,7.16000,29200
3015,2013-12-05,7.18000,7.23000,7.18000,7.21000,9200
3016,2013-12-05,7.18000,7.23000,7.18000,7.21000,9200
3017,2013-12-04,7.24000,7.25000,7.22000,7.23000,8900
3018,2013-12-04,7.24000,7.25000,7.22000,7.23000,8900
3019,2013-12-03,7.16000,7.28000,7.16000,7.23000,10600
3020,2013-12-03,7.16000,7.28000,7.16000,7.23000,10600
3021,2013-12-02,7.31000,7.31000,7.19000,7.19000,8700
3022,2013-12-02,7.31000,7.31000,7.19000,7.19000,8700
3023,2013-11-29,7.23000,7.33000,7.16000,7.27000,31800
3024,2013-11-29,7.23000,7.33000,7.16000,7.27000,31800
3025,2013-11-27,7.27000,7.28000,7.16000,7.20000,13700
3026,2013-11-27,7.27000,7.28000,7.16000,7.20000,13700
3027,2013-11-26,7.16000,7.25000,7.14000,7.25000,27000
3028,2013-11-26,7.16000,7.25000,7.14000,7.25000,27000
3029,2013-11-25,7.21000,7.25000,7.15000,7.18000,4500
3030,2013-11-25,7.21000,7.25000,7.15000,7.18000,4500
3031,2013-11-22,7.21000,7.21000,7.14000,7.21000,14400
3032,2013-11-22,7.21000,7.21000,7.14000,7.21000,14400
3033,2013-11-21,7.27000,7.35000,7.21000,7.21000,7000
3034,2013-11-21,7.27000,7.35000,7.21000,7.21000,7000
3035,2013-11-20,7.24000,7.27000,7.23000,7.24000,6000
3036,2013-11-20,7.24000,7.27000,7.23000,7.24000,6000
3037,2013-11-19,7.34000,7.34000,7.17000,7.20000,23100
3038,2013-11-19,7.34000,7.34000,7.17000,7.20000,23100
3039,2013-11-18,7.35000,7.42000,7.30000,7.30000,50200
3040,2013-11-18,7.35000,7.42000,7.30000,7.30000,50200
3041,2013-11-15,7.25000,7.30000,7.25000,7.30000,16600
3042,2013-11-15,7.25000,7.30000,7.25000,7.30000,16600
3043,2013-11-14,7.25000,7.30000,7.25000,7.28000,12800
3044,2013-11-14,7.25000,7.30000,7.25000,7.28000,12800
3045,2013-11-13,7.30000,7.30000,7.18000,7.26000,12800
3046,2013-11-13,7.30000,7.30000,7.18000,7.26000,12800
3047,2013-11-12,7.35000,7.35000,7.32000,7.33000,13300
3048,2013-11-12,7.35000,7.35000,7.32000,7.33000,13300
3049,2013-11-11,7.30000,7.35000,7.28000,7.35000,36200
3050,2013-11-11,7.30000,7.35000,7.28000,7.35000,36200
3051,2013-11-08,7.25000,7.30000,7.25000,7.30000,3300
3052,2013-11-08,7.25000,7.30000,7.25000,7.30000,3300
3053,2013-11-07,7.26000,7.32000,7.26000,7.27000,12100
3054,2013-11-07,7.26000,7.32000,7.26000,7.27000,12100
3055,2013-11-06,7.28000,7.28000,7.23000,7.25000,8100
3056,2013-11-06,7.28000,7.28000,7.23000,7.25000,8100
3057,2013-11-05,7.23000,7.33000,7.22000,7.26000,17100
3058,2013-11-05,7.23000,7.33000,7.22000,7.26000,17100
3059,2013-11-04,7.27000,7.28000,7.20000,7.20000,24300
3060,2013-11-04,7.27000,7.28000,7.20000,7.20000,24300
3061,2013-11-01,7.32000,7.32000,7.26000,7.27000,7600
3062,2013-10-31,7.31000,7.31000,7.26000,7.29000,3900
3063,2013-10-30,7.30000,7.30000,7.25000,7.26000,2000
3064,2013-10-29,7.22000,7.30000,7.20000,7.30000,11900
3065,2013-10-28,7.14000,7.27000,7.12000,7.25000,11900
3066,2013-10-25,7.21000,7.21000,7.10000,7.17000,11400
3067,2013-10-24,7.13000,7.28000,7.07000,7.17000,18300
3068,2013-10-23,7.23000,7.23000,7.05000,7.09000,21500
3069,2013-10-22,7.17000,7.25000,7.17000,7.21000,3800
3070,2013-10-21,7.20000,7.21000,7.11000,7.11000,5000
3071,2013-10-18,7.13000,7.20000,7.12000,7.18000,14700
3072,2013-10-17,7.09000,7.13000,7.09000,7.13000,6100
3073,2013-10-16,7.11000,7.11000,6.95000,7.04000,12300
3074,2013-10-15,7.10000,7.14000,7.01000,7.06000,11300
3075,2013-10-14,7.10000,7.22000,7.10000,7.16000,15500
3076,2013-10-11,7.18000,7.22000,7.15000,7.17000,19700
3077,2013-10-10,7.05000,7.16000,7.05000,7.14000,17500
3078,2013-10-09,7.01000,7.02000,6.97000,7.02000,11600
3079,2013-10-08,7.07000,7.12000,7.01000,7.01000,7400
3080,2013-10-07,7.10000,7.10000,7.02000,7.02000,7500
3081,2013-10-04,7.05000,7.10000,7.05000,7.07000,19100
3082,2013-10-03,7.05000,7.07000,7.05000,7.07000,3500
3083,2013-10-02,7.00000,7.07000,7.00000,7.05000,13900
3084,2013-10-01,7.17000,7.17000,6.95000,7.03000,23100
3085,2013-09-30,7.11000,7.13000,7.05000,7.13000,11100
3086,2013-09-27,7.10000,7.17000,7.03000,7.11000,8500
3087,2013-09-26,7.10000,7.10000,7.02000,7.10000,9400
3088,2013-09-25,7.10000,7.12000,7.07000,7.10000,14300
3089,2013-09-24,7.10000,7.10000,6.98000,7.09000,6400
3090,2013-09-23,7.10000,7.10000,7.05000,7.08000,7400
3091,2013-09-20,7.02000,7.06000,6.97000,7.06000,9900
3092,2013-09-19,7.02000,7.04000,7.01000,7.01000,10000
3093,2013-09-18,7.05000,7.07000,7.04000,7.07000,6800
3094,2013-09-17,7.04000,7.10000,7.00000,7.07000,11300
3095,2013-09-16,7.08000,7.10000,7.02000,7.05000,17300
3096,2013-09-13,6.98000,7.05000,6.98000,7.00000,12300
3097,2013-09-12,7.05000,7.08000,6.98000,6.98000,15300
3098,2013-09-11,7.04000,7.04000,7.00000,7.03000,6400
3099,2013-09-10,6.97000,7.03000,6.97000,7.02000,2900
3100,2013-09-09,6.96000,7.01000,6.95000,6.95000,6800
3101,2013-09-06,6.95000,6.99000,6.95000,6.99000,3900
3102,2013-09-05,6.98000,6.99000,6.94000,6.96000,4800
3103,2013-09-04,6.98000,6.98000,6.94000,6.94000,14300
3104,2013-09-03,7.05000,7.05000,6.97000,6.99000,7000
3105,2013-08-30,7.05000,7.05000,6.99000,6.99000,14800
3106,2013-08-29,7.02000,7.10000,6.97000,7.08000,17500
3107,2013-08-28,7.02000,7.10000,7.02000,7.06000,4800
3108,2013-08-27,7.03000,7.07000,7.00000,7.04000,21300
3109,2013-08-26,6.98000,7.00000,6.95000,6.97000,12000
3110,2013-08-23,6.84000,6.96000,6.84000,6.93000,10600
3111,2013-08-22,6.84000,6.95000,6.84000,6.91000,21300
3112,2013-08-21,6.95000,6.97000,6.84000,6.86000,22700
3113,2013-08-20,7.00000,7.07000,6.95000,6.96000,17700
3114,2013-08-19,7.10000,7.10000,6.97000,6.97000,8300
3115,2013-08-16,7.10000,7.10000,6.99000,7.06000,7200
3116,2013-08-15,7.00000,7.06000,7.00000,7.06000,14200
3117,2013-08-14,6.96000,7.13000,6.94000,6.96000,9100
3118,2013-08-13,7.12000,7.19000,6.87000,6.91000,49400
3119,2013-08-12,7.25000,7.25000,7.16000,7.20000,39300
3120,2013-08-09,7.17000,7.24000,7.04000,7.11000,23200
3121,2013-08-08,7.07000,7.18000,7.06000,7.15000,15600
3122,2013-08-07,7.12000,7.15000,7.06000,7.14000,8900
3123,2013-08-06,7.12000,7.13000,7.05000,7.09000,7200
3124,2013-08-05,7.10000,7.12000,7.03000,7.07000,45400
3125,2013-08-02,7.07000,7.18000,7.01000,7.17000,15300
3126,2013-08-01,7.16000,7.18000,7.07000,7.07000,10500
3127,2013-07-31,7.16000,7.20000,7.02000,7.13000,14000
3128,2013-07-30,7.06000,7.12000,7.02000,7.12000,8400
3129,2013-07-29,7.16000,7.16000,7.06000,7.06000,10300
3130,2013-07-26,7.10000,7.25000,7.10000,7.24000,20000
3131,2013-07-25,7.09000,7.15000,7.05000,7.15000,7300
3132,2013-07-24,7.14000,7.23000,7.10000,7.12000,7700
3133,2013-07-23,7.22000,7.25000,7.07000,7.11000,9900
3134,2013-07-22,7.10000,7.11000,7.07000,7.10000,2700
3135,2013-07-19,7.03000,7.10000,7.00000,7.05000,12700
3136,2013-07-18,7.12000,7.14000,7.00000,7.14000,14800
3137,2013-07-17,7.11000,7.15000,7.06000,7.08000,9700
3138,2013-07-16,7.08000,7.08000,7.07000,7.08000,2500
3139,2013-07-15,7.03000,7.23000,7.03000,7.18000,24300
3140,2013-07-12,7.09000,7.10000,7.03000,7.10000,7900
3141,2013-07-11,7.02000,7.16000,7.02000,7.07000,11900
3142,2013-07-10,7.01000,7.02000,6.90000,7.00000,13800
3143,2013-07-09,6.95000,7.04000,6.93000,7.04000,14200
3144,2013-07-08,7.01000,7.01000,6.95000,6.96000,12700
3145,2013-07-05,7.00000,7.08000,6.98000,7.04000,10700
3146,2013-07-03,7.08000,7.15000,7.00000,7.03000,12600
3147,2013-07-02,7.39000,7.39000,7.20000,7.20000,12400
3148,2013-07-01,7.32000,7.41000,7.17000,7.33000,15000
3149,2013-06-28,7.25000,7.30000,7.12000,7.27000,7600
3150,2013-06-27,7.10000,7.21000,7.09000,7.21000,3400
3151,2013-06-26,7.03000,7.15000,6.96000,7.02000,13500
3152,2013-06-25,6.85000,7.03000,6.75000,6.95000,13500
3153,2013-06-24,6.91000,6.91000,6.72000,6.83000,38300
3154,2013-06-21,7.09000,7.12000,6.94000,6.95000,23000
3155,2013-06-20,7.20000,7.21000,7.06000,7.14000,23500
3156,2013-06-19,7.21000,7.24000,7.05000,7.21000,15200
3157,2013-06-18,7.24000,7.36000,7.24000,7.30000,10000
3158,2013-06-17,7.28000,7.29000,7.11000,7.29000,17400
3159,2013-06-14,7.15000,7.44000,7.15000,7.19000,13700
3160,2013-06-13,6.98000,7.24000,6.88000,7.17000,40600
3161,2013-06-12,7.26000,7.29000,7.07000,7.10000,21400
3162,2013-06-11,7.38000,7.38000,7.29000,7.30000,8400
3163,2013-06-10,7.31000,7.38000,7.31000,7.34000,4400
3164,2013-06-07,7.21000,7.31000,7.21000,7.31000,7400
3165,2013-06-06,7.24000,7.25000,7.17000,7.25000,10100
3166,2013-06-05,7.30000,7.30000,7.20000,7.27000,15900
3167,2013-06-04,7.30000,7.34000,7.28000,7.28000,19200
3168,2013-06-03,7.46000,7.46000,7.22000,7.30000,25400
3169,2013-05-31,7.42000,7.42000,7.35000,7.39000,9400
3170,2013-05-30,7.50000,7.50000,7.32000,7.35000,19600
3171,2013-05-29,7.55000,7.55000,7.03000,7.44000,37900
3172,2013-05-28,7.57000,7.62000,7.55000,7.60000,15900
3173,2013-05-24,7.60000,7.61000,7.55000,7.55000,6500
3174,2013-05-23,7.52000,7.62000,7.52000,7.60000,9200
3175,2013-05-22,7.52000,7.56000,7.52000,7.52000,1100
3176,2013-05-21,7.54000,7.56000,7.49000,7.50000,7200
3177,2013-05-20,7.53000,7.57000,7.49000,7.55000,14100
3178,2013-05-17,7.59000,7.59000,7.48000,7.50000,10400
3179,2013-05-16,7.41000,7.57000,7.41000,7.53000,17000
3180,2013-05-15,7.43000,7.48000,7.43000,7.46000,11600
3181,2013-05-14,7.62000,7.69000,7.34000,7.41000,63000
3182,2013-05-13,7.66000,7.66000,7.50000,7.64000,34000
3183,2013-05-10,7.53000,7.80000,7.52000,7.67000,38100
3184,2013-05-09,7.50000,7.54000,7.50000,7.53000,2700
3185,2013-05-08,7.50000,7.50000,7.48000,7.48000,9600
3186,2013-05-07,7.52000,7.54000,7.48000,7.51000,33900
3187,2013-05-06,7.50000,7.54000,7.50000,7.50000,13600
3188,2013-05-03,7.52000,7.55000,7.49000,7.50000,11600
3189,2013-05-02,7.52000,7.53000,7.50000,7.50000,6000
3190,2013-05-01,7.49000,7.78000,7.49000,7.53000,34800
3191,2013-04-30,7.47000,7.48000,7.43000,7.44000,7900
3192,2013-04-29,7.48000,7.48000,7.40000,7.40000,25000
3193,2013-04-26,7.45000,7.45000,7.40000,7.41000,7800
3194,2013-04-25,7.49000,7.49000,7.41000,7.42000,12500
3195,2013-04-24,7.35000,7.44000,7.35000,7.42000,7000
3196,2013-04-23,7.36000,7.43000,7.36000,7.37000,8700
3197,2013-04-22,7.41000,7.41000,7.34000,7.35000,9400
3198,2013-04-19,7.40000,7.40000,7.33000,7.34000,5500
3199,2013-04-18,7.33000,7.41000,7.31000,7.31000,4800
3200,2013-04-17,7.35000,7.45000,7.29000,7.37000,18600
3201,2013-04-16,7.39000,7.44000,7.35000,7.40000,10400
3202,2013-04-15,7.45000,7.61000,7.42000,7.48000,23500
3203,2013-04-12,7.42000,7.51000,7.39000,7.41000,19400
3204,2013-04-11,7.53000,7.53000,7.40000,7.40000,24200
3205,2013-04-10,7.47000,7.48000,7.40000,7.48000,15400
3206,2013-04-09,7.32000,7.42000,7.32000,7.40000,4900
3207,2013-04-08,7.42000,7.44000,7.34000,7.36000,9500
3208,2013-04-05,7.28000,7.39000,7.28000,7.36000,29700
3209,2013-04-04,7.42000,7.44000,7.27000,7.29000,36800
3210,2013-04-03,7.51000,7.53000,7.44000,7.49000,8300
3211,2013-04-02,7.43000,7.52000,7.43000,7.51000,5500
3212,2013-04-01,7.46000,7.52000,7.42000,7.44000,20000
3213,2013-03-28,7.44000,7.47000,7.41000,7.46000,8400
3214,2013-03-27,7.45000,7.46000,7.33000,7.38000,15700
3215,2013-03-26,7.38000,7.46000,7.35000,7.44000,8400
3216,2013-03-25,7.38000,7.45000,7.35000,7.41000,7200
3217,2013-03-22,7.38000,7.52000,7.30000,7.33000,25900
3218,2013-03-21,7.41000,7.45000,7.40000,7.40000,7100
3219,2013-03-20,7.46000,7.46000,7.42000,7.46000,11800
3220,2013-03-19,7.31000,7.43000,7.31000,7.42000,8200
3221,2013-03-18,7.33000,7.40000,7.31000,7.31000,11000
3222,2013-03-15,7.36000,7.48000,7.25000,7.29000,20100
3223,2013-03-14,7.07000,7.36000,7.07000,7.34000,11300
3224,2013-03-13,7.35000,7.35000,7.30000,7.35000,5400
3225,2013-03-12,7.29000,7.33000,7.25000,7.31000,24000
3226,2013-03-11,7.39000,7.43000,7.38000,7.39000,32400
3227,2013-03-08,7.38000,7.39000,7.35000,7.38000,12200
3228,2013-03-08,7.38000,7.39000,7.35000,7.38000,12200
3229,2013-03-07,7.38000,7.38000,7.26000,7.37000,29000
3230,2013-03-07,7.38000,7.38000,7.26000,7.37000,29000
3231,2013-03-06,7.35000,7.39000,7.30000,7.38000,28300
3232,2013-03-06,7.35000,7.39000,7.30000,7.38000,28300
3233,2013-03-05,7.36000,7.39000,7.35000,7.35000,9800
3234,2013-03-05,7.36000,7.39000,7.35000,7.35000,9800
3235,2013-03-04,7.36000,7.39000,7.33000,7.34000,18400
3236,2013-03-04,7.36000,7.39000,7.33000,7.34000,18400
3237,2013-03-01,7.36000,7.37000,7.32000,7.33000,7600
3238,2013-03-01,7.36000,7.37000,7.32000,7.33000,7600
3239,2013-02-28,7.38000,7.38000,7.28000,7.29000,7400
3240,2013-02-28,7.38000,7.38000,7.28000,7.29000,7400
3241,2013-02-27,7.25000,7.37000,7.25000,7.35000,12900
3242,2013-02-27,7.25000,7.37000,7.25000,7.35000,12900
3243,2013-02-26,7.24000,7.30000,7.24000,7.27000,3300
3244,2013-02-26,7.24000,7.30000,7.24000,7.27000,3300
3245,2013-02-25,7.21000,7.33000,7.21000,7.29000,14600
3246,2013-02-25,7.21000,7.33000,7.21000,7.29000,14600
3247,2013-02-22,7.24000,7.27000,7.23000,7.25000,11700
3248,2013-02-22,7.24000,7.27000,7.23000,7.25000,11700
3249,2013-02-21,7.35000,7.37000,7.27000,7.27000,7400
3250,2013-02-21,7.35000,7.37000,7.27000,7.27000,7400
3251,2013-02-20,7.38000,7.39000,7.32000,7.39000,3900
3252,2013-02-20,7.38000,7.39000,7.32000,7.39000,3900
3253,2013-02-19,7.34000,7.39000,7.28000,7.39000,24900
3254,2013-02-19,7.34000,7.39000,7.28000,7.39000,24900
3255,2013-02-15,7.20000,7.30000,7.20000,7.28000,7500
3256,2013-02-15,7.20000,7.30000,7.20000,7.28000,7500
3257,2013-02-14,7.25000,7.27000,7.21000,7.22000,16900
3258,2013-02-14,7.25000,7.27000,7.21000,7.22000,16900
3259,2013-02-13,7.28000,7.28000,7.23000,7.25000,7900
3260,2013-02-13,7.28000,7.28000,7.23000,7.25000,7900
3261,2013-02-12,7.28000,7.35000,7.26000,7.28000,17600
3262,2013-02-12,7.28000,7.35000,7.26000,7.28000,17600
3263,2013-02-11,7.38000,7.38000,7.31000,7.35000,16600
3264,2013-02-11,7.38000,7.38000,7.31000,7.35000,16600
3265,2013-02-08,7.35000,7.35000,7.30000,7.33000,8000
3266,2013-02-08,7.35000,7.35000,7.30000,7.33000,8000
3267,2013-02-07,7.28000,7.35000,7.27000,7.34000,18300
3268,2013-02-07,7.28000,7.35000,7.27000,7.34000,18300
3269,2013-02-06,7.33000,7.38000,7.25000,7.30000,35600
3270,2013-02-06,7.33000,7.38000,7.25000,7.30000,35600
3271,2013-02-05,7.34000,7.42000,7.33000,7.33000,13500
3272,2013-02-05,7.34000,7.42000,7.33000,7.33000,13500
3273,2013-02-04,7.38000,7.39000,7.30000,7.31000,10600
3274,2013-02-04,7.38000,7.39000,7.30000,7.31000,10600
3275,2013-02-01,7.38000,7.43000,7.30000,7.37000,61500
3276,2013-02-01,7.38000,7.43000,7.30000,7.37000,61500
3277,2013-01-31,7.33000,7.39000,7.32000,7.34000,20000
3278,2013-01-31,7.33000,7.39000,7.32000,7.34000,20000
3279,2013-01-30,7.28000,7.34000,7.27000,7.29000,2700
3280,2013-01-30,7.28000,7.34000,7.27000,7.29000,2700
3281,2013-01-29,7.28000,7.34000,7.27000,7.32000,4100
3282,2013-01-29,7.28000,7.34000,7.27000,7.32000,4100
3283,2013-01-28,7.37000,7.37000,7.24000,7.31000,23600
3284,2013-01-28,7.37000,7.37000,7.24000,7.31000,23600
3285,2013-01-25,7.30000,7.33000,7.28000,7.32000,7600
3286,2013-01-25,7.30000,7.33000,7.28000,7.32000,7600
3287,2013-01-24,7.32000,7.32000,7.26000,7.30000,15100
3288,2013-01-24,7.32000,7.32000,7.26000,7.30000,15100
3289,2013-01-23,7.32000,7.32000,7.27000,7.32000,8800
3290,2013-01-23,7.32000,7.32000,7.27000,7.32000,8800
3291,2013-01-22,7.24000,7.30000,7.24000,7.28000,20200
3292,2013-01-22,7.24000,7.30000,7.24000,7.28000,20200
3293,2013-01-18,7.28000,7.31000,7.21000,7.27000,32900
3294,2013-01-18,7.28000,7.31000,7.21000,7.27000,32900
3295,2013-01-17,7.34000,7.35000,7.26000,7.27000,7000
3296,2013-01-17,7.34000,7.35000,7.26000,7.27000,7000
3297,2013-01-16,7.31000,7.31000,7.27000,7.29000,8400
3298,2013-01-16,7.31000,7.31000,7.27000,7.29000,8400
3299,2013-01-15,7.32000,7.35000,7.25000,7.26000,18000
3300,2013-01-15,7.32000,7.35000,7.25000,7.26000,18000
3301,2013-01-14,7.39000,7.39000,7.35000,7.35000,12200
3302,2013-01-14,7.39000,7.39000,7.35000,7.35000,12200
3303,2013-01-11,7.38000,7.39000,7.31000,7.39000,24300
3304,2013-01-11,7.38000,7.39000,7.31000,7.39000,24300
3305,2013-01-10,7.34000,7.37000,7.29000,7.36000,28500
3306,2013-01-10,7.34000,7.37000,7.29000,7.36000,28500
3307,2013-01-09,7.20000,7.38000,7.20000,7.34000,23900
3308,2013-01-09,7.20000,7.38000,7.20000,7.34000,23900
3309,2013-01-08,7.14000,7.18000,7.13000,7.18000,29900
3310,2013-01-08,7.14000,7.18000,7.13000,7.18000,29900
3311,2013-01-07,7.11000,7.14000,7.09000,7.10000,9100
3312,2013-01-07,7.11000,7.14000,7.09000,7.10000,9100
3313,2013-01-04,7.22000,7.22000,7.05000,7.05000,55700
3314,2013-01-04,7.22000,7.22000,7.05000,7.05000,55700
3315,2013-01-03,7.02000,7.09000,7.02000,7.08000,10500
3316,2013-01-03,7.02000,7.09000,7.02000,7.08000,10500
3317,2013-01-02,6.97000,7.03000,6.92000,7.02000,27000
3318,2013-01-02,6.97000,7.03000,6.92000,7.02000,27000
3319,2012-12-31,6.90000,6.92000,6.89000,6.91000,10300
3320,2012-12-31,6.90000,6.92000,6.89000,6.91000,10300
3321,2012-12-28,6.99000,7.00000,6.82000,6.84000,22700
3322,2012-12-28,6.99000,7.00000,6.82000,6.84000,22700
3323,2012-12-27,6.97000,6.97000,6.93000,6.95000,11300
3324,2012-12-27,6.97000,6.97000,6.93000,6.95000,11300
3325,2012-12-26,6.95000,6.98000,6.93000,6.97000,11400
3326,2012-12-26,6.95000,6.98000,6.93000,6.97000,11400
3327,2012-12-24,6.90000,6.99000,6.90000,6.91000,4400
3328,2012-12-24,6.90000,6.99000,6.90000,6.91000,4400
3329,2012-12-21,6.89000,6.92000,6.84000,6.90000,21800
3330,2012-12-21,6.89000,6.92000,6.84000,6.90000,21800
3331,2012-12-20,6.87000,6.99000,6.86000,6.86000,15200
3332,2012-12-20,6.87000,6.99000,6.86000,6.86000,15200
3333,2012-12-19,6.91000,6.95000,6.89000,6.89000,30800
3334,2012-12-19,6.91000,6.95000,6.89000,6.89000,30800
3335,2012-12-18,7.00000,7.00000,6.88000,6.89000,19200
3336,2012-12-18,7.00000,7.00000,6.88000,6.89000,19200
3337,2012-12-17,7.14000,7.14000,6.97000,7.00000,27600
3338,2012-12-17,7.14000,7.14000,6.97000,7.00000,27600
3339,2012-12-14,7.15000,7.17000,7.08000,7.08000,6700
3340,2012-12-14,7.15000,7.17000,7.08000,7.08000,6700
3341,2012-12-13,7.15000,7.15000,7.10000,7.11000,8200
3342,2012-12-13,7.15000,7.15000,7.10000,7.11000,8200
3343,2012-12-12,7.22000,7.22000,7.11000,7.11000,9900
3344,2012-12-12,7.22000,7.22000,7.11000,7.11000,9900
3345,2012-12-11,7.11000,7.23000,7.10000,7.20000,8300
3346,2012-12-11,7.11000,7.23000,7.10000,7.20000,8300
3347,2012-12-10,7.18000,7.20000,7.12000,7.13000,14500
3348,2012-12-10,7.18000,7.20000,7.12000,7.13000,14500
3349,2012-12-07,7.20000,7.20000,7.12000,7.16000,5700
3350,2012-12-07,7.20000,7.20000,7.12000,7.16000,5700
3351,2012-12-06,7.14000,7.19000,7.10000,7.13000,10500
3352,2012-12-06,7.14000,7.19000,7.10000,7.13000,10500
3353,2012-12-05,7.12000,7.17000,7.10000,7.11000,13300
3354,2012-12-05,7.12000,7.17000,7.10000,7.11000,13300
3355,2012-12-04,7.10000,7.12000,7.08000,7.12000,2900
3356,2012-12-04,7.10000,7.12000,7.08000,7.12000,2900
3357,2012-12-03,7.07000,7.17000,7.05000,7.12000,25500
3358,2012-12-03,7.07000,7.17000,7.05000,7.12000,25500
3359,2012-11-30,7.16000,7.17000,7.05000,7.08000,12100
3360,2012-11-30,7.16000,7.17000,7.05000,7.08000,12100
3361,2012-11-29,7.06000,7.09000,7.02000,7.09000,4700
3362,2012-11-29,7.06000,7.09000,7.02000,7.09000,4700
3363,2012-11-28,7.06000,7.06000,7.01000,7.04000,6700
3364,2012-11-28,7.06000,7.06000,7.01000,7.04000,6700
3365,2012-11-27,6.92000,7.07000,6.92000,7.06000,31300
3366,2012-11-27,6.92000,7.07000,6.92000,7.06000,31300
3367,2012-11-26,6.92000,6.92000,6.84000,6.91000,19900
3368,2012-11-26,6.92000,6.92000,6.84000,6.91000,19900
3369,2012-11-23,6.88000,7.01000,6.81000,6.92000,9300
3370,2012-11-23,6.88000,7.01000,6.81000,6.92000,9300
3371,2012-11-21,6.81000,6.85000,6.78000,6.79000,5600
3372,2012-11-21,6.81000,6.85000,6.78000,6.79000,5600
3373,2012-11-20,6.79000,6.82000,6.76000,6.76000,26600
3374,2012-11-20,6.79000,6.82000,6.76000,6.76000,26600
3375,2012-11-19,6.80000,6.88000,6.77000,6.77000,27300
3376,2012-11-19,6.80000,6.88000,6.77000,6.77000,27300
3377,2012-11-16,6.48000,6.74000,6.48000,6.70000,66900
3378,2012-11-16,6.48000,6.74000,6.48000,6.70000,66900
3379,2012-11-15,6.69000,6.69000,6.45000,6.48000,61700
3380,2012-11-15,6.69000,6.69000,6.45000,6.48000,61700
3381,2012-11-14,7.19000,7.19000,6.55000,6.66000,116000
3382,2012-11-14,7.19000,7.19000,6.55000,6.66000,116000
3383,2012-11-13,7.28000,7.31000,7.21000,7.22000,18000
3384,2012-11-13,7.28000,7.31000,7.21000,7.22000,18000
3385,2012-11-12,7.39000,7.39000,7.30000,7.35000,12300
3386,2012-11-12,7.39000,7.39000,7.30000,7.35000,12300
3387,2012-11-09,7.28000,7.35000,7.27000,7.32000,17200
3388,2012-11-09,7.28000,7.35000,7.27000,7.32000,17200
3389,2012-11-08,7.19000,7.51000,7.19000,7.35000,49300
3390,2012-11-08,7.19000,7.51000,7.19000,7.35000,49300
3391,2012-11-07,7.46000,7.46000,7.24000,7.25000,51500
3392,2012-11-07,7.46000,7.46000,7.24000,7.25000,51500
3393,2012-11-06,7.45000,7.49000,7.45000,7.46000,14300
3394,2012-11-06,7.45000,7.49000,7.45000,7.46000,14300
3395,2012-11-05,7.43000,7.47000,7.42000,7.43000,5500
3396,2012-11-05,7.43000,7.47000,7.42000,7.43000,5500
3397,2012-11-02,7.45000,7.49000,7.40000,7.41000,20400
3398,2012-11-01,7.50000,7.54000,7.43000,7.43000,25800
3399,2012-10-31,7.50000,7.50000,7.43000,7.46000,13500
3400,2012-10-26,7.50000,7.50000,7.43000,7.43000,10500
3401,2012-10-25,7.45000,7.47000,7.45000,7.46000,6900
3402,2012-10-24,7.49000,7.54000,7.45000,7.46000,15100
3403,2012-10-23,7.48000,7.53000,7.46000,7.48000,2700
3404,2012-10-22,7.56000,7.56000,7.48000,7.53000,4300
3405,2012-10-19,7.54000,7.54000,7.46000,7.51000,6700
3406,2012-10-18,7.55000,7.57000,7.45000,7.49000,10200
3407,2012-10-17,7.48000,7.50000,7.43000,7.49000,6600
3408,2012-10-16,7.55000,7.58000,7.45000,7.48000,24900
3409,2012-10-15,7.79000,7.79000,7.50000,7.60000,31100
3410,2012-10-12,7.63000,7.92000,7.63000,7.84000,32900
3411,2012-10-11,7.52000,7.93000,7.46000,7.61000,62800
3412,2012-10-10,7.44000,7.50000,7.44000,7.49000,14400
3413,2012-10-09,7.49000,7.50000,7.46000,7.46000,14500
3414,2012-10-08,7.48000,7.49000,7.47000,7.49000,4400
3415,2012-10-05,7.47000,7.49000,7.45000,7.49000,12300
3416,2012-10-04,7.47000,7.48000,7.46000,7.48000,8600
3417,2012-10-03,7.45000,7.48000,7.41000,7.47000,15700
3418,2012-10-02,7.44000,7.45000,7.40000,7.40000,22000
3419,2012-10-01,7.46000,7.48000,7.40000,7.40000,26000
3420,2012-09-28,7.41000,7.47000,7.41000,7.47000,8000
3421,2012-09-27,7.48000,7.48000,7.43000,7.46000,8100
3422,2012-09-26,7.48000,7.48000,7.40000,7.40000,8200
3423,2012-09-25,7.44000,7.47000,7.38000,7.41000,22200
3424,2012-09-24,7.40000,7.41000,7.38000,7.38000,5900
3425,2012-09-21,7.48000,7.48000,7.33000,7.41000,32300
3426,2012-09-20,7.41000,7.48000,7.39000,7.45000,15900
3427,2012-09-19,7.46000,7.47000,7.40000,7.45000,17000
3428,2012-09-18,7.46000,7.48000,7.38000,7.48000,33600
3429,2012-09-17,7.45000,7.48000,7.37000,7.48000,38500
3430,2012-09-14,7.44000,7.44000,7.37000,7.39000,21700
3431,2012-09-13,7.40000,7.43000,7.35000,7.40000,35300
3432,2012-09-12,7.38000,7.40000,7.38000,7.40000,23500
3433,2012-09-11,7.40000,7.40000,7.30000,7.36000,18900
3434,2012-09-10,7.38000,7.40000,7.38000,7.40000,7100
3435,2012-09-07,7.40000,7.40000,7.37000,7.39000,8100
3436,2012-09-06,7.37000,7.38000,7.34000,7.37000,7900
3437,2012-09-05,7.29000,7.34000,7.29000,7.34000,11100
3438,2012-09-04,7.31000,7.32000,7.25000,7.30000,27600
3439,2012-08-31,7.35000,7.35000,7.30000,7.30000,5400
3440,2012-08-30,7.32000,7.32000,7.30000,7.32000,6800
3441,2012-08-29,7.33000,7.33000,7.25000,7.28000,13900
3442,2012-08-28,7.29000,7.33000,7.29000,7.31000,7800
3443,2012-08-27,7.30000,7.32000,7.25000,7.25000,15400
3444,2012-08-24,7.20000,7.31000,7.20000,7.30000,3900
3445,2012-08-23,7.28000,7.35000,7.25000,7.25000,12300
3446,2012-08-22,7.31000,7.35000,7.30000,7.30000,6400
3447,2012-08-21,7.37000,7.37000,7.28000,7.35000,4600
3448,2012-08-20,7.29000,7.37000,7.26000,7.32000,8600
3449,2012-08-17,7.34000,7.35000,7.27000,7.27000,9700
3450,2012-08-16,7.41000,7.44000,7.36000,7.36000,9100
3451,2012-08-15,7.36000,7.40000,7.36000,7.40000,3100
3452,2012-08-14,7.40000,7.40000,7.28000,7.33000,12000
3453,2012-08-13,7.44000,7.45000,7.33000,7.44000,23100
3454,2012-08-10,7.41000,7.43000,7.26000,7.38000,14700
3455,2012-08-09,7.49000,7.50000,7.40000,7.42000,13800
3456,2012-08-08,7.35000,7.51000,7.33000,7.42000,16000
3457,2012-08-07,7.28000,7.36000,7.24000,7.35000,6100
3458,2012-08-06,7.30000,7.31000,7.23000,7.23000,12900
3459,2012-08-03,7.21000,7.27000,7.16000,7.25000,11600
3460,2012-08-02,7.17000,7.20000,7.17000,7.20000,3300
3461,2012-08-01,7.27000,7.34000,7.10000,7.25000,10300
3462,2012-07-31,7.26000,7.31000,7.21000,7.21000,10300
3463,2012-07-30,7.22000,7.32000,7.21000,7.23000,14700
3464,2012-07-27,7.27000,7.27000,7.17000,7.22000,10900
3465,2012-07-26,7.33000,7.35000,7.22000,7.29000,10800
3466,2012-07-25,7.11000,7.38000,7.11000,7.23000,43200
3467,2012-07-24,7.22000,7.28000,7.20000,7.20000,6300
3468,2012-07-23,7.16000,7.22000,7.13000,7.22000,10000
3469,2012-07-20,7.16000,7.20000,7.11000,7.13000,6600
3470,2012-07-19,7.21000,7.22000,7.16000,7.16000,9300
3471,2012-07-18,7.24000,7.24000,7.18000,7.22000,14800
3472,2012-07-17,7.24000,7.27000,7.20000,7.21000,9500
3473,2012-07-16,7.23000,7.34000,7.22000,7.30000,14600
3474,2012-07-13,7.25000,7.40000,7.17000,7.17000,35100
3475,2012-07-12,7.25000,7.25000,7.21000,7.25000,21700
3476,2012-07-11,7.20000,7.25000,7.20000,7.23000,15200
3477,2012-07-10,7.21000,7.25000,7.15000,7.16000,15200
3478,2012-07-09,7.21000,7.21000,7.14000,7.21000,7000
3479,2012-07-06,7.17000,7.21000,7.11000,7.20000,10400
3480,2012-07-05,7.13000,7.15000,7.11000,7.13000,16500
3481,2012-07-03,7.08000,7.10000,7.06000,7.08000,5500
3482,2012-07-02,7.07000,7.10000,7.00000,7.08000,18600
3483,2012-06-29,7.03000,7.05000,7.01000,7.04000,5200
3484,2012-06-28,6.95000,7.00000,6.95000,7.00000,1400
3485,2012-06-27,7.02000,7.03000,6.95000,6.95000,9100
3486,2012-06-26,7.00000,7.04000,6.93000,7.03000,18500
3487,2012-06-25,6.87000,6.95000,6.87000,6.94000,11100
3488,2012-06-22,6.93000,6.95000,6.87000,6.87000,5900
3489,2012-06-21,7.05000,7.05000,6.86000,6.87000,9600
3490,2012-06-20,7.03000,7.03000,6.99000,6.99000,2700
3491,2012-06-19,6.94000,7.00000,6.92000,7.00000,7400
3492,2012-06-18,6.85000,6.93000,6.85000,6.86000,9700
3493,2012-06-15,6.94000,6.95000,6.85000,6.87000,8400
3494,2012-06-14,6.99000,6.99000,6.88000,6.95000,12900
3495,2012-06-13,6.92000,7.08000,6.72000,7.00000,22100
3496,2012-06-12,6.84000,6.92000,6.83000,6.89000,10500
3497,2012-06-11,7.02000,7.05000,6.82000,6.85000,11600
3498,2012-06-08,6.91000,7.00000,6.81000,6.97000,8800
3499,2012-06-07,6.93000,7.00000,6.88000,6.88000,5300
3500,2012-06-06,6.87000,7.02000,6.81000,6.88000,30700
3501,2012-06-05,6.79000,6.90000,6.78000,6.90000,9600
3502,2012-06-04,6.92000,6.92000,6.76000,6.76000,19100
3503,2012-06-01,6.93000,6.99000,6.89000,6.94000,25500
3504,2012-05-31,6.96000,7.02000,6.89000,6.93000,11100
3505,2012-05-30,6.90000,7.00000,6.89000,7.00000,9900
3506,2012-05-29,6.99000,7.02000,6.94000,7.00000,7500
3507,2012-05-25,7.04000,7.10000,6.99000,7.00000,9500
3508,2012-05-24,7.00000,7.05000,7.00000,7.04000,1600
3509,2012-05-23,7.01000,7.01000,6.93000,6.95000,4100
3510,2012-05-22,6.87000,7.00000,6.85000,6.98000,8300
3511,2012-05-21,6.91000,6.99000,6.90000,6.90000,14600
3512,2012-05-18,7.00000,7.00000,6.94000,6.94000,25900
3513,2012-05-17,7.08000,7.08000,7.00000,7.01000,42300
3514,2012-05-16,7.06000,7.12000,7.06000,7.06000,13000
3515,2012-05-15,7.18000,7.18000,7.09000,7.10000,16300
3516,2012-05-14,7.20000,7.21000,7.17000,7.20000,14300
3517,2012-05-11,7.22000,7.23000,7.20000,7.21000,10000
3518,2012-05-10,7.17000,7.22000,7.16000,7.20000,5500
3519,2012-05-09,7.11000,7.17000,7.11000,7.17000,4500
3520,2012-05-08,7.12000,7.16000,7.12000,7.14000,5400
3521,2012-05-07,7.11000,7.17000,7.07000,7.17000,20000
3522,2012-05-04,7.08000,7.11000,7.07000,7.11000,10500
3523,2012-05-03,7.11000,7.14000,7.10000,7.13000,12000
3524,2012-05-02,7.14000,7.15000,7.13000,7.14000,7300
3525,2012-05-01,7.10000,7.17000,7.07000,7.10000,23700
3526,2012-04-30,7.12000,7.16000,7.07000,7.08000,21000
3527,2012-04-27,7.15000,7.15000,7.07000,7.07000,23100
3528,2012-04-26,7.19000,7.19000,7.11000,7.15000,22700
3529,2012-04-25,7.23000,7.25000,7.12000,7.13000,14200
3530,2012-04-24,7.18000,7.28000,7.16000,7.20000,17900
3531,2012-04-23,7.05000,7.13000,7.05000,7.13000,6400
3532,2012-04-20,7.24000,7.27000,7.07000,7.14000,30700
3533,2012-04-19,7.25000,7.26000,7.21000,7.26000,14100
3534,2012-04-18,7.14000,7.23000,7.14000,7.23000,3400
3535,2012-04-17,7.18000,7.25000,7.12000,7.22000,16200
3536,2012-04-16,7.20000,7.21000,7.18000,7.20000,5600
3537,2012-04-13,7.17000,7.21000,7.14000,7.15000,10300
3538,2012-04-12,7.15000,7.25000,7.15000,7.17000,9500
3539,2012-04-11,7.11000,7.23000,7.07000,7.18000,13600
3540,2012-04-10,7.08000,7.15000,7.01000,7.08000,11900
3541,2012-04-09,7.00000,7.10000,7.00000,7.07000,3300
3542,2012-04-05,7.09000,7.13000,7.07000,7.10000,2700
3543,2012-04-04,7.08000,7.08000,7.05000,7.05000,2400
3544,2012-04-03,7.17000,7.23000,7.08000,7.08000,15000
3545,2012-04-02,7.10000,7.17000,7.10000,7.15000,5700
3546,2012-03-30,7.10000,7.12000,6.91000,7.09000,40100
3547,2012-03-29,7.01000,7.06000,7.01000,7.06000,3700
3548,2012-03-28,7.01000,7.08000,7.01000,7.02000,10400
3549,2012-03-27,7.06000,7.07000,7.04000,7.07000,9800
3550,2012-03-26,7.00000,7.07000,7.00000,7.01000,14300
3551,2012-03-23,6.98000,7.01000,6.97000,7.01000,4000
3552,2012-03-22,7.03000,7.03000,6.93000,6.93000,15600
3553,2012-03-21,7.08000,7.10000,7.02000,7.02000,2000
3554,2012-03-20,7.00000,7.07000,7.00000,7.04000,6200
3555,2012-03-19,7.01000,7.11000,7.00000,7.03000,18400
3556,2012-03-16,7.03000,7.08000,7.00000,7.02000,8000
3557,2012-03-15,7.08000,7.08000,7.02000,7.02000,8300
3558,2012-03-14,7.07000,7.14000,7.04000,7.12000,13600
3559,2012-03-13,7.06000,7.14000,7.04000,7.13000,19000
3560,2012-03-12,7.07000,7.15000,7.07000,7.15000,3700
3561,2012-03-09,7.16000,7.19000,7.10000,7.10000,14400
3562,2012-03-08,7.12000,7.13000,7.06000,7.12000,17800
3563,2012-03-07,7.08000,7.16000,7.06000,7.10000,16200
3564,2012-03-06,7.19000,7.21000,6.97000,7.03000,31500
3565,2012-03-05,7.16000,7.19000,7.01000,7.19000,30500
3566,2012-03-02,7.23000,7.23000,7.16000,7.16000,7300
3567,2012-03-01,7.18000,7.32000,7.18000,7.23000,16000
3568,2012-02-29,7.21000,7.21000,7.12000,7.15000,9100
3569,2012-02-28,7.15000,7.16000,7.10000,7.14000,4200
3570,2012-02-27,7.22000,7.22000,7.12000,7.17000,13900
3571,2012-02-24,7.17000,7.26000,7.17000,7.22000,9800
3572,2012-02-23,7.09000,7.13000,7.07000,7.13000,5300
3573,2012-02-22,7.08000,7.09000,7.01000,7.09000,7600
3574,2012-02-21,7.05000,7.15000,7.01000,7.04000,34600
3575,2012-02-17,7.06000,7.08000,6.98000,7.08000,13800
3576,2012-02-16,7.04000,7.06000,7.04000,7.06000,7700
3577,2012-02-15,6.90000,7.04000,6.90000,7.02000,34300
3578,2012-02-14,7.05000,7.05000,6.79000,6.92000,81400
3579,2012-02-13,7.10000,7.12000,7.06000,7.10000,27100
3580,2012-02-10,7.05000,7.10000,7.05000,7.05000,16100
3581,2012-02-09,7.05000,7.09000,7.05000,7.08000,4900
3582,2012-02-08,7.06000,7.10000,7.06000,7.06000,12100
3583,2012-02-07,7.05000,7.14000,7.00000,7.06000,25100
3584,2012-02-06,7.14000,7.14000,7.03000,7.10000,10900
3585,2012-02-03,7.05000,7.14000,7.04000,7.14000,9600
3586,2012-02-02,7.07000,7.11000,7.07000,7.11000,8200
3587,2012-02-01,7.11000,7.14000,7.00000,7.06000,44300
3588,2012-01-31,6.99000,7.07000,6.99000,7.04000,21000
3589,2012-01-30,6.95000,7.00000,6.90000,6.96000,17000
3590,2012-01-27,6.88000,6.95000,6.88000,6.90000,14400
3591,2012-01-26,6.92000,6.92000,6.81000,6.83000,18900
3592,2012-01-25,6.82000,6.92000,6.80000,6.92000,12900
3593,2012-01-24,6.84000,6.86000,6.80000,6.84000,13400
3594,2012-01-23,6.80000,6.84000,6.74000,6.84000,19300
3595,2012-01-20,6.83000,6.84000,6.74000,6.74000,17000
3596,2012-01-19,6.74000,6.84000,6.74000,6.81000,15600
3597,2012-01-18,6.78000,6.79000,6.75000,6.75000,9100
3598,2012-01-17,6.80000,6.84000,6.75000,6.75000,4400
3599,2012-01-13,6.79000,6.84000,6.73000,6.84000,24200
3600,2012-01-12,6.80000,6.80000,6.74000,6.75000,12400
3601,2012-01-11,6.70000,6.76000,6.70000,6.76000,9500
3602,2012-01-10,6.74000,6.74000,6.70000,6.70000,7900
3603,2012-01-09,6.63000,6.74000,6.62000,6.74000,9900
3604,2012-01-06,6.58000,6.71000,6.55000,6.63000,19300
3605,2012-01-05,6.52000,6.55000,6.49000,6.52000,20300
3606,2012-01-04,6.44000,6.50000,6.44000,6.46000,3900
3607,2012-01-03,6.41000,6.56000,6.41000,6.48000,9500
3608,2011-12-30,6.47000,6.47000,6.35000,6.43000,73300
3609,2011-12-29,6.38000,6.47000,6.37000,6.46000,8700
3610,2011-12-28,6.46000,6.46000,6.32000,6.44000,52700
3611,2011-12-27,6.58000,6.58000,6.47000,6.51000,6900
3612,2011-12-23,6.45000,6.55000,6.45000,6.55000,11300
3613,2011-12-22,6.49000,6.50000,6.41000,6.50000,13800
3614,2011-12-21,6.50000,6.50000,6.40000,6.49000,11500
3615,2011-12-20,6.46000,6.47000,6.42000,6.47000,10700
3616,2011-12-19,6.48000,6.48000,6.40000,6.42000,41000
3617,2011-12-16,6.50000,6.50000,6.36000,6.48000,12300
3618,2011-12-15,6.41000,6.50000,6.41000,6.50000,6000
3619,2011-12-14,6.48000,6.49000,6.41000,6.43000,8000
3620,2011-12-13,6.45000,6.49000,6.28000,6.45000,39300
3621,2011-12-12,6.68000,6.68000,6.44000,6.46000,29400
3622,2011-12-09,6.65000,6.75000,6.64000,6.72000,12100
3623,2011-12-08,6.74000,6.75000,6.54000,6.61000,15900
3624,2011-12-07,6.68000,6.72000,6.63000,6.72000,9400
3625,2011-12-06,6.68000,6.68000,6.64000,6.67000,15900
3626,2011-12-05,6.70000,6.72000,6.66000,6.66000,13600
3627,2011-12-02,6.71000,6.71000,6.65000,6.66000,12300
3628,2011-12-01,6.66000,6.71000,6.61000,6.71000,13400
3629,2011-11-30,6.70000,6.71000,6.56000,6.63000,11700
3630,2011-11-29,6.70000,6.70000,6.64000,6.67000,5600
3631,2011-11-28,6.55000,6.71000,6.55000,6.63000,22900
3632,2011-11-25,6.52000,6.55000,6.51000,6.52000,4000
3633,2011-11-23,6.57000,6.57000,6.46000,6.50000,8600
3634,2011-11-22,6.50000,6.56000,6.50000,6.54000,7300
3635,2011-11-21,6.55000,6.55000,6.45000,6.50000,40000
3636,2011-11-18,6.61000,6.61000,6.54000,6.56000,3900
3637,2011-11-17,6.72000,6.74000,6.60000,6.60000,3900
3638,2011-11-16,6.66000,6.75000,6.66000,6.72000,10500
3639,2011-11-15,6.75000,6.75000,6.62000,6.66000,3500
3640,2011-11-14,6.72000,6.72000,6.70000,6.71000,5700
3641,2011-11-11,6.69000,6.80000,6.69000,6.71000,15600
3642,2011-11-10,6.67000,6.76000,6.66000,6.66000,11300
3643,2011-11-09,6.76000,6.80000,6.60000,6.66000,39700
3644,2011-11-08,6.88000,6.88000,6.76000,6.76000,7300
3645,2011-11-07,6.81000,6.85000,6.78000,6.80000,15200
3646,2011-11-04,6.82000,6.90000,6.76000,6.90000,3400
3647,2011-11-03,6.79000,6.79000,6.75000,6.75000,11500
3648,2011-11-02,6.77000,6.84000,6.72000,6.82000,9300
3649,2011-11-01,6.84000,6.95000,6.75000,6.77000,10000
3650,2011-10-31,6.93000,6.94000,6.85000,6.86000,9600
3651,2011-10-28,6.85000,6.88000,6.83000,6.86000,3900
3652,2011-10-27,6.86000,7.01000,6.80000,6.80000,7200
3653,2011-10-26,6.75000,6.86000,6.72000,6.86000,10200
3654,2011-10-25,6.76000,6.77000,6.48000,6.66000,19500
3655,2011-10-24,6.68000,6.82000,6.68000,6.82000,11200
3656,2011-10-21,6.60000,6.69000,6.49000,6.66000,13000
3657,2011-10-20,6.47000,6.56000,6.47000,6.56000,22400
3658,2011-10-19,6.47000,6.52000,6.47000,6.47000,12500
3659,2011-10-18,6.40000,6.49000,6.40000,6.48000,7300
3660,2011-10-17,6.41000,6.44000,6.40000,6.41000,5300
3661,2011-10-14,6.41000,6.45000,6.41000,6.43000,5100
3662,2011-10-13,6.43000,6.44000,6.39000,6.39000,3800
3663,2011-10-12,6.47000,6.51000,6.43000,6.43000,10700
3664,2011-10-11,6.48000,6.58000,6.43000,6.43000,17200
3665,2011-10-10,6.51000,6.61000,6.51000,6.61000,7000
3666,2011-10-07,6.52000,6.52000,6.39000,6.46000,9800
3667,2011-10-06,6.37000,6.51000,6.37000,6.51000,6900
3668,2011-10-05,6.39000,6.44000,6.23000,6.43000,23000
3669,2011-10-04,6.40000,6.40000,6.20000,6.40000,17500
3670,2011-10-03,6.50000,6.53000,6.46000,6.49000,23300
3671,2011-09-30,6.59000,6.64000,6.50000,6.50000,21300
3672,2011-09-29,6.62000,6.66000,6.54000,6.54000,5100
3673,2011-09-28,6.60000,6.62000,6.57000,6.61000,13600
3674,2011-09-27,6.62000,6.67000,6.60000,6.60000,15300
3675,2011-09-26,6.55000,6.62000,6.54000,6.60000,10800
3676,2011-09-23,6.56000,6.59000,6.50000,6.59000,5600
3677,2011-09-22,6.44000,6.64000,6.41000,6.53000,24500
3678,2011-09-21,6.75000,6.75000,6.61000,6.63000,3600
3679,2011-09-20,6.62000,6.75000,6.60000,6.70000,9300
3680,2011-09-19,6.70000,6.72000,6.54000,6.60000,16800
3681,2011-09-16,6.75000,6.91000,6.72000,6.73000,9400
3682,2011-09-15,6.75000,6.75000,6.67000,6.70000,9400
3683,2011-09-14,6.69000,6.71000,6.63000,6.69000,21400
3684,2011-09-13,6.74000,6.75000,6.72000,6.72000,9400
3685,2011-09-12,6.74000,6.74000,6.66000,6.70000,7700
3686,2011-09-09,6.86000,6.86000,6.80000,6.84000,6200
3687,2011-09-08,6.90000,6.91000,6.81000,6.81000,5200
3688,2011-09-07,6.86000,6.96000,6.83000,6.87000,11900
3689,2011-09-06,6.70000,6.85000,6.70000,6.85000,4700
3690,2011-09-02,6.94000,6.94000,6.82000,6.89000,12500
3691,2011-09-01,7.02000,7.09000,6.94000,7.04000,18300
3692,2011-08-31,6.96000,7.06000,6.87000,7.06000,10500
3693,2011-08-30,6.87000,6.96000,6.81000,6.96000,8300
3694,2011-08-29,6.89000,6.94000,6.78000,6.94000,21500
3695,2011-08-26,6.69000,6.83000,6.68000,6.83000,13900
3696,2011-08-25,6.83000,6.83000,6.54000,6.66000,8900
3697,2011-08-24,6.69000,6.79000,6.69000,6.79000,15200
3698,2011-08-23,6.65000,6.70000,6.65000,6.69000,8500
3699,2011-08-22,6.76000,6.76000,6.56000,6.56000,13900
3700,2011-08-19,6.57000,6.66000,6.42000,6.54000,11300
3701,2011-08-18,6.77000,6.79000,6.60000,6.63000,28200
3702,2011-08-17,6.82000,6.88000,6.71000,6.86000,21900
3703,2011-08-16,6.69000,6.76000,6.69000,6.76000,28200
3704,2011-08-15,6.67000,6.74000,6.67000,6.69000,16400
3705,2011-08-12,6.72000,6.72000,6.62000,6.63000,10400
3706,2011-08-11,6.41000,6.62000,6.41000,6.59000,34400
3707,2011-08-10,6.47000,6.53000,6.40000,6.53000,18300
3708,2011-08-09,6.18000,6.50000,6.11000,6.50000,30100
3709,2011-08-08,6.05000,6.64000,6.01000,6.30000,80500
3710,2011-08-05,7.08000,7.13000,6.47000,6.81000,43500
3711,2011-08-04,7.40000,7.42000,7.05000,7.08000,37900
3712,2011-08-03,7.35000,7.39000,7.30000,7.39000,19400
3713,2011-08-02,7.36000,7.36000,7.30000,7.31000,5900
3714,2011-08-01,7.11000,7.53000,7.11000,7.31000,26300
3715,2011-07-29,7.25000,7.25000,6.97000,7.04000,61100
3716,2011-07-28,7.55000,7.55000,6.81000,7.25000,62900
3717,2011-07-27,7.60000,7.67000,7.54000,7.56000,9200
3718,2011-07-26,7.70000,7.70000,7.57000,7.63000,16900
3719,2011-07-25,7.63000,7.73000,7.57000,7.70000,21200
3720,2011-07-22,7.61000,7.82000,7.56000,7.73000,23500
3721,2011-07-21,7.65000,7.65000,7.52000,7.55000,11100
3722,2011-07-20,7.56000,7.56000,7.47000,7.55000,8000
3723,2011-07-19,7.51000,7.63000,7.50000,7.53000,21500
3724,2011-07-18,7.60000,7.64000,7.50000,7.53000,5500
3725,2011-07-15,7.63000,7.64000,7.51000,7.63000,30900
3726,2011-07-14,7.70000,7.73000,7.65000,7.65000,7600
3727,2011-07-13,7.72000,7.77000,7.65000,7.76000,5600
3728,2011-07-12,7.82000,7.82000,7.60000,7.67000,17400
3729,2011-07-11,7.91000,7.92000,7.76000,7.85000,17800
3730,2011-07-08,7.88000,7.93000,7.88000,7.93000,11000
3731,2011-07-07,7.84000,7.90000,7.82000,7.85000,3900
3732,2011-07-06,7.87000,7.91000,7.78000,7.83000,14100
3733,2011-07-05,7.81000,7.91000,7.81000,7.83000,12500
3734,2011-07-01,7.91000,7.91000,7.76000,7.80000,24100
3735,2011-06-30,7.94000,7.94000,7.80000,7.84000,17300
3736,2011-06-29,7.80000,7.86000,7.80000,7.85000,8500
3737,2011-06-28,7.95000,7.95000,7.81000,7.83000,22000
3738,2011-06-27,7.83000,7.99000,7.83000,7.98000,6200
3739,2011-06-24,7.91000,7.93000,7.81000,7.84000,5600
3740,2011-06-23,7.95000,8.00000,7.91000,7.94000,8100
3741,2011-06-22,8.00000,8.00000,8.00000,8.00000,700
3742,2011-06-21,7.95000,8.03000,7.95000,7.97000,9000
3743,2011-06-20,7.90000,8.00000,7.90000,7.98000,9000
3744,2011-06-17,7.98000,7.99000,7.86000,7.93000,5600
3745,2011-06-16,7.94000,7.94000,7.85000,7.92000,900
3746,2011-06-15,7.93000,8.00000,7.86000,7.99000,15200
3747,2011-06-14,7.91000,7.94000,7.81000,7.94000,18700
3748,2011-06-13,7.91000,7.99000,7.81000,7.94000,14000
3749,2011-06-10,7.95000,7.95000,7.86000,7.88000,7000
3750,2011-06-09,7.97000,7.97000,7.94000,7.94000,5600
3751,2011-06-08,8.04000,8.04000,7.93000,7.93000,9400
3752,2011-06-07,8.06000,8.06000,8.02000,8.06000,4400
3753,2011-06-06,8.05000,8.06000,8.01000,8.06000,6000
3754,2011-06-03,8.05000,8.10000,7.99000,8.00000,14200
3755,2011-06-02,8.03000,8.16000,8.03000,8.05000,12900
3756,2011-06-01,8.06000,8.06000,7.99000,8.06000,12800
3757,2011-05-31,8.10000,8.10000,8.01000,8.02000,12900
3758,2011-05-27,8.04000,8.08000,8.02000,8.08000,3900
3759,2011-05-26,8.11000,8.11000,7.97000,8.00000,24700
3760,2011-05-25,8.18000,8.18000,8.12000,8.15000,4100
3761,2011-05-24,8.05000,8.18000,8.05000,8.18000,7900
3762,2011-05-23,8.03000,8.09000,8.03000,8.09000,8400
3763,2011-05-20,8.11000,8.11000,8.04000,8.06000,3400
3764,2011-05-19,8.15000,8.15000,8.05000,8.10000,2700
3765,2011-05-18,8.08000,8.15000,8.03000,8.15000,9800
3766,2011-05-17,7.98000,8.05000,7.98000,8.05000,7500
3767,2011-05-16,7.97000,8.04000,7.96000,8.04000,21700
3768,2011-05-13,8.12000,8.12000,8.01000,8.01000,5500
3769,2011-05-12,8.03000,8.13000,8.01000,8.13000,14000
3770,2011-05-11,8.00000,8.03000,7.98000,8.01000,10200
3771,2011-05-10,8.05000,8.08000,7.96000,8.00000,13500
3772,2011-05-09,8.07000,8.10000,8.01000,8.10000,20000
3773,2011-05-06,8.05000,8.08000,8.05000,8.07000,8800
3774,2011-05-05,7.93000,8.06000,7.93000,8.01000,8000
3775,2011-05-04,8.05000,8.05000,7.91000,7.96000,11000
3776,2011-05-03,8.04000,8.09000,8.03000,8.05000,3200
3777,2011-05-02,8.12000,8.12000,8.07000,8.12000,14000
3778,2011-04-29,8.11000,8.11000,8.00000,8.00000,17000
3779,2011-04-28,8.10000,8.12000,8.05000,8.05000,12500
3780,2011-04-27,8.09000,8.10000,8.03000,8.10000,3500
3781,2011-04-26,8.05000,8.10000,8.00000,8.02000,4400
3782,2011-04-25,8.01000,8.05000,7.97000,8.04000,6400
3783,2011-04-21,8.00000,8.02000,7.98000,8.02000,2100
3784,2011-04-20,8.01000,8.07000,7.97000,8.00000,10000
3785,2011-04-19,8.09000,8.10000,7.95000,8.00000,6700
3786,2011-04-18,8.14000,8.14000,7.99000,8.03000,5500
3787,2011-04-15,8.01000,8.14000,7.95000,8.08000,10600
3788,2011-04-14,8.02000,8.03000,7.81000,7.95000,58600
3789,2011-04-13,8.19000,8.19000,8.03000,8.03000,11600
3790,2011-04-12,8.12000,8.22000,8.10000,8.10000,4600
3791,2011-04-11,8.18000,8.22000,8.09000,8.09000,5700
3792,2011-04-08,8.24000,8.24000,8.07000,8.24000,13600
3793,2011-04-07,8.24000,8.25000,8.22000,8.25000,9100
3794,2011-04-06,8.17000,8.25000,8.17000,8.25000,8600
3795,2011-04-05,8.04000,8.09000,8.04000,8.09000,1200
3796,2011-04-04,8.11000,8.19000,8.04000,8.04000,13800
3797,2011-04-01,8.11000,8.15000,8.07000,8.15000,13400
3798,2011-03-31,8.10000,8.19000,8.07000,8.19000,11000
3799,2011-03-30,8.15000,8.19000,8.03000,8.03000,3500
3800,2011-03-29,8.00000,8.13000,8.00000,8.08000,6100
3801,2011-03-28,8.15000,8.15000,8.00000,8.00000,15400
3802,2011-03-25,8.10000,8.11000,8.05000,8.11000,6900
3803,2011-03-24,8.13000,8.15000,7.97000,8.03000,13000
3804,2011-03-23,7.98000,8.07000,7.92000,8.07000,8200
3805,2011-03-22,8.01000,8.06000,7.87000,7.90000,14800
3806,2011-03-21,8.24000,8.24000,7.88000,8.04000,33900
3807,2011-03-18,8.13000,8.23000,8.07000,8.23000,10100
3808,2011-03-17,7.98000,8.11000,7.98000,8.11000,10000
3809,2011-03-16,7.91000,7.98000,7.91000,7.97000,8700
3810,2011-03-15,7.82000,7.99000,7.75000,7.94000,12100
3811,2011-03-14,7.92000,7.97000,7.90000,7.93000,3400
3812,2011-03-11,7.80000,7.98000,7.80000,7.92000,11700
3813,2011-03-10,7.81000,7.98000,7.76000,7.90000,26800
3814,2011-03-09,7.93000,8.00000,7.89000,7.89000,11100
3815,2011-03-08,7.95000,8.11000,7.93000,7.99000,12700
3816,2011-03-07,8.04000,8.13000,7.98000,7.98000,8400
3817,2011-03-04,8.11000,8.24000,8.04000,8.12000,4100
3818,2011-03-03,8.10000,8.15000,8.10000,8.12000,15500
3819,2011-03-02,8.03000,8.06000,8.03000,8.06000,6800
3820,2011-03-01,7.95000,8.05000,7.83000,8.04000,17200
3821,2011-02-28,8.00000,8.00000,7.92000,7.96000,6200
3822,2011-02-25,7.99000,8.00000,7.95000,8.00000,9600
3823,2011-02-24,7.99000,7.99000,7.90000,7.92000,6700
3824,2011-02-23,8.00000,8.00000,7.92000,7.95000,9200
3825,2011-02-22,7.92000,8.00000,7.92000,7.97000,7500
3826,2011-02-18,8.00000,8.00000,7.94000,8.00000,11600
3827,2011-02-17,7.87000,7.94000,7.82000,7.93000,8700
3828,2011-02-16,7.90000,7.90000,7.81000,7.87000,23700
3829,2011-02-15,7.79000,7.88000,7.75000,7.87000,16400
3830,2011-02-14,7.81000,7.85000,7.77000,7.79000,8300
3831,2011-02-11,7.71000,7.89000,7.71000,7.84000,20600
3832,2011-02-10,7.68000,7.72000,7.65000,7.66000,12500
3833,2011-02-09,7.76000,7.76000,7.66000,7.72000,20700
3834,2011-02-08,7.68000,7.74000,7.66000,7.71000,10100
3835,2011-02-07,7.58000,7.67000,7.58000,7.67000,8900
3836,2011-02-04,7.70000,7.70000,7.53000,7.53000,30500
3837,2011-02-03,7.63000,7.68000,7.60000,7.68000,5000
3838,2011-02-02,7.60000,7.70000,7.51000,7.63000,12200
3839,2011-02-01,7.68000,7.75000,7.57000,7.67000,42400
3840,2011-01-31,7.68000,7.71000,7.56000,7.68000,6500
3841,2011-01-28,7.69000,7.70000,7.59000,7.63000,10200
3842,2011-01-27,7.61000,7.69000,7.61000,7.69000,29400
3843,2011-01-26,7.57000,7.59000,7.52000,7.56000,11300
3844,2011-01-25,7.55000,7.55000,7.54000,7.54000,900
3845,2011-01-24,7.48000,7.55000,7.48000,7.54000,6000
3846,2011-01-21,7.53000,7.56000,7.52000,7.54000,4400
3847,2011-01-20,7.53000,7.54000,7.47000,7.47000,13600
3848,2011-01-19,7.56000,7.65000,7.53000,7.57000,7200
3849,2011-01-18,7.61000,7.65000,7.56000,7.63000,13400
3850,2011-01-14,7.60000,7.68000,7.58000,7.65000,17900
3851,2011-01-13,7.68000,7.69000,7.52000,7.53000,17300
3852,2011-01-12,7.79000,7.79000,7.54000,7.70000,17400
3853,2011-01-11,7.67000,7.78000,7.66000,7.77000,44600
3854,2011-01-10,7.66000,7.66000,7.64000,7.66000,14500
3855,2011-01-07,7.60000,7.66000,7.58000,7.60000,5600
3856,2011-01-06,7.58000,7.64000,7.50000,7.60000,6200
3857,2011-01-05,7.55000,7.55000,7.55000,7.55000,1400
3858,2011-01-04,7.47000,7.55000,7.45000,7.55000,16800
3859,2011-01-03,7.48000,7.50000,7.36000,7.40000,11800
3860,2010-12-31,7.49000,7.49000,7.38000,7.38000,5800
3861,2010-12-30,7.40000,7.48000,7.35000,7.44000,9900
3862,2010-12-29,7.40000,7.44000,7.38000,7.44000,13000
3863,2010-12-28,7.32000,7.40000,7.32000,7.40000,12100
3864,2010-12-27,7.34000,7.38000,7.31000,7.36000,7400
3865,2010-12-23,7.35000,7.40000,7.30000,7.31000,11200
3866,2010-12-22,7.30000,7.32000,7.29000,7.29000,10600
3867,2010-12-21,7.39000,7.40000,7.25000,7.29000,5200
3868,2010-12-20,7.40000,7.40000,7.25000,7.29000,9900
3869,2010-12-17,7.68000,7.68000,7.22000,7.40000,32400
3870,2010-12-16,7.20000,7.58000,7.20000,7.58000,22700
3871,2010-12-15,7.33000,7.37000,7.20000,7.24000,12200
3872,2010-12-14,7.59000,7.59000,7.33000,7.34000,47300
3873,2010-12-13,7.67000,7.70000,7.36000,7.55000,23300
3874,2010-12-10,7.64000,7.67000,7.54000,7.67000,14700
3875,2010-12-09,7.50000,7.71000,7.40000,7.60000,22100
3876,2010-12-08,7.51000,7.51000,7.38000,7.47000,8500
3877,2010-12-07,7.42000,7.56000,7.42000,7.43000,12000
3878,2010-12-06,7.40000,7.48000,7.40000,7.45000,3800
3879,2010-12-03,7.35000,7.44000,7.35000,7.41000,9200
3880,2010-12-02,7.40000,7.45000,7.35000,7.40000,5300
3881,2010-12-01,7.43000,7.52000,7.41000,7.47000,10200
3882,2010-11-30,7.33000,7.45000,7.28000,7.42000,17600
3883,2010-11-29,7.26000,7.34000,7.25000,7.28000,11200
3884,2010-11-26,7.35000,7.35000,7.27000,7.27000,1600
3885,2010-11-24,7.32000,7.40000,7.20000,7.29000,20800
3886,2010-11-23,7.34000,7.40000,7.23000,7.35000,24900
3887,2010-11-22,7.28000,7.35000,7.28000,7.33000,5900
3888,2010-11-19,7.21000,7.36000,7.21000,7.34000,2700
3889,2010-11-18,7.19000,7.39000,7.19000,7.27000,33300
3890,2010-11-17,7.15000,7.30000,7.12000,7.24000,35400
3891,2010-11-16,7.44000,7.44000,7.00000,7.20000,64300
3892,2010-11-15,7.54000,7.64000,7.50000,7.55000,22000
3893,2010-11-12,7.71000,7.72000,7.50000,7.57000,26900
3894,2010-11-11,7.74000,7.76000,7.71000,7.71000,4800
3895,2010-11-10,7.71000,7.84000,7.71000,7.73000,15300
3896,2010-11-09,7.85000,7.85000,7.85000,7.85000,1500
3897,2010-11-08,7.81000,7.89000,7.81000,7.85000,8300
3898,2010-11-05,7.80000,7.88000,7.80000,7.83000,13500
3899,2010-11-04,7.82000,7.93000,7.79000,7.81000,45600
3900,2010-11-03,7.90000,7.96000,7.90000,7.91000,8300
3901,2010-11-02,7.88000,7.95000,7.88000,7.93000,18500
3902,2010-11-01,8.02000,8.03000,7.67000,7.82000,31600
3903,2010-10-29,8.01000,8.01000,7.89000,7.95000,11300
3904,2010-10-28,7.97000,7.98000,7.90000,7.98000,9700
3905,2010-10-27,7.97000,8.06000,7.97000,7.98000,2100
3906,2010-10-26,8.00000,8.02000,7.94000,8.02000,9000
3907,2010-10-25,8.02000,8.02000,7.89000,7.93000,8000
3908,2010-10-22,8.08000,8.08000,7.95000,7.95000,20600
3909,2010-10-21,7.97000,8.10000,7.97000,8.10000,14200
3910,2010-10-20,8.09000,8.09000,7.99000,7.99000,18900
3911,2010-10-19,8.05000,8.10000,8.01000,8.10000,6700
3912,2010-10-18,8.10000,8.12000,8.02000,8.02000,11000
3913,2010-10-15,8.08000,8.08000,8.00000,8.07000,11100
3914,2010-10-14,8.10000,8.10000,8.00000,8.00000,10500
3915,2010-10-13,8.12000,8.12000,8.05000,8.10000,6500
3916,2010-10-12,8.07000,8.07000,8.03000,8.04000,4100
3917,2010-10-11,8.14000,8.14000,8.07000,8.14000,7000
3918,2010-10-08,8.09000,8.22000,8.04000,8.18000,26600
3919,2010-10-07,8.06000,8.10000,8.03000,8.03000,7700
3920,2010-10-06,8.01000,8.13000,8.01000,8.07000,21500
3921,2010-10-05,8.12000,8.12000,8.01000,8.06000,7200
3922,2010-10-04,8.09000,8.12000,8.00000,8.04000,10500
3923,2010-10-01,8.12000,8.14000,8.04000,8.04000,19600
3924,2010-09-30,8.10000,8.10000,8.00000,8.03000,6300
3925,2010-09-29,8.04000,8.04000,7.99000,8.02000,6700
3926,2010-09-28,8.07000,8.10000,8.05000,8.08000,8200
3927,2010-09-27,7.99000,8.07000,7.99000,8.00000,6700
3928,2010-09-24,8.06000,8.06000,7.95000,7.99000,10600
3929,2010-09-23,8.06000,8.08000,7.95000,7.98000,14800
3930,2010-09-22,8.16000,8.18000,8.04000,8.10000,22100
3931,2010-09-21,7.98000,8.16000,7.93000,8.06000,28500
3932,2010-09-20,8.03000,8.06000,7.93000,7.95000,21300
3933,2010-09-17,7.93000,8.06000,7.93000,8.06000,23800
3934,2010-09-16,7.98000,8.02000,7.93000,7.95000,17700
3935,2010-09-15,7.96000,7.97000,7.92000,7.94000,4200
3936,2010-09-14,8.08000,8.08000,7.95000,7.95000,14700
3937,2010-09-13,8.04000,8.11000,7.91000,8.01000,18000
3938,2010-09-10,8.13000,8.17000,8.01000,8.09000,14500
3939,2010-09-09,8.18000,8.20000,8.08000,8.18000,19100
3940,2010-09-08,8.10000,8.25000,8.03000,8.14000,28700
3941,2010-09-07,7.98000,8.12000,7.98000,8.10000,15800
3942,2010-09-03,7.95000,8.07000,7.95000,7.98000,32100
3943,2010-09-02,8.03000,8.08000,7.93000,7.96000,64400
3944,2010-09-01,8.02000,8.15000,7.98000,8.00000,7200
3945,2010-08-31,8.08000,8.08000,7.90000,7.92000,33800
3946,2010-08-30,8.02000,8.06000,7.96000,8.06000,27600
3947,2010-08-27,8.01000,8.03000,7.93000,7.93000,76500
3948,2010-08-26,8.08000,8.08000,7.97000,8.00000,25000
3949,2010-08-25,7.97000,8.08000,7.97000,8.03000,18400
3950,2010-08-24,7.92000,8.01000,7.92000,8.00000,8800
3951,2010-08-23,7.92000,8.04000,7.92000,7.99000,9200
3952,2010-08-20,7.85000,8.05000,7.85000,7.98000,85800
3953,2010-08-19,7.91000,7.94000,7.87000,7.90000,78900
3954,2010-08-18,7.94000,7.97000,7.85000,7.90000,11500
3955,2010-08-17,8.02000,8.09000,7.86000,7.90000,49800
3956,2010-08-16,8.01000,8.09000,7.99000,7.99000,22000
3957,2010-08-13,8.10000,8.10000,8.00000,8.07000,26400
3958,2010-08-12,8.13000,8.13000,7.93000,8.10000,12200
3959,2010-08-11,8.15000,8.15000,7.98000,8.09000,30700
3960,2010-08-10,8.15000,8.15000,8.05000,8.14000,8500
3961,2010-08-09,8.18000,8.18000,8.10000,8.10000,10000
3962,2010-08-06,7.97000,8.22000,7.95000,8.15000,65200
3963,2010-08-05,8.04000,8.04000,7.94000,7.97000,30200
3964,2010-08-04,8.00000,8.00000,7.94000,8.00000,36600
3965,2010-08-03,7.90000,7.95000,7.87000,7.95000,17600
3966,2010-08-02,8.00000,8.00000,7.87000,7.93000,23800
3967,2010-07-30,7.92000,7.98000,7.87000,7.93000,18000
3968,2010-07-29,7.96000,7.96000,7.86000,7.86000,3500
3969,2010-07-28,7.94000,7.94000,7.82000,7.86000,16300
3970,2010-07-27,7.90000,7.98000,7.87000,7.87000,10500
3971,2010-07-26,7.89000,7.97000,7.79000,7.97000,9300
3972,2010-07-23,7.81000,7.98000,7.81000,7.97000,6800
3973,2010-07-22,7.85000,7.99000,7.72000,7.86000,7400
3974,2010-07-21,7.82000,7.95000,7.70000,7.72000,27800
3975,2010-07-20,7.88000,7.93000,7.80000,7.81000,21600
3976,2010-07-19,7.85000,8.00000,7.85000,8.00000,14800
3977,2010-07-16,8.00000,8.00000,7.87000,7.93000,8400
3978,2010-07-15,8.00000,8.00000,7.92000,7.98000,4600
3979,2010-07-14,7.99000,7.99000,7.95000,7.99000,7900
3980,2010-07-13,7.89000,8.17000,7.89000,7.98000,34500
3981,2010-07-12,7.89000,7.97000,7.89000,7.96000,11000
3982,2010-07-09,7.98000,8.09000,7.85000,7.89000,30400
3983,2010-07-08,7.93000,7.94000,7.78000,7.94000,15600
3984,2010-07-07,8.00000,8.00000,7.95000,7.95000,11600
3985,2010-07-06,8.03000,8.05000,7.88000,7.98000,22200
3986,2010-07-02,7.97000,7.97000,7.89000,7.94000,13500
3987,2010-07-01,7.95000,7.95000,7.85000,7.92000,6200
3988,2010-06-30,7.98000,7.98000,7.93000,7.98000,8500
3989,2010-06-29,7.85000,8.01000,7.77000,8.01000,14600
3990,2010-06-28,7.95000,7.98000,7.77000,7.85000,14600
3991,2010-06-25,7.77000,7.98000,7.70000,7.92000,29200
3992,2010-06-24,7.82000,7.84000,7.73000,7.73000,17700
3993,2010-06-23,7.85000,8.00000,7.75000,7.75000,36600
3994,2010-06-22,7.85000,8.00000,7.80000,7.95000,17100
3995,2010-06-21,7.79000,7.99000,7.74000,7.85000,16600
3996,2010-06-18,7.78000,8.00000,7.78000,7.82000,18700
3997,2010-06-17,7.95000,8.02000,7.73000,7.78000,11000
3998,2010-06-16,8.05000,8.05000,7.70000,7.80000,32700
3999,2010-06-15,8.20000,8.20000,7.98000,8.02000,22900
4000,2010-06-14,8.00000,8.21000,7.89000,7.98000,33800
4001,2010-06-11,7.58000,7.83000,7.58000,7.83000,17500
4002,2010-06-10,7.49000,7.71000,7.49000,7.57000,13500
4003,2010-06-09,8.31000,8.31000,7.38000,7.39000,98700
4004,2010-06-08,8.40000,8.56000,8.11000,8.11000,47700
4005,2010-06-07,8.56000,8.70000,8.36000,8.45000,39900
4006,2010-06-04,8.15000,8.36000,8.05000,8.35000,29000
4007,2010-06-03,8.27000,8.55000,8.15000,8.16000,66000
4008,2010-06-02,7.90000,8.32000,7.80000,8.27000,58200
4009,2010-06-01,7.87000,7.87000,7.61000,7.70000,54000
4010,2010-05-28,7.70000,7.70000,7.53000,7.63000,11800
4011,2010-05-27,7.64000,7.64000,7.42000,7.55000,18300
4012,2010-05-26,7.47000,7.61000,7.17000,7.41000,33300
4013,2010-05-25,6.83000,7.17000,6.83000,7.17000,32000
4014,2010-05-24,6.98000,7.12000,6.90000,7.12000,19000
4015,2010-05-21,7.12000,7.12000,6.60000,6.82000,191000
4016,2010-05-20,7.05000,7.41000,6.95000,7.25000,42100
4017,2010-05-19,7.60000,7.60000,7.13000,7.20000,24500
4018,2010-05-18,7.35000,7.48000,7.32000,7.46000,30400
4019,2010-05-17,7.37000,7.45000,7.30000,7.30000,15800
4020,2010-05-14,7.98000,7.98000,7.20000,7.37000,75700
4021,2010-05-13,8.00000,8.10000,7.75000,7.98000,33600
4022,2010-05-12,8.29000,8.48000,8.00000,8.11000,64000
4023,2010-05-11,8.13000,8.20000,7.83000,8.12000,57300
4024,2010-05-10,8.21000,9.00000,8.00000,8.27000,91900
4025,2010-05-07,7.30000,8.69000,7.10000,7.90000,179100
4026,2010-05-06,7.65000,7.65000,6.90000,7.01000,63100
4027,2010-05-05,7.41000,7.57000,7.30000,7.56000,16400
4028,2010-05-04,7.61000,7.61000,7.38000,7.42000,21200
4029,2010-05-03,7.74000,7.75000,7.52000,7.70000,27100
4030,2010-04-30,7.50000,7.67000,7.50000,7.67000,21400
4031,2010-04-29,7.43000,7.48000,7.42000,7.42000,6900
4032,2010-04-28,7.41000,7.48000,7.38000,7.42000,7800
4033,2010-04-27,7.57000,7.57000,7.31000,7.37000,20000
4034,2010-04-26,7.63000,7.64000,7.52000,7.52000,21300
4035,2010-04-23,7.51000,7.62000,7.50000,7.54000,40100
4036,2010-04-22,7.44000,7.54000,7.37000,7.50000,17600
4037,2010-04-21,7.63000,7.75000,7.39000,7.50000,19500
4038,2010-04-20,7.66000,7.69000,7.46000,7.54000,6100
4039,2010-04-19,7.29000,7.62000,7.28000,7.53000,17000
4040,2010-04-16,7.35000,7.75000,7.25000,7.26000,26500
4041,2010-04-15,7.40000,7.44000,7.27000,7.40000,24700
4042,2010-04-14,7.23000,7.36000,7.17000,7.36000,11700
4043,2010-04-13,7.10000,7.20000,7.10000,7.15000,6100
4044,2010-04-12,6.99000,7.19000,6.97000,7.10000,37400
4045,2010-04-09,7.26000,7.43000,7.25000,7.29000,26600
4046,2010-04-08,7.30000,7.30000,7.20000,7.24000,12600
4047,2010-04-07,7.14000,7.33000,7.14000,7.26000,19300
4048,2010-04-06,7.09000,7.17000,7.09000,7.17000,7300
4049,2010-04-05,7.12000,7.19000,7.09000,7.11000,8900
4050,2010-04-01,7.05000,7.15000,7.04000,7.10000,11500
4051,2010-03-31,7.05000,7.05000,6.95000,6.99000,12300
4052,2010-03-30,7.01000,7.05000,6.93000,6.99000,9000
4053,2010-03-29,7.00000,7.07000,6.92000,6.95000,6000
4054,2010-03-26,6.88000,6.94000,6.88000,6.89000,8400
4055,2010-03-25,6.99000,6.99000,6.86000,6.89000,11800
4056,2010-03-24,6.98000,6.98000,6.86000,6.87000,17000
4057,2010-03-23,6.85000,6.98000,6.85000,6.92000,14900
4058,2010-03-22,6.89000,6.98000,6.83000,6.89000,6300
4059,2010-03-19,6.95000,6.95000,6.82000,6.95000,4100
4060,2010-03-18,6.89000,7.09000,6.79000,6.90000,19400
4061,2010-03-17,6.84000,6.93000,6.84000,6.89000,4100
4062,2010-03-16,6.92000,7.04000,6.76000,6.81000,27100
4063,2010-03-15,6.87000,6.94000,6.85000,6.86000,5000
4064,2010-03-12,6.90000,6.95000,6.87000,6.87000,15300
4065,2010-03-11,7.02000,7.03000,6.95000,6.95000,9300
4066,2010-03-10,6.90000,7.01000,6.85000,7.01000,11600
4067,2010-03-09,6.87000,6.93000,6.82000,6.90000,4400
4068,2010-03-08,6.77000,6.97000,6.77000,6.95000,14000
4069,2010-03-05,7.00000,7.00000,6.82000,6.82000,17000
4070,2010-03-04,6.98000,6.98000,6.91000,6.93000,14000
4071,2010-03-03,6.91000,6.97000,6.86000,6.94000,13300
4072,2010-03-02,6.93000,6.95000,6.82000,6.91000,34300
4073,2010-03-01,6.77000,6.88000,6.74000,6.87000,25500
4074,2010-02-26,6.63000,6.73000,6.62000,6.73000,4100
4075,2010-02-25,6.59000,6.65000,6.55000,6.63000,6600
4076,2010-02-24,6.58000,6.63000,6.55000,6.60000,9800
4077,2010-02-23,6.51000,6.65000,6.50000,6.60000,18200
4078,2010-02-22,6.44000,6.58000,6.43000,6.46000,25900
4079,2010-02-19,6.59000,6.59000,6.43000,6.52000,14200
4080,2010-02-18,6.61000,6.62000,6.55000,6.59000,15900
4081,2010-02-17,6.64000,6.67000,6.55000,6.57000,8400
4082,2010-02-16,6.93000,6.93000,6.51000,6.55000,50100
4083,2010-02-12,6.80000,6.80000,6.75000,6.80000,3100
4084,2010-02-11,6.89000,6.93000,6.83000,6.83000,11700
4085,2010-02-10,6.83000,6.85000,6.81000,6.85000,15600
4086,2010-02-09,6.85000,6.85000,6.77000,6.79000,7500
4087,2010-02-08,6.64000,6.80000,6.61000,6.80000,8900
4088,2010-02-05,6.94000,6.94000,6.37000,6.56000,82800
4089,2010-02-04,6.84000,6.88000,6.75000,6.85000,13900
4090,2010-02-03,6.86000,6.86000,6.85000,6.85000,6900
4091,2010-02-02,6.85000,6.94000,6.81000,6.86000,17000
4092,2010-02-01,6.84000,6.88000,6.80000,6.85000,15800
4093,2010-01-29,6.84000,6.85000,6.70000,6.84000,16600
4094,2010-01-28,6.76000,6.79000,6.70000,6.77000,3100
4095,2010-01-27,6.76000,6.81000,6.72000,6.72000,18400
4096,2010-01-26,6.84000,6.84000,6.75000,6.79000,7900
4097,2010-01-25,6.85000,6.90000,6.80000,6.84000,30900
4098,2010-01-22,6.86000,6.90000,6.84000,6.87000,9700
4099,2010-01-21,6.84000,6.88000,6.84000,6.86000,19600
4100,2010-01-20,6.89000,6.90000,6.85000,6.90000,15800
4101,2010-01-19,6.90000,6.90000,6.85000,6.90000,35900
4102,2010-01-15,6.93000,6.93000,6.85000,6.90000,7900
4103,2010-01-14,6.87000,6.95000,6.85000,6.93000,10000
4104,2010-01-13,7.01000,7.07000,6.84000,6.95000,36800
4105,2010-01-12,7.23000,7.23000,7.00000,7.00000,19100
4106,2010-01-11,7.20000,7.38000,7.05000,7.25000,22800
4107,2010-01-08,7.12000,7.32000,7.00000,7.05000,19600
4108,2010-01-07,7.02000,7.15000,6.99000,7.05000,13900
4109,2010-01-06,7.02000,7.12000,6.99000,7.09000,11000
4110,2010-01-05,7.11000,7.12000,6.98000,6.98000,54700
4111,2010-01-04,6.99000,7.19000,6.99000,7.11000,17000
4112,2009-12-31,6.98000,7.04000,6.93000,7.03000,15300
4113,2009-12-30,7.00000,7.09000,6.90000,7.04000,18200
4114,2009-12-29,6.98000,7.09000,6.96000,7.09000,11000
4115,2009-12-28,7.02000,7.10000,6.91000,7.04000,13100
4116,2009-12-24,6.99000,7.18000,6.88000,6.95000,19400
4117,2009-12-23,6.90000,6.99000,6.81000,6.92000,26900
4118,2009-12-22,6.82000,6.96000,6.70000,6.80000,49600
4119,2009-12-21,6.63000,7.00000,6.63000,6.70000,88000
4120,2009-12-18,6.34000,6.60000,6.30000,6.59000,20800
4121,2009-12-17,6.31000,6.41000,6.30000,6.40000,13000
4122,2009-12-16,6.48000,6.53000,6.22000,6.30000,32400
4123,2009-12-15,6.43000,6.51000,6.34000,6.42000,7500
4124,2009-12-14,6.35000,6.42000,6.30000,6.42000,8800
4125,2009-12-11,6.30000,6.35000,6.30000,6.34000,2200
4126,2009-12-10,6.29000,6.46000,6.29000,6.30000,8700
4127,2009-12-09,6.33000,6.33000,6.21000,6.21000,5300
4128,2009-12-08,6.46000,6.46000,6.20000,6.32000,12700
4129,2009-12-07,6.39000,6.87000,6.35000,6.51000,20200
4130,2009-12-04,6.40000,6.40000,6.35000,6.35000,3700
4131,2009-12-03,6.32000,6.39000,6.27000,6.36000,6400
4132,2009-12-02,6.21000,6.36000,6.20000,6.33000,12500
4133,2009-12-01,6.15000,6.26000,6.10000,6.21000,54400
4134,2009-11-30,6.16000,6.22000,6.16000,6.21000,7000
4135,2009-11-27,6.35000,6.35000,6.01000,6.16000,25100
4136,2009-11-25,6.30000,6.43000,6.30000,6.33000,11200
4137,2009-11-24,6.22000,6.31000,6.22000,6.30000,2900
4138,2009-11-23,6.16000,6.37000,6.12000,6.18000,28000
4139,2009-11-20,6.15000,6.30000,6.14000,6.15000,17600
4140,2009-11-19,6.31000,6.31000,6.15000,6.18000,12200
4141,2009-11-18,6.40000,6.50000,6.30000,6.31000,22800
4142,2009-11-17,6.55000,6.55000,6.30000,6.45000,7000
4143,2009-11-16,6.49000,6.55000,6.45000,6.55000,6500
4144,2009-11-13,6.40000,6.49000,6.28000,6.45000,5800
4145,2009-11-12,6.49000,6.49000,6.39000,6.40000,2500
4146,2009-11-11,6.39000,6.52000,6.37000,6.42000,17000
4147,2009-11-10,6.33000,6.38000,6.22000,6.37000,8000
4148,2009-11-09,6.43000,6.43000,6.25000,6.40000,26000
4149,2009-11-06,6.29000,6.34000,6.24000,6.32000,7800
4150,2009-11-05,6.34000,6.34000,6.27000,6.29000,13900
4151,2009-11-04,6.30000,6.34000,6.30000,6.34000,1900
4152,2009-11-03,6.28000,6.28000,6.18000,6.28000,5600
4153,2009-11-02,6.22000,6.23000,6.16000,6.23000,19400
4154,2009-10-30,6.28000,6.30000,6.14000,6.23000,12300
4155,2009-10-29,6.23000,6.23000,6.15000,6.17000,3700
4156,2009-10-28,6.20000,6.22000,6.10000,6.10000,14200
4157,2009-10-27,6.22000,6.25000,6.15000,6.21000,12800
4158,2009-10-26,6.24000,6.24000,6.18000,6.21000,1600
4159,2009-10-23,6.20000,6.22000,6.13000,6.18000,7100
4160,2009-10-22,6.23000,6.23000,6.11000,6.13000,12100
4161,2009-10-21,6.13000,6.34000,6.10000,6.22000,11400
4162,2009-10-20,6.10000,6.13000,6.10000,6.13000,1200
4163,2009-10-19,6.09000,6.21000,6.08000,6.11000,17500
4164,2009-10-16,6.07000,6.21000,6.07000,6.11000,10500
4165,2009-10-15,6.16000,6.17000,6.10000,6.17000,10400
4166,2009-10-14,6.26000,6.26000,6.16000,6.17000,8900
4167,2009-10-13,6.17000,6.28000,6.14000,6.18000,15200
4168,2009-10-12,6.25000,6.33000,6.20000,6.20000,15300
4169,2009-10-09,6.21000,6.33000,6.10000,6.23000,11100
4170,2009-10-08,6.17000,6.29000,6.17000,6.20000,16600
4171,2009-10-07,6.25000,6.28000,6.15000,6.20000,14300
4172,2009-10-06,6.25000,6.25000,6.16000,6.25000,9600
4173,2009-10-05,6.10000,6.19000,6.00000,6.19000,11900
4174,2009-10-02,6.26000,6.27000,6.08000,6.08000,17800
4175,2009-10-01,6.28000,6.31000,6.15000,6.29000,31300
4176,2009-09-30,6.36000,6.38000,6.23000,6.26000,23300
4177,2009-09-29,6.43000,6.43000,6.24000,6.36000,30100
4178,2009-09-28,6.43000,6.43000,6.35000,6.39000,5300
4179,2009-09-25,6.36000,6.40000,6.30000,6.38000,13300
4180,2009-09-24,6.40000,6.43000,6.34000,6.34000,37700
4181,2009-09-23,6.35000,6.40000,6.34000,6.37000,7900
4182,2009-09-22,6.25000,6.57000,6.19000,6.34000,29300
4183,2009-09-21,6.08000,6.24000,6.04000,6.19000,21400
4184,2009-09-18,6.08000,6.12000,6.06000,6.11000,17400
4185,2009-09-17,5.95000,6.13000,5.95000,6.06000,11400
4186,2009-09-16,5.97000,6.09000,5.91000,5.91000,20800
4187,2009-09-15,5.81000,5.94000,5.81000,5.90000,4900
4188,2009-09-14,5.77000,5.85000,5.77000,5.85000,8600
4189,2009-09-11,5.85000,5.85000,5.74000,5.74000,10900
4190,2009-09-10,5.89000,5.89000,5.63000,5.82000,30600
4191,2009-09-09,5.87000,5.96000,5.67000,5.89000,36300
4192,2009-09-08,5.89000,5.89000,5.75000,5.84000,35200
4193,2009-09-04,5.80000,5.83000,5.79000,5.83000,2000
4194,2009-09-03,5.70000,5.83000,5.70000,5.72000,8000
4195,2009-09-02,5.80000,5.85000,5.67000,5.77000,6500
4196,2009-09-01,5.70000,5.91000,5.67000,5.87000,25900
4197,2009-08-31,5.85000,5.99000,5.78000,5.78000,12600
4198,2009-08-28,5.83000,5.89000,5.66000,5.85000,24900
4199,2009-08-27,5.67000,5.83000,5.67000,5.83000,2400
4200,2009-08-26,5.66000,5.82000,5.66000,5.82000,8100
4201,2009-08-25,5.75000,5.75000,5.65000,5.66000,13000
4202,2009-08-24,5.76000,5.88000,5.75000,5.75000,3600
4203,2009-08-21,5.71000,5.79000,5.71000,5.79000,6300
4204,2009-08-20,5.67000,5.72000,5.65000,5.67000,7000
4205,2009-08-19,5.90000,5.90000,5.58000,5.72000,9400
4206,2009-08-18,5.87000,5.88000,5.82000,5.82000,7100
4207,2009-08-17,5.79000,5.87000,5.72000,5.87000,7600
4208,2009-08-14,6.00000,6.00000,5.81000,5.83000,8500
4209,2009-08-13,5.80000,6.00000,5.80000,6.00000,8800
4210,2009-08-12,5.89000,5.94000,5.80000,5.80000,54600
4211,2009-08-11,5.79000,5.89000,5.79000,5.89000,1800
4212,2009-08-10,6.00000,6.03000,5.78000,5.78000,5800
4213,2009-08-07,6.20000,6.21000,5.91000,6.00000,16200
4214,2009-08-06,5.90000,6.52000,5.82000,6.27000,18600
4215,2009-08-05,5.72000,5.90000,5.70000,5.86000,12900
4216,2009-08-04,5.55000,5.80000,5.53000,5.66000,19100
4217,2009-08-03,5.55000,5.75000,5.40000,5.40000,17500
4218,2009-07-31,5.53000,5.59000,5.38000,5.55000,8600
4219,2009-07-30,5.68000,5.68000,5.44000,5.47000,5700
4220,2009-07-29,5.57000,5.68000,5.49000,5.58000,9300
4221,2009-07-28,5.60000,5.70000,5.42000,5.70000,18100
4222,2009-07-27,5.45000,5.61000,5.45000,5.56000,13500
4223,2009-07-24,5.43000,5.68000,5.40000,5.40000,13300
4224,2009-07-23,5.43000,5.45000,5.33000,5.39000,13600
4225,2009-07-22,5.38000,5.41000,5.29000,5.35000,5900
4226,2009-07-21,5.27000,5.43000,5.19000,5.32000,19200
4227,2009-07-20,5.27000,5.28000,5.27000,5.28000,5500
4228,2009-07-17,5.27000,5.28000,5.22000,5.27000,6800
4229,2009-07-16,5.19000,5.27000,5.16000,5.27000,6400
4230,2009-07-15,5.20000,5.28000,5.19000,5.19000,2400
4231,2009-07-14,5.22000,5.25000,5.15000,5.20000,2500
4232,2009-07-13,5.05000,5.21000,5.05000,5.15000,10900
4233,2009-07-10,5.20000,5.25000,5.16000,5.19000,11400
4234,2009-07-09,5.21000,5.26000,5.20000,5.26000,8300
4235,2009-07-08,5.17000,5.24000,5.15000,5.24000,3300
4236,2009-07-07,5.24000,5.24000,5.17000,5.23000,10100
4237,2009-07-06,5.16000,5.22000,5.16000,5.20000,4700
4238,2009-07-02,5.15000,5.19000,5.15000,5.19000,11100
4239,2009-07-01,5.15000,5.15000,5.04000,5.15000,5500
4240,2009-06-30,5.12000,5.15000,5.10000,5.14000,6700
4241,2009-06-29,5.00000,5.10000,4.90000,5.06000,14600
4242,2009-06-26,5.10000,5.10000,4.96000,4.96000,9900
4243,2009-06-25,5.12000,5.15000,5.11000,5.15000,6900
4244,2009-06-24,5.06000,5.14000,5.02000,5.14000,2000
4245,2009-06-23,5.01000,5.22000,4.99000,4.99000,12500
4246,2009-06-22,5.10000,5.11000,4.97000,5.05000,12600
4247,2009-06-19,5.08000,5.12000,5.04000,5.11000,9200
4248,2009-06-18,5.10000,5.22000,5.00000,5.02000,6800
4249,2009-06-17,4.97000,5.06000,4.94000,5.00000,6400
4250,2009-06-16,5.14000,5.14000,4.96000,4.96000,5800
4251,2009-06-15,4.95000,5.10000,4.95000,5.10000,5800
4252,2009-06-12,4.99000,5.13000,4.99000,5.05000,12500
4253,2009-06-11,5.00000,5.09000,4.94000,5.09000,8800
4254,2009-06-10,4.94000,5.02000,4.90000,5.02000,7200
4255,2009-06-09,5.06000,5.18000,4.88000,5.05000,22300
4256,2009-06-08,5.13000,5.14000,4.93000,5.02000,8600
4257,2009-06-05,5.10000,5.29000,4.94000,5.13000,11800
4258,2009-06-04,5.08000,5.08000,4.90000,5.03000,21200
4259,2009-06-03,4.94000,5.06000,4.88000,5.03000,29400
4260,2009-06-02,4.83000,5.01000,4.83000,4.90000,9100
4261,2009-06-01,4.95000,4.95000,4.80000,4.85000,12900
4262,2009-05-29,4.91000,4.92000,4.83000,4.88000,4000
4263,2009-05-28,4.68000,4.91000,4.68000,4.83000,5400
4264,2009-05-27,4.75000,4.75000,4.70000,4.70000,3800
4265,2009-05-26,4.73000,4.87000,4.59000,4.73000,19800
4266,2009-05-22,4.60000,4.75000,4.60000,4.69000,4700
4267,2009-05-21,4.51000,4.66000,4.51000,4.66000,20700
4268,2009-05-20,4.70000,4.75000,4.66000,4.74000,23600
4269,2009-05-19,4.61000,4.69000,4.56000,4.69000,1800
4270,2009-05-18,4.57000,4.62000,4.53000,4.58000,7800
4271,2009-05-15,4.54000,4.74000,4.48000,4.51000,16700
4272,2009-05-14,4.50000,4.51000,4.48000,4.50000,7500
4273,2009-05-13,4.52000,4.57000,4.47000,4.49000,12700
4274,2009-05-12,4.61000,4.71000,4.54000,4.55000,20100
4275,2009-05-11,4.60000,4.67000,4.60000,4.65000,7300
4276,2009-05-08,4.67000,4.70000,4.67000,4.70000,9800
4277,2009-05-07,4.66000,4.69000,4.66000,4.69000,3800
4278,2009-05-06,4.49000,4.60000,4.49000,4.59000,6300
4279,2009-05-05,4.52000,4.53000,4.48000,4.49000,13900
4280,2009-05-04,4.43000,4.53000,4.43000,4.53000,8300
4281,2009-05-01,4.40000,4.43000,4.36000,4.43000,10800
4282,2009-04-30,4.46000,4.46000,4.36000,4.36000,7200
4283,2009-04-29,4.35000,4.42000,4.35000,4.42000,4600
4284,2009-04-28,4.28000,4.34000,4.25000,4.33000,6700
4285,2009-04-27,4.39000,4.39000,4.17000,4.36000,34000
4286,2009-04-24,4.34000,4.34000,4.22000,4.30000,14600
4287,2009-04-23,4.21000,4.27000,4.21000,4.24000,5700
4288,2009-04-22,4.27000,4.29000,4.23000,4.23000,11800
4289,2009-04-21,4.12000,4.27000,4.12000,4.27000,3500
4290,2009-04-20,4.24000,4.29000,4.11000,4.13000,19800
4291,2009-04-17,4.17000,4.21000,4.17000,4.20000,5200
4292,2009-04-16,4.17000,4.22000,4.09000,4.20000,11400
4293,2009-04-15,4.12000,4.12000,4.07000,4.07000,8800
4294,2009-04-14,4.00000,4.07000,4.00000,4.07000,5500
4295,2009-04-13,3.90000,4.02000,3.90000,3.90000,17700
4296,2009-04-09,3.97000,4.12000,3.96000,4.00000,10800
4297,2009-04-08,3.91000,4.04000,3.91000,3.94000,27200
4298,2009-04-07,4.12000,4.12000,3.90000,3.91000,14100
4299,2009-04-06,4.09000,4.09000,3.91000,4.08000,17400
4300,2009-04-03,4.11000,4.17000,4.00000,4.03000,8400
4301,2009-04-02,4.10000,4.27000,4.10000,4.18000,9600
4302,2009-04-01,3.98000,4.07000,3.91000,4.03000,5600
4303,2009-03-31,4.00000,4.02000,3.88000,3.88000,1400
4304,2009-03-30,3.90000,4.00000,3.84000,3.97000,6300
4305,2009-03-27,4.00000,4.00000,3.90000,4.00000,15000
4306,2009-03-26,3.94000,4.00000,3.86000,3.99000,10700
4307,2009-03-25,4.00000,4.00000,3.79000,3.84000,9100
4308,2009-03-24,3.81000,3.99000,3.65000,3.99000,15200
4309,2009-03-23,3.78000,3.84000,3.78000,3.84000,25400
4310,2009-03-20,3.82000,3.82000,3.75000,3.77000,2900
4311,2009-03-19,3.84000,3.84000,3.75000,3.75000,8400
4312,2009-03-18,3.78000,3.85000,3.65000,3.84000,12800
4313,2009-03-17,3.75000,3.75000,3.74000,3.74000,3800
4314,2009-03-16,3.66000,3.76000,3.66000,3.74000,7200
4315,2009-03-13,3.82000,3.82000,3.70000,3.71000,23600
4316,2009-03-12,3.42000,3.70000,3.42000,3.68000,14600
4317,2009-03-11,3.61000,3.61000,3.45000,3.53000,3800
4318,2009-03-10,3.37000,3.54000,3.37000,3.54000,2800
4319,2009-03-09,3.52000,3.62000,3.37000,3.37000,24400
4320,2009-03-06,3.65000,4.00000,3.45000,3.85000,19300
4321,2009-03-05,3.90000,3.93000,3.65000,3.67000,7400
4322,2009-03-04,3.95000,3.99000,3.94000,3.94000,1900
4323,2009-03-03,4.00000,4.00000,3.68000,3.85000,8700
4324,2009-03-02,4.09000,4.09000,3.83000,3.90000,18300
4325,2009-02-27,4.18000,4.18000,3.86000,4.09000,24500
4326,2009-02-26,4.11000,4.20000,4.09000,4.19000,4700
4327,2009-02-25,4.16000,4.26000,3.96000,4.14000,24100
4328,2009-02-24,4.08000,4.23000,4.00000,4.23000,12100
4329,2009-02-23,4.23000,4.23000,3.94000,3.96000,16900
4330,2009-02-20,4.16000,4.26000,4.06000,4.26000,23200
4331,2009-02-19,4.39000,4.39000,4.20000,4.20000,16900
4332,2009-02-18,4.31000,4.34000,4.25000,4.25000,8700
4333,2009-02-17,4.29000,4.39000,4.28000,4.28000,24800
4334,2009-02-13,4.20000,4.32000,4.20000,4.32000,7000
4335,2009-02-12,4.25000,4.30000,4.23000,4.30000,2500
4336,2009-02-11,4.33000,4.41000,4.24000,4.35000,2600
4337,2009-02-10,4.40000,4.41000,4.21000,4.40000,2700
4338,2009-02-09,4.31000,4.35000,4.30000,4.35000,2000
4339,2009-02-06,4.35000,4.50000,4.35000,4.45000,8100
4340,2009-02-05,4.40000,4.40000,4.40000,4.40000,2800
4341,2009-02-04,4.40000,4.40000,4.32000,4.35000,18300
4342,2009-02-03,4.41000,4.43000,4.30000,4.40000,15200
4343,2009-02-02,4.44000,4.44000,4.16000,4.41000,21700
4344,2009-01-30,4.24000,4.50000,4.20000,4.47000,21400
4345,2009-01-29,4.04000,4.25000,4.04000,4.17000,16500
4346,2009-01-28,4.25000,4.47000,4.15000,4.17000,12900
4347,2009-01-27,4.25000,4.26000,4.15000,4.15000,9500
4348,2009-01-26,4.16000,4.30000,4.09000,4.30000,6400
4349,2009-01-23,3.87000,4.17000,3.81000,4.06000,12300
4350,2009-01-22,4.18000,4.39000,4.00000,4.11000,15000
4351,2009-01-21,4.35000,4.39000,4.12000,4.26000,4200
4352,2009-01-20,4.19000,4.29000,4.09000,4.28000,9100
4353,2009-01-16,4.12000,4.20000,4.04000,4.20000,11400
4354,2009-01-15,4.12000,4.25000,4.11000,4.20000,15900
4355,2009-01-14,4.30000,4.30000,4.20000,4.22000,10200
4356,2009-01-13,4.21000,4.30000,4.21000,4.30000,5700
4357,2009-01-12,4.38000,4.52000,4.30000,4.30000,32700
4358,2009-01-09,4.48000,4.48000,4.35000,4.38000,19800
4359,2009-01-08,4.33000,4.44000,4.30000,4.40000,16000
4360,2009-01-07,4.29000,4.32000,4.00000,4.31000,32400
4361,2009-01-06,4.19000,4.27000,4.17000,4.27000,17000
4362,2009-01-05,4.10000,4.18000,4.05000,4.11000,24100
4363,2009-01-02,3.93000,4.09000,3.85000,4.08000,44900
4364,2008-12-31,3.67000,3.96000,3.67000,3.90000,38500
4365,2008-12-30,3.75000,3.82000,3.67000,3.82000,13300
4366,2008-12-29,3.58000,3.70000,3.58000,3.70000,19900
4367,2008-12-26,3.67000,3.68000,3.54000,3.58000,7800
4368,2008-12-24,3.53000,3.58000,3.51000,3.58000,11300
4369,2008-12-23,3.42000,3.90000,3.37000,3.63000,18300
4370,2008-12-22,3.50000,3.60000,3.12000,3.33000,17300
4371,2008-12-19,3.30000,3.54000,3.30000,3.40000,28000
4372,2008-12-18,3.31000,3.46000,3.27000,3.39000,7100
4373,2008-12-17,3.17000,3.32000,3.17000,3.30000,17200
4374,2008-12-16,3.25000,3.46000,3.25000,3.45000,18900
4375,2008-12-15,3.46000,3.46000,3.21000,3.32000,7000
4376,2008-12-12,3.08000,3.56000,3.08000,3.56000,16300
4377,2008-12-11,3.44000,3.54000,3.23000,3.23000,43300
4378,2008-12-10,3.73000,3.73000,3.54000,3.54000,2400
4379,2008-12-09,3.78000,3.78000,3.13000,3.78000,21000
4380,2008-12-08,3.85000,3.99000,3.47000,3.90000,26600
4381,2008-12-05,3.50000,3.60000,3.40000,3.60000,12200
4382,2008-12-04,3.69000,3.79000,3.43000,3.60000,13000
4383,2008-12-03,3.70000,3.79000,3.22000,3.79000,10900
4384,2008-12-02,3.79000,3.83000,3.51000,3.80000,10000
4385,2008-12-01,3.79000,3.79000,3.43000,3.64000,15300
4386,2008-11-28,3.71000,3.86000,3.56000,3.86000,5400
4387,2008-11-26,3.40000,3.65000,3.22000,3.65000,24500
4388,2008-11-25,3.60000,3.60000,3.30000,3.33000,13000
4389,2008-11-24,3.47000,3.58000,3.41000,3.50000,11600
4390,2008-11-21,3.20000,3.35000,3.20000,3.35000,12700
4391,2008-11-20,3.25000,3.39000,3.10000,3.10000,27700
4392,2008-11-19,4.00000,4.01000,3.43000,3.46000,29800
4393,2008-11-18,3.85000,4.00000,3.85000,3.99000,8700
4394,2008-11-17,4.06000,4.06000,3.82000,3.92000,11800
4395,2008-11-14,4.04000,4.05000,3.91000,4.05000,20200
4396,2008-11-13,4.07000,4.11000,3.99000,4.11000,20800
4397,2008-11-12,4.18000,4.18000,4.08000,4.09000,12500
4398,2008-11-11,4.36000,4.39000,4.18000,4.24000,16200
4399,2008-11-10,4.40000,4.40000,4.36000,4.36000,2200
4400,2008-11-07,4.52000,4.67000,4.31000,4.42000,23500
4401,2008-11-06,4.68000,4.68000,4.51000,4.55000,16700
4402,2008-11-05,4.79000,4.79000,4.62000,4.73000,5300
4403,2008-11-04,4.70000,4.96000,4.52000,4.89000,10300
4404,2008-11-03,4.84000,4.85000,4.64000,4.79000,17900
4405,2008-10-31,4.80000,4.80000,4.23000,4.75000,7600
4406,2008-10-30,4.61000,4.71000,4.45000,4.68000,2300
4407,2008-10-29,4.45000,4.60000,4.38000,4.52000,3000
4408,2008-10-28,4.80000,4.80000,4.14000,4.63000,17000
4409,2008-10-27,4.25000,4.53000,4.21000,4.53000,12700
4410,2008-10-24,4.43000,4.43000,4.25000,4.25000,6300
4411,2008-10-23,4.49000,4.62000,4.49000,4.62000,4900
4412,2008-10-22,4.66000,4.66000,4.45000,4.63000,9300
4413,2008-10-21,4.82000,4.82000,4.57000,4.70000,6900
4414,2008-10-20,4.87000,5.02000,4.71000,4.95000,29200
4415,2008-10-17,4.20000,4.85000,4.20000,4.82000,18200
4416,2008-10-16,4.53000,4.92000,4.11000,4.33000,50900
4417,2008-10-15,4.76000,4.76000,4.37000,4.48000,9100
4418,2008-10-14,5.15000,5.18000,4.35000,4.84000,35200
4419,2008-10-13,4.00000,4.80000,4.00000,4.80000,23000
4420,2008-10-10,3.60000,3.80000,3.36000,3.75000,55000
4421,2008-10-09,4.41000,4.45000,4.04000,4.14000,21600
4422,2008-10-08,4.28000,5.00000,4.10000,4.35000,36700
4423,2008-10-07,4.81000,4.89000,4.34000,4.49000,18800
4424,2008-10-06,5.20000,5.20000,4.55000,4.72000,23500
4425,2008-10-03,5.24000,5.38000,5.23000,5.23000,5900
4426,2008-10-02,5.50000,5.50000,5.22000,5.22000,10900
4427,2008-10-01,5.30000,5.90000,5.24000,5.74000,35000
4428,2008-09-30,5.43000,5.43000,5.26000,5.40000,13800
4429,2008-09-29,5.62000,5.62000,5.04000,5.21000,17500
4430,2008-09-26,5.60000,5.60000,5.23000,5.56000,7600
4431,2008-09-25,5.65000,5.73000,5.41000,5.63000,20000
4432,2008-09-24,5.53000,5.59000,5.51000,5.51000,1400
4433,2008-09-23,5.60000,5.89000,5.57000,5.62000,10600
4434,2008-09-22,5.95000,5.95000,5.69000,5.73000,17900
4435,2008-09-19,5.46000,5.97000,5.46000,5.95000,22400
4436,2008-09-18,5.11000,5.29000,4.72000,5.23000,69500
4437,2008-09-17,5.43000,5.53000,5.20000,5.20000,57800
4438,2008-09-16,6.00000,6.00000,5.75000,5.75000,20500
4439,2008-09-15,6.53000,6.53000,6.05000,6.06000,10200
4440,2008-09-12,6.46000,6.66000,6.39000,6.49000,26700
4441,2008-09-11,6.61000,6.61000,6.47000,6.48000,3200
4442,2008-09-10,6.59000,6.78000,6.51000,6.52000,27800
4443,2008-09-09,6.69000,6.77000,6.56000,6.56000,8200
4444,2008-09-08,6.76000,6.78000,6.71000,6.78000,2800
4445,2008-09-05,6.70000,6.78000,6.61000,6.71000,11200
4446,2008-09-04,6.79000,6.79000,6.70000,6.70000,500
4447,2008-09-03,6.77000,6.85000,6.65000,6.83000,14100
4448,2008-09-02,6.77000,6.77000,6.70000,6.75000,10200
4449,2008-08-29,6.77000,6.78000,6.65000,6.65000,5500
4450,2008-08-28,6.75000,6.75000,6.66000,6.70000,10000
4451,2008-08-27,6.68000,6.72000,6.64000,6.71000,8300
4452,2008-08-26,6.79000,6.79000,6.65000,6.65000,12700
4453,2008-08-25,6.75000,6.78000,6.70000,6.78000,4400
4454,2008-08-22,6.59000,6.86000,6.59000,6.83000,21200
4455,2008-08-21,6.62000,6.62000,6.50000,6.50000,7300
4456,2008-08-20,6.70000,6.70000,6.62000,6.62000,1200
4457,2008-08-19,6.67000,6.70000,6.60000,6.60000,2700
4458,2008-08-18,6.80000,6.85000,6.67000,6.68000,6000
4459,2008-08-15,6.89000,6.90000,6.76000,6.78000,1700
4460,2008-08-14,6.89000,6.90000,6.83000,6.83000,9100
4461,2008-08-13,6.89000,6.89000,6.83000,6.85000,6600
4462,2008-08-12,6.89000,6.95000,6.89000,6.90000,4800
4463,2008-08-11,6.65000,6.97000,6.65000,6.83000,5600
4464,2008-08-08,6.92000,6.92000,6.61000,6.85000,6100
4465,2008-08-07,6.83000,6.85000,6.80000,6.85000,5600
4466,2008-08-06,6.96000,6.96000,6.80000,6.93000,7100
4467,2008-08-05,6.88000,6.89000,6.80000,6.88000,10100
4468,2008-08-04,6.95000,6.95000,6.71000,6.71000,2300
4469,2008-08-01,6.86000,6.97000,6.78000,6.89000,15400
4470,2008-07-31,6.88000,6.88000,6.67000,6.78000,6500
4471,2008-07-30,6.84000,6.88000,6.65000,6.78000,10000
4472,2008-07-29,6.62000,6.75000,6.62000,6.75000,12000
4473,2008-07-28,6.80000,6.86000,6.66000,6.66000,6800
4474,2008-07-25,6.61000,6.85000,6.60000,6.71000,10800
4475,2008-07-24,6.64000,6.72000,6.60000,6.67000,7900
4476,2008-07-23,6.67000,6.78000,6.60000,6.75000,11900
4477,2008-07-22,6.70000,6.83000,6.60000,6.73000,7300
4478,2008-07-21,6.84000,6.85000,6.65000,6.80000,8100
4479,2008-07-18,6.90000,6.90000,6.64000,6.80000,17100
4480,2008-07-17,6.37000,6.81000,6.37000,6.67000,14000
4481,2008-07-16,6.24000,6.53000,6.24000,6.43000,45700
4482,2008-07-15,6.58000,6.60000,5.93000,6.49000,29200
4483,2008-07-14,6.73000,6.76000,6.71000,6.71000,4200
4484,2008-07-11,6.95000,6.97000,6.78000,6.81000,7200
4485,2008-07-10,6.93000,6.99000,6.93000,6.95000,5700
4486,2008-07-09,6.91000,7.06000,6.83000,6.90000,9700
4487,2008-07-08,6.90000,7.20000,6.83000,7.07000,35300
4488,2008-07-07,7.15000,7.15000,6.96000,7.02000,6500
4489,2008-07-03,6.93000,7.11000,6.93000,7.07000,13300
4490,2008-07-02,7.20000,7.20000,7.00000,7.08000,12100
4491,2008-07-01,7.14000,7.18000,7.10000,7.17000,14300
4492,2008-06-30,7.00000,7.17000,6.95000,7.10000,18300
4493,2008-06-27,7.15000,7.15000,7.03000,7.09000,11100
4494,2008-06-26,7.12000,7.25000,7.07000,7.15000,14700
4495,2008-06-25,7.33000,7.37000,7.26000,7.27000,8800
4496,2008-06-24,7.33000,7.33000,6.86000,7.25000,23200
4497,2008-06-23,7.30000,7.40000,7.30000,7.33000,8000
4498,2008-06-20,7.34000,7.37000,7.27000,7.31000,7300
4499,2008-06-19,7.22000,7.40000,7.22000,7.34000,10800
4500,2008-06-18,7.38000,7.39000,7.03000,7.35000,24300
4501,2008-06-17,7.44000,7.49000,7.38000,7.43000,9000
4502,2008-06-16,7.46000,7.47000,7.40000,7.44000,4300
4503,2008-06-13,7.63000,7.63000,7.45000,7.46000,6600
4504,2008-06-12,7.67000,7.67000,7.48000,7.63000,23700
4505,2008-06-11,7.59000,7.67000,7.55000,7.58000,11400
4506,2008-06-10,7.59000,7.70000,7.49000,7.56000,21700
4507,2008-06-09,7.51000,7.59000,7.51000,7.58000,17300
4508,2008-06-06,7.68000,7.68000,7.52000,7.55000,16100
4509,2008-06-05,7.53000,7.60000,7.53000,7.60000,18500
4510,2008-06-04,7.54000,7.61000,7.51000,7.54000,16100
4511,2008-06-03,7.54000,7.57000,7.53000,7.53000,5200
4512,2008-06-02,7.75000,7.75000,7.51000,7.55000,27900
4513,2008-05-30,7.64000,7.70000,7.60000,7.60000,12900
4514,2008-05-29,7.64000,7.64000,7.55000,7.61000,5200
4515,2008-05-28,7.46000,7.64000,7.46000,7.61000,15500
4516,2008-05-27,7.55000,7.55000,7.46000,7.50000,10000
4517,2008-05-23,7.51000,7.53000,7.46000,7.46000,13600
4518,2008-05-22,7.46000,7.60000,7.46000,7.53000,16800
4519,2008-05-21,7.60000,7.61000,7.50000,7.53000,21500
4520,2008-05-20,7.54000,7.59000,7.54000,7.56000,11500
4521,2008-05-19,7.54000,7.69000,7.53000,7.57000,13200
4522,2008-05-16,7.55000,7.62000,7.54000,7.56000,7100
4523,2008-05-15,7.51000,7.62000,7.50000,7.56000,13200
4524,2008-05-14,7.41000,7.58000,7.41000,7.50000,18100
4525,2008-05-13,7.40000,7.50000,7.35000,7.46000,4400
4526,2008-05-12,7.47000,7.50000,7.40000,7.48000,8700
4527,2008-05-09,7.20000,7.44000,7.20000,7.40000,25800
4528,2008-05-08,7.41000,7.49000,7.40000,7.47000,19700
4529,2008-05-07,7.49000,7.49000,7.37000,7.39000,9600
4530,2008-05-06,7.36000,7.45000,7.36000,7.43000,8200
4531,2008-05-05,7.42000,7.43000,7.38000,7.38000,9700
4532,2008-05-02,7.36000,7.44000,7.35000,7.39000,25200
4533,2008-05-01,7.36000,7.44000,7.28000,7.30000,26900
4534,2008-04-30,7.35000,7.42000,7.29000,7.29000,12900
4535,2008-04-29,7.30000,7.40000,7.19000,7.27000,33200
4536,2008-04-28,7.25000,7.37000,7.21000,7.23000,8100
4537,2008-04-25,7.29000,7.29000,7.18000,7.25000,5200
4538,2008-04-24,7.20000,7.27000,7.12000,7.22000,17200
4539,2008-04-23,7.14000,7.29000,7.10000,7.10000,14200
4540,2008-04-22,7.10000,7.15000,7.10000,7.15000,3900
4541,2008-04-21,7.19000,7.19000,6.77000,7.15000,20900
4542,2008-04-18,7.14000,7.22000,7.14000,7.18000,8700
4543,2008-04-17,7.05000,7.11000,7.05000,7.08000,10200
4544,2008-04-16,7.00000,7.22000,7.00000,7.12000,18900
4545,2008-04-15,6.96000,7.07000,6.96000,6.97000,4700
4546,2008-04-14,7.00000,7.10000,6.96000,6.97000,15700
4547,2008-04-11,7.02000,7.08000,6.99000,7.01000,15800
4548,2008-04-10,7.04000,7.13000,6.97000,7.09000,10100
4549,2008-04-09,7.12000,7.19000,6.99000,7.04000,14700
4550,2008-04-08,7.16000,7.19000,7.15000,7.17000,8100
4551,2008-04-07,7.22000,7.27000,7.16000,7.18000,18500
4552,2008-04-04,7.12000,7.23000,7.12000,7.20000,16600
4553,2008-04-03,7.11000,7.20000,7.09000,7.20000,23900
4554,2008-04-02,7.23000,7.30000,7.13000,7.13000,27500
4555,2008-04-01,7.09000,7.20000,7.00000,7.20000,67800
4556,2008-03-31,7.00000,7.09000,6.96000,7.01000,11500
4557,2008-03-28,7.02000,7.03000,6.88000,6.92000,8900
4558,2008-03-27,6.86000,6.98000,6.86000,6.95000,9300
4559,2008-03-26,7.00000,7.02000,6.69000,6.87000,12800
4560,2008-03-25,6.82000,6.96000,6.82000,6.96000,5500
4561,2008-03-24,6.84000,6.92000,6.74000,6.91000,10300
4562,2008-03-20,6.68000,6.93000,6.67000,6.83000,8400
4563,2008-03-19,6.84000,6.90000,6.69000,6.70000,40300
4564,2008-03-18,6.85000,7.01000,6.80000,6.89000,25100
4565,2008-03-17,6.84000,6.94000,6.71000,6.82000,43000
4566,2008-03-14,7.01000,7.18000,6.96000,7.08000,5700
4567,2008-03-13,7.03000,7.19000,6.96000,7.10000,9000
4568,2008-03-12,7.18000,7.18000,7.05000,7.12000,1200
4569,2008-03-11,7.07000,7.24000,7.07000,7.17000,22700
4570,2008-03-10,7.18000,7.18000,7.00000,7.07000,7900
4571,2008-03-07,7.26000,7.34000,7.17000,7.18000,15600
4572,2008-03-06,7.55000,7.56000,7.32000,7.32000,8000
4573,2008-03-05,7.51000,7.60000,7.30000,7.45000,12400
4574,2008-03-04,7.60000,7.60000,7.22000,7.48000,21800
4575,2008-03-03,7.46000,7.60000,7.30000,7.56000,11000
4576,2008-02-29,7.54000,7.54000,7.33000,7.33000,8300
4577,2008-02-28,7.48000,7.48000,7.39000,7.47000,9100
4578,2008-02-27,7.43000,7.50000,7.40000,7.40000,1000
4579,2008-02-26,7.49000,7.50000,7.27000,7.40000,6400
4580,2008-02-25,7.40000,7.48000,7.18000,7.41000,21000
4581,2008-02-22,7.46000,7.55000,7.25000,7.47000,6600
4582,2008-02-21,7.49000,7.49000,7.38000,7.38000,2700
4583,2008-02-20,7.38000,7.49000,7.38000,7.47000,3700
4584,2008-02-19,7.45000,7.47000,7.42000,7.43000,3100
4585,2008-02-15,7.55000,7.58000,7.38000,7.38000,11800
4586,2008-02-14,7.43000,7.50000,7.30000,7.45000,16000
4587,2008-02-13,7.52000,7.63000,7.41000,7.48000,9500
4588,2008-02-12,7.57000,7.90000,7.54000,7.60000,13500
4589,2008-02-11,7.80000,7.80000,7.60000,7.65000,7900
4590,2008-02-08,7.65000,7.71000,7.59000,7.66000,18700
4591,2008-02-07,7.54000,7.68000,7.53000,7.66000,20100
4592,2008-02-06,7.64000,7.67000,7.54000,7.57000,5600
4593,2008-02-05,7.49000,7.65000,7.48000,7.56000,25000
4594,2008-02-04,7.75000,7.75000,7.43000,7.58000,20300
4595,2008-02-01,7.44000,7.68000,7.41000,7.62000,17700
4596,2008-01-31,7.46000,7.51000,7.41000,7.50000,18500
4597,2008-01-30,7.50000,7.78000,7.37000,7.56000,11200
4598,2008-01-29,7.52000,7.52000,7.37000,7.46000,6300
4599,2008-01-28,7.39000,7.47000,7.25000,7.39000,22500
4600,2008-01-25,7.68000,7.68000,7.27000,7.39000,19800
4601,2008-01-24,7.21000,7.76000,7.13000,7.49000,20800
4602,2008-01-23,7.00000,7.21000,6.95000,7.17000,11200
4603,2008-01-22,7.01000,7.21000,7.00000,7.02000,18300
4604,2008-01-18,7.16000,7.35000,7.16000,7.19000,6800
4605,2008-01-17,7.40000,7.42000,7.21000,7.21000,23600
4606,2008-01-16,7.27000,7.68000,7.27000,7.47000,43400
4607,2008-01-15,7.41000,7.51000,7.40000,7.40000,7600
4608,2008-01-14,7.59000,7.60000,7.40000,7.43000,38100
4609,2008-01-11,7.57000,7.62000,7.45000,7.50000,14300
4610,2008-01-10,7.58000,7.93000,7.32000,7.74000,12200
4611,2008-01-09,7.71000,7.79000,7.61000,7.68000,10400
4612,2008-01-08,7.68000,7.81000,7.64000,7.81000,12800
4613,2008-01-07,7.76000,7.78000,7.66000,7.68000,16600
4614,2008-01-04,7.60000,7.76000,7.54000,7.69000,11000
4615,2008-01-03,7.81000,7.82000,7.55000,7.80000,18100
4616,2008-01-02,7.53000,7.80000,7.52000,7.78000,16800
4617,2007-12-31,7.60000,7.66000,7.44000,7.57000,33100
4618,2007-12-28,7.61000,7.68000,7.42000,7.51000,31400
4619,2007-12-27,7.55000,7.74000,7.45000,7.61000,33700
4620,2007-12-26,7.55000,7.71000,7.54000,7.63000,22900
4621,2007-12-24,7.62000,7.68000,7.56000,7.68000,7800
4622,2007-12-21,7.54000,7.63000,7.44000,7.60000,29200
4623,2007-12-20,7.54000,7.54000,7.44000,7.46000,19700
4624,2007-12-19,7.56000,7.58000,7.48000,7.48000,28100
4625,2007-12-18,7.62000,7.66000,7.52000,7.57000,22900
4626,2007-12-17,7.61000,7.74000,7.51000,7.56000,19400
4627,2007-12-14,7.58000,7.83000,7.58000,7.60000,29300
4628,2007-12-13,7.88000,7.89000,7.59000,7.62000,30500
4629,2007-12-12,7.88000,7.97000,7.88000,7.94000,13300
4630,2007-12-11,8.00000,8.00000,7.78000,7.80000,8500
4631,2007-12-10,7.73000,8.05000,7.73000,7.93000,50900
4632,2007-12-07,7.84000,7.97000,7.84000,7.89000,12400
4633,2007-12-06,8.07000,8.07000,7.83000,7.90000,7800
4634,2007-12-05,7.81000,8.07000,7.81000,8.00000,34600
4635,2007-12-04,7.58000,8.10000,7.58000,8.09000,9700
4636,2007-12-03,7.83000,7.97000,7.75000,7.78000,26500
4637,2007-11-30,7.72000,7.97000,7.72000,7.89000,14700
4638,2007-11-29,8.10000,8.14000,7.65000,7.70000,29200
4639,2007-11-28,7.85000,8.14000,7.85000,8.02000,21400
4640,2007-11-27,7.90000,8.14000,7.61000,7.94000,32600
4641,2007-11-26,7.91000,8.00000,7.61000,7.83000,23200
4642,2007-11-23,7.75000,7.94000,7.62000,7.80000,28700
4643,2007-11-21,8.00000,8.00000,7.62000,7.73000,33100
4644,2007-11-20,8.11000,8.13000,8.01000,8.01000,5100
4645,2007-11-19,8.16000,8.16000,7.83000,8.09000,24400
4646,2007-11-16,8.34000,8.50000,8.01000,8.18000,21400
4647,2007-11-15,8.30000,8.30000,8.13000,8.16000,13000
4648,2007-11-14,8.33000,8.41000,8.11000,8.20000,12100
4649,2007-11-13,8.21000,8.41000,8.13000,8.37000,30700
4650,2007-11-12,8.27000,8.50000,8.17000,8.20000,23000
4651,2007-11-09,8.34000,8.46000,8.25000,8.25000,9600
4652,2007-11-08,8.35000,8.50000,8.27000,8.40000,21200
4653,2007-11-07,8.52000,8.88000,8.30000,8.37000,27600
4654,2007-11-06,8.65000,9.03000,8.50000,8.70000,51700
4655,2007-11-05,8.48000,9.03000,8.46000,8.59000,69800
4656,2007-11-02,8.55000,8.67000,8.45000,8.50000,43100
4657,2007-11-01,8.45000,8.62000,8.44000,8.49000,51900
4658,2007-10-31,8.52000,8.61000,8.36000,8.44000,40700
4659,2007-10-30,8.67000,8.97000,8.59000,8.66000,32900
4660,2007-10-29,8.65000,8.84000,8.65000,8.80000,5100
4661,2007-10-26,8.75000,8.86000,8.56000,8.57000,10700
4662,2007-10-25,8.80000,8.91000,8.54000,8.54000,9900
4663,2007-10-24,8.80000,8.89000,8.63000,8.80000,5800
4664,2007-10-23,9.00000,9.00000,8.70000,8.95000,1100
4665,2007-10-22,9.00000,9.00000,8.80000,8.80000,4900
4666,2007-10-19,8.93000,9.21000,8.63000,8.63000,17100
4667,2007-10-18,9.29000,9.29000,8.84000,8.94000,10900
4668,2007-10-17,9.00000,9.20000,8.97000,9.19000,9800
4669,2007-10-16,9.03000,9.15000,8.95000,9.03000,11700
4670,2007-10-15,9.01000,9.15000,9.00000,9.15000,19800
4671,2007-10-12,9.05000,9.15000,9.00000,9.01000,10200
4672,2007-10-11,9.05000,9.11000,9.00000,9.01000,17400
4673,2007-10-10,9.14000,9.18000,9.02000,9.05000,4800
4674,2007-10-09,9.14000,9.20000,9.04000,9.07000,20100
4675,2007-10-08,9.28000,9.29000,9.21000,9.29000,2200
4676,2007-10-05,9.22000,9.26000,9.10000,9.23000,6300
4677,2007-10-04,9.05000,9.25000,9.05000,9.22000,16100
4678,2007-10-03,9.10000,9.21000,9.10000,9.20000,10200
4679,2007-10-02,9.02000,9.20000,9.02000,9.19000,19300
4680,2007-10-01,9.23000,9.24000,9.15000,9.20000,8600
4681,2007-09-28,9.11000,9.31000,9.11000,9.16000,8000
4682,2007-09-27,9.37000,9.44000,9.16000,9.21000,7100
4683,2007-09-26,9.28000,9.44000,9.20000,9.22000,7700
4684,2007-09-25,9.40000,9.47000,9.00000,9.30000,8100
4685,2007-09-24,9.22000,9.42000,9.09000,9.36000,6600
4686,2007-09-21,9.11000,9.30000,9.11000,9.25000,15900
4687,2007-09-20,9.25000,9.39000,9.21000,9.26000,9900
4688,2007-09-19,9.70000,9.73000,9.20000,9.28000,12300
4689,2007-09-18,9.61000,9.63000,9.60000,9.60000,8500
4690,2007-09-17,9.70000,9.73000,9.37000,9.51000,8500
4691,2007-09-14,9.31000,9.31000,9.31000,9.31000,200
4692,2007-09-13,9.35000,9.38000,9.26000,9.28000,6200
4693,2007-09-12,9.55000,9.55000,9.26000,9.40000,5800
4694,2007-09-11,9.65000,9.68000,9.42000,9.59000,3800
4695,2007-09-10,9.14000,9.74000,9.14000,9.69000,23800
4696,2007-09-07,9.22000,9.70000,9.11000,9.40000,11100
4697,2007-09-06,9.40000,9.54000,9.28000,9.40000,7300
4698,2007-09-05,9.60000,9.65000,9.20000,9.32000,22400
4699,2007-09-04,9.70000,9.72000,9.39000,9.50000,12400
4700,2007-08-31,9.75000,9.75000,9.50000,9.50000,3400
4701,2007-08-30,9.60000,9.84000,9.11000,9.55000,18300
4702,2007-08-29,9.73000,9.88000,9.71000,9.87000,4400
4703,2007-08-28,9.80000,10.00000,9.50000,9.62000,13900
4704,2007-08-27,9.80000,9.92000,9.61000,9.74000,6100
4705,2007-08-24,9.90000,9.90000,9.80000,9.86000,18400
4706,2007-08-23,9.59000,9.95000,9.25000,9.89000,62000
4707,2007-08-22,8.75000,9.09000,8.74000,9.09000,19900
4708,2007-08-21,8.55000,8.68000,8.55000,8.68000,16900
4709,2007-08-20,8.66000,8.69000,8.40000,8.49000,18600
4710,2007-08-17,8.70000,8.95000,7.88000,8.50000,29900
4711,2007-08-16,8.11000,8.27000,7.32000,8.08000,58500
4712,2007-08-15,8.55000,8.55000,7.91000,8.25000,63600
4713,2007-08-14,9.04000,9.17000,8.62000,8.85000,50400
4714,2007-08-13,9.65000,9.94000,9.34000,9.39000,33700
4715,2007-08-10,9.79000,9.81000,9.37000,9.49000,21800
4716,2007-08-09,10.23000,10.26000,9.86000,10.10000,19600
4717,2007-08-08,10.23000,10.34000,10.22000,10.22000,4400
4718,2007-08-07,10.28000,10.35000,10.28000,10.29000,1600
4719,2007-08-06,10.26000,10.39000,10.07000,10.36000,7100
4720,2007-08-03,10.20000,10.38000,10.20000,10.35000,1500
4721,2007-08-02,10.40000,10.40000,10.02000,10.17000,3400
4722,2007-08-01,10.39000,10.47000,10.04000,10.24000,6800
4723,2007-07-31,10.30000,10.55000,10.17000,10.35000,7700
4724,2007-07-30,10.10000,10.15000,9.94000,10.15000,9300
4725,2007-07-27,10.40000,10.40000,9.95000,10.02000,10900
4726,2007-07-26,10.59000,10.59000,10.05000,10.17000,22100
4727,2007-07-25,10.32000,10.64000,10.19000,10.64000,14800
4728,2007-07-24,10.45000,10.49000,10.35000,10.36000,5700
4729,2007-07-23,10.67000,10.67000,10.41000,10.41000,14100
4730,2007-07-20,10.50000,10.70000,10.50000,10.65000,8800
4731,2007-07-19,10.79000,10.92000,10.65000,10.65000,11300
4732,2007-07-18,11.08000,11.08000,10.78000,10.79000,4000
4733,2007-07-17,10.71000,11.11000,10.65000,10.99000,25200
4734,2007-07-16,10.66000,10.93000,10.41000,10.80000,18700
4735,2007-07-13,10.74000,10.90000,10.64000,10.70000,21800
4736,2007-07-12,10.98000,11.16000,10.76000,10.84000,19000
4737,2007-07-11,10.86000,11.13000,10.82000,10.82000,10100
4738,2007-07-10,10.83000,11.17000,10.83000,10.91000,17200
4739,2007-07-09,11.05000,11.19000,11.03000,11.19000,7000
4740,2007-07-06,11.20000,11.21000,11.01000,11.21000,6600
4741,2007-07-05,10.96000,11.22000,10.91000,11.06000,4800
4742,2007-07-03,11.20000,11.20000,11.04000,11.05000,3300
4743,2007-07-02,11.19000,11.20000,10.91000,11.19000,5200
4744,2007-06-29,11.10000,11.10000,10.96000,11.10000,10000
